OMS_GEOET11/data/Meledrio/6/DEM_6.asc
ncols        466
nrows        396
xllcorner    620182.000000000000
yllcorner    5119528.000000000000
cellsize     30.000000000000
NODATA_value  -9999
[rows 132 to 153 of 396, columns 96 to 143 of 466]
2664.2958984375 2628.916015625 2602.2060546875 2584.72607421875 2549.666015625 2523.865966796875 2504.507080078125 2484.867919921875 2459.30908203125 2441.070068359375 2425.60107421875 2417.422119140625 2407.212890625 2389.48388671875 2362.236083984375 2349.537109375 2338.528076171875 2332.029052734375 2329.050048828125 2326.85107421875 2313.931884765625 2301.722900390625 2294.47412109375 2286.125 2274.156982421875 2263.64794921875 2250.7890625 2233.4599609375 2215.321044921875 2195.73193359375 2176.23291015625 2157.6640625 2139.534912109375 2122.115966796875 2106.47705078125 2092.498046875 2080.64892578125 2067.8701171875 2060.02099609375 2052.201904296875 2042.2530517578125 2034.134033203125 2023.4759521484375 2015.4969482421875 2006.3179931640625 1997.218994140625 1988.8199462890625 1980.4310302734375
2638.45703125 2642.697021484375 2623.6669921875 2580.35693359375 2558.9970703125 2540.126953125 2505.05810546875 2477.218994140625 2451.090087890625 2433.450927734375 2421.302001953125 2415.532958984375 2398.27392578125 2378.9951171875 2358.95703125 2355.818115234375 2350.76904296875 2345.0400390625 2342.89111328125 2343.501953125 2333.18310546875 2323.52392578125 2317.445068359375 2315.2958984375 2291.576904296875 2279.337890625 2261.35888671875 2242.840087890625 2221.091064453125 2199.592041015625 2178.27294921875 2163.323974609375 2146.9951171875 2129.805908203125 2112.617919921875 2099.569091796875 2088.820068359375 2079.5810546875 2071.4619140625 2061.173095703125 2051.9140625 2040.2349853515625 2030.0660400390625 2019.0670166015625 2009.5980224609375 1999.01904296875 1989.280029296875 1981.220947265625
2611.447998046875 2616.39794921875 2606.51806640625 2580.2080078125 2546.64794921875 2519.47802734375 2494.468017578125 2474.76904296875 2453.179931640625 2432.551025390625 2416.60302734375 2405.02392578125 2394.02490234375 2373.486083984375 2364.47705078125 2361.35791015625 2360.009033203125 2356.830078125 2360.720947265625 2366.221923828125 2355.282958984375 2344.73388671875 2346.735107421875 2325.447021484375 2308.718017578125 2292.80908203125 2279.050048828125 2268.591064453125 2244.501953125 2215.43310546875 2191.97412109375 2173.155029296875 2153.845947265625 2134.826904296875 2121.347900390625 2110.868896484375 2101.050048828125 2090.9208984375 2081.261962890625 2069.5029296875 2056.174072265625 2044.405029296875 2032.9560546875 2021.45703125 2010.177978515625 1998.968994140625 1989.1800537109375 1979.821044921875
2591.5380859375 2598.837890625 2591.8779296875 2564.597900390625 2537.157958984375 2508.488037109375 2487.30908203125 2470.639892578125 2452.5810546875 2430.922119140625 2412.23291015625 2406.513916015625 2398.8349609375 2379.256103515625 2373.177978515625 2374.428955078125 2372.159912109375 2372.87109375 2377.281982421875 2391.212890625 2376.18408203125 2368.97509765625 2359.2060546875 2338.596923828125 2326.238037109375 2317.4990234375 2302.1201171875 2284.111083984375 2252.052001953125 2224.173095703125 2206.52392578125 2177.675048828125 2159.756103515625 2147.697021484375 2135.577880859375 2124.76904296875 2113.889892578125 2102.10107421875 2088.761962890625 2074.903076171875 2059.513916015625 2044.2860107421875 2037.2869873046875 2026.0880126953125 2013.1390380859375 2001.9200439453125 1989.9110107421875 1977.81201171875
2583.158935546875 2587.76904296875 2568.618896484375 2550.84912109375 2530.05908203125 2499.85888671875 2478.179931640625 2461.281005859375 2445.02197265625 2429.04296875 2421.52392578125 2417.965087890625 2417.325927734375 2394.376953125 2387.887939453125 2391.0390625 2386.840087890625 2384.4208984375 2392.58203125 2408.18310546875 2397.614013671875 2391.406005859375 2369.866943359375 2358.528076171875 2349.589111328125 2339.6201171875 2320.0009765625 2294.031982421875 2268.153076171875 2244.083984375 2227.044921875 2193.666015625 2177.136962890625 2164.0380859375 2149.989013671875 2137.3798828125 2124.990966796875 2113.221923828125 2099.31298828125 2084.00390625 2067.18505859375 2056.14599609375 2048.43701171875 2035.5579833984375 2021.8690185546875 2007.5899658203125 1993.4210205078125 1979.6519775390625
2587.860107421875 2592.43994140625 2572.080078125 2550.02001953125 2514.10009765625 2493.800048828125 2474.070068359375 2456.65087890625 2441.132080078125 2428.77294921875 2422.114990234375 2420.115966796875 2414.967041015625 2406.177978515625 2403.029052734375 2399.239990234375 2396.031005859375 2399.31201171875 2405.452880859375 2425.39404296875 2419.635009765625 2406.01611328125 2388.9970703125 2381.80810546875 2381.218994140625 2360.669921875 2349.19091796875 2329.261962890625 2302.262939453125 2272.60400390625 2247.794921875 2211.3759765625 2194.406982421875 2177.177978515625 2162.208984375 2150.429931640625 2139.410888671875 2126.56201171875 2113.962890625 2099.9140625 2085.385009765625 2072.156005859375 2060.116943359375 2044.5479736328125 2031.968994140625 2014.9300537109375 1999.27099609375 1987.572021484375
2570.4208984375 2589.8310546875 2577.821044921875 2551.14111328125 2510.240966796875 2488.740966796875 2470.94091796875 2455.02197265625 2442.782958984375 2426.6640625 2417.695068359375 2415.166015625 2421.467041015625 2415.3779296875 2413.02001953125 2409.90087890625 2409.552001953125 2417.68310546875 2428.364013671875 2444.034912109375 2443.0859375 2422.287109375 2411.80810546875 2408.18896484375 2403.7099609375 2385.35107421875 2372.27197265625 2348.093017578125 2312.06396484375 2277.445068359375 2251.1259765625 2225.007080078125 2207.16796875 2188.739013671875 2174.31005859375 2166.291015625 2155.362060546875 2143.79296875 2134.114013671875 2122.844970703125 2109.27587890625 2087.14697265625 2075.968017578125 2060.85888671875 2045.449951171875 2029.52099609375 2014.9720458984375 2003.343017578125
2551.281005859375 2567.6708984375 2578.7109375 2556.131103515625 2523.9208984375 2490.90087890625 2473.06201171875 2457.373046875 2440.98388671875 2424.97509765625 2417.986083984375 2424.697021484375 2424.177978515625 2425.638916015625 2419.77001953125 2420.740966796875 2426.412109375 2436.863037109375 2449.60400390625 2472.324951171875 2461.02587890625 2442.797119140625 2434.318115234375 2433.739013671875 2423.7900390625 2407.27099609375 2390.1220703125 2362.552978515625 2320.7041015625 2305.094970703125 2271.075927734375 2241.95703125 2219.30810546875 2200.5791015625 2191.699951171875 2185.14111328125 2174.06201171875 2166.443115234375 2163.263916015625 2146.455078125 2125.615966796875 2104.177001953125 2097.197998046875 2082.208984375 2070.159912109375 2053.98095703125 2033.842041015625 2017.3330078125
2536.89208984375 2545.402099609375 2561.662109375 2567.39208984375 2543.362060546875 2505.471923828125 2486.883056640625 2461.462890625 2443.083984375 2429.27490234375 2424.635986328125 2432.636962890625 2437.8779296875 2439.198974609375 2432.740966796875 2439.431884765625 2448.10302734375 2455.364013671875 2468.175048828125 2487.406005859375 2482.237060546875 2465.0380859375 2461.09912109375 2461.679931640625 2452.791015625 2426.672119140625 2390.712890625 2361.81396484375 2346.465087890625 2311.24609375 2279.45703125 2266.048095703125 2232.26806640625 2218.8291015625 2213.89990234375 2204.291015625 2197.721923828125 2191.93310546875 2182.31396484375 2169.31494140625 2149.0859375 2127.217041015625 2124.947998046875 2106.37890625 2091.5 2068.541015625 2045.491943359375 2032.60302734375
2532.472900390625 2540.18310546875 2539.1630859375 2549.443115234375 2546.212890625 2518.262939453125 2508.222900390625 2471.39404296875 2455.175048828125 2442.345947265625 2437.787109375 2438.68798828125 2444.569091796875 2438.840087890625 2452.200927734375 2460.44189453125 2469.64306640625 2482.323974609375 2489.074951171875 2506.656005859375 2504.447021484375 2489.76806640625 2486.759033203125 2476.110107421875 2452.180908203125 2433.4619140625 2410.903076171875 2397.073974609375 2371.824951171875 2327.305908203125 2294.95703125 2264.60791015625 2252.93896484375 2248.030029296875 2235.031005859375 2232.06201171875 2229.702880859375 2218.43408203125 2211.385009765625 2187.966064453125 2160.45703125 2154.43798828125 2154.9189453125 2135.070068359375 2106.31103515625 2084.501953125 2061.302001953125 2049.012939453125
2526.60302734375 2534.52294921875 2536.153076171875 2532.153076171875 2532.52294921875 2532.653076171875 2527.464111328125 2493.675048828125 2470.595947265625 2463.737060546875 2453.80810546875 2448.55908203125 2452.719970703125 2453.361083984375 2470.412109375 2481.68310546875 2492.52392578125 2505.56494140625 2517.2060546875 2526.7470703125 2530.68798828125 2518.549072265625 2515.169921875 2495.90087890625 2472.89208984375 2457.31298828125 2429.25390625 2404.514892578125 2375.666015625 2345.697021484375 2308.39697265625 2277.248046875 2287.47900390625 2275.110107421875 2260.631103515625 2258.422119140625 2267.552978515625 2249.513916015625 2227.514892578125 2212.0458984375 2184.43701171875 2178.9580078125 2168.529052734375 2151.419921875 2122.220947265625 2100.77197265625 2076.633056640625 2059.50390625
2527.424072265625 2528.47412109375 2527.10400390625 2526.1640625 2522.573974609375 2517.904052734375 2511.235107421875 2500.736083984375 2487.787109375 2478.6669921875 2463.657958984375 2461.198974609375 2457.919921875 2465.8310546875 2490.653076171875 2504.093994140625 2513.27490234375 2525.006103515625 2539.77587890625 2548.93701171875 2548.387939453125 2540.638916015625 2527.510009765625 2507.321044921875 2480.44189453125 2454.2529296875 2423.654052734375 2393.554931640625 2368.0458984375 2337.386962890625 2309.76806640625 2311.7890625 2319.9599609375 2303.4609375 2294.3720703125 2286.1630859375 2289.583984375 2263.574951171875 2240.31591796875 2231.385986328125 2205.487060546875 2206.587890625 2185.489013671875 2156.52001953125 2125.60107421875 2112.632080078125 2096.032958984375 2078.033935546875
2524.5849609375 2525.344970703125 2524.014892578125 2521.114990234375 2516.235107421875 2512.3349609375 2505.22509765625 2496.5458984375 2491.45703125 2484.867919921875 2476.35888671875 2469.2099609375 2463.760986328125 2479.822021484375 2505.722900390625 2521.6240234375 2531.905029296875 2542.85595703125 2551.677001953125 2556.927978515625 2562.509033203125 2546.9599609375 2530.301025390625 2509.931884765625 2488.193115234375 2465.31396484375 2433.52490234375 2399.716064453125 2368.6669921875 2346.467041015625 2346.697998046875 2333.279052734375 2351.2099609375 2332.56103515625 2327.802001953125 2314.883056640625 2289.694091796875 2272.304931640625 2265.7060546875 2251.297119140625 2235.89794921875 2212.779052734375 2181.580078125 2163.450927734375 2152.02197265625 2136.092041015625 2115.052978515625 2097.033935546875
2521.216064453125 2518.39599609375 2517.446044921875 2516.02587890625 2513.595947265625 2510.166015625 2504.966064453125 2501.826904296875 2492.93798828125 2484.799072265625 2471.60009765625 2469.180908203125 2478.172119140625 2493.452880859375 2518.444091796875 2532.925048828125 2538.055908203125 2543.596923828125 2554.258056640625 2559.30908203125 2555.6201171875 2543.47998046875 2522.881103515625 2497.14208984375 2474.962890625 2454.9541015625 2426.8349609375 2397.7060546875 2377.507080078125 2380.488037109375 2370.319091796875 2356.340087890625 2374.60107421875 2360.781982421875 2339.343017578125 2326.033935546875 2302.553955078125 2298.864990234375 2284.06591796875 2270.806884765625 2245.60791015625 2215.0791015625 2199.419921875 2196.131103515625 2177.931884765625 2151.5029296875 2135.2939453125 2123.405029296875
2530.06591796875 2523.466064453125 2516.7060546875 2515.135986328125 2513.8759765625 2511.865966796875 2507.096923828125 2500.248046875 2493.12890625 2484.908935546875 2478.43994140625 2485.430908203125 2493.612060546875 2510.093017578125 2531.553955078125 2539.10498046875 2540.56591796875 2545.31689453125 2547.18798828125 2548.59912109375 2545.02001953125 2540.3310546875 2534.552001953125 2508.35302734375 2474.75390625 2449.72509765625 2428.89599609375 2415.43701171875 2406.987060546875 2410.60791015625 2383.589111328125 2382.110107421875 2383.27099609375 2371.64208984375 2358.873046875 2336.243896484375 2330.1650390625 2319.99609375 2302.1669921875 2270.738037109375 2256.569091796875 2231.259033203125 2234.219970703125 2227.091064453125 2209.402099609375 2176.60302734375 2153.404052734375 2123.235107421875
2547.987060546875 2536.987060546875 2525.237060546875 2522.18701171875 2520.70703125 2520.677001953125 2515.797119140625 2506.327880859375 2497.60888671875 2491.489990234375 2499.19091796875 2508.2919921875 2519.64306640625 2529.573974609375 2542.06494140625 2539.966064453125 2532.60693359375 2528.97802734375 2529.7490234375 2530.8798828125 2528.740966796875 2522.412109375 2519.201904296875 2510.492919921875 2487.884033203125 2466.794921875 2455.76611328125 2441.616943359375 2442.39794921875 2421.97900390625 2409.2099609375 2411.700927734375 2402.281982421875 2386.31298828125 2371.242919921875 2361.444091796875 2351.945068359375 2335.845947265625 2317.427001953125 2286.587890625 2272.118896484375 2258.820068359375 2259.791015625 2252.511962890625 2226.373046875 2183.343017578125 2159.864013671875 2150.5849609375
2567.68798828125 2550.407958984375 2541.367919921875 2537.048095703125 2533.298095703125 2533.697998046875 2528.988037109375 2525.4189453125 2516.199951171875 2515.240966796875 2520.431884765625 2528.403076171875 2546.6640625 2548.1640625 2529.466064453125 2517.007080078125 2505.508056640625 2502.3779296875 2505.55908203125 2509.830078125 2508.801025390625 2503.2119140625 2499.492919921875 2499.053955078125 2502.864990234375 2490.85595703125 2478.737060546875 2463.337890625 2458.778076171875 2443.09912109375 2432.840087890625 2433.700927734375 2415.98193359375 2400.883056640625 2389.6640625 2385.655029296875 2368.736083984375 2347.826904296875 2323.01708984375 2304.758056640625 2288.708984375 2282.18994140625 2278.071044921875 2256.2919921875 2227.873046875 2190.093994140625 2186.5048828125 2180.615966796875
2597.66796875 2581.137939453125 2565.137939453125 2563.97802734375 2557.988037109375 2554.968017578125 2553.5390625 2548.97998046875 2541.9609375 2541.160888671875 2533.39208984375 2533.552978515625 2534.533935546875 2532.114990234375 2503.416015625 2491.306884765625 2482.10791015625 2479.489013671875 2483.75 2488.94091796875 2487.741943359375 2481.673095703125 2478.783935546875 2480.9541015625 2489.405029296875 2503.966064453125 2505.777099609375 2490.55810546875 2480.0791015625 2465.14990234375 2460.930908203125 2449.652099609375 2432.492919921875 2420.64306640625 2410.98388671875 2396.60498046875 2378.31591796875 2358.22705078125 2342.7080078125 2319.93896484375 2315.18994140625 2298.740966796875 2273.73095703125 2247.912109375 2231.60302734375 2222.694091796875 2217.195068359375 2205.756103515625
2620.12890625 2601.029052734375 2589.868896484375 2576.39892578125 2572.35888671875 2568.739013671875 2563.908935546875 2550.919921875 2537.220947265625 2522.132080078125 2512.673095703125 2511.1640625 2511.6650390625 2509.60595703125 2486.787109375 2474.677978515625 2465.489013671875 2461.72998046875 2464.591064453125 2469.660888671875 2469.721923828125 2461.133056640625 2459.073974609375 2463.905029296875 2473.656005859375 2489.0869140625 2503.637939453125 2515.759033203125 2518.14892578125 2492.1298828125 2492.551025390625 2468.552001953125 2453.702880859375 2441.944091796875 2428.47509765625 2408.676025390625 2390.035888671875 2375.556884765625 2354.068115234375 2350.049072265625 2334.8798828125 2306.0009765625 2282.261962890625 2264.04296875 2254.6240234375 2245.033935546875 2230.9951171875 2211.93603515625
2605.699951171875 2592.050048828125 2574.300048828125 2558.010009765625 2555.280029296875 2545.919921875 2544.320068359375 2528.90087890625 2513.85205078125 2500.29296875 2489.924072265625 2485.22509765625 2484.5849609375 2482.135986328125 2467.91796875 2457.80810546875 2450.68896484375 2446.8701171875 2443.81103515625 2451.112060546875 2447.89306640625 2440.114013671875 2439.4150390625 2446.81494140625 2458.075927734375 2473.81689453125 2488.177978515625 2500.93896484375 2509.889892578125 2506.781005859375 2489.83203125 2474.193115234375 2459.02294921875 2445.364013671875 2430.324951171875 2416.31591796875 2400.806884765625 2386.637939453125 2375.049072265625 2367.60009765625 2347.4599609375 2321.7509765625 2303.7919921875 2289.843017578125 2275.743896484375 2267.60498046875 2248.02587890625 2225.256103515625
2586.3310546875 2565.740966796875 2556.77099609375 2535.541015625 2531.77099609375 2519.041015625 2517.56103515625 2505.251953125 2490.903076171875 2479.762939453125 2469.5439453125 2463.985107421875 2463.716064453125 2461.537109375 2451.087890625 2440.85888671875 2433 2426.740966796875 2426.56201171875 2430.64306640625 2426.322998046875 2421.50390625 2421.764892578125 2429.416015625 2443.156982421875 2457.41796875 2472.5791015625 2485.669921875 2494.830078125 2490.660888671875 2473.1220703125 2458.593017578125 2445.9541015625 2433.10498046875 2419.406005859375 2405.47607421875 2392.927001953125 2381.988037109375 2379.458984375 2375.93994140625 2362.12109375 2340.471923828125 2325.31201171875 2310.222900390625 2296.48388671875 2289.22509765625 2264.035888671875 2241.846923828125
2571.52099609375 2549.111083984375 2531.450927734375 2514.611083984375 2503.970947265625 2497.591064453125 2493.64208984375 2486.902099609375 2474.60302734375 2462.404052734375 2451.68505859375 2444.60595703125 2443.737060546875 2442.7880859375 2438.948974609375 2428.47998046875 2416.69091796875 2408.5009765625 2406.572021484375 2410.722900390625 2410.464111328125 2404.925048828125 2404.47607421875 2414.576904296875 2427.987060546875 2441.738037109375 2457.26904296875 2471.639892578125 2480.930908203125 2472.112060546875 2455.0830078125 2442.23291015625 2430.64404296875 2417.844970703125 2405.0458984375 2389.8369140625 2379.14794921875 2372.368896484375 2366.68896484375 2366.590087890625 2359.791015625 2354.33203125 2347.822998046875 2335.43408203125 2316.705078125 2303.864990234375 2277.31591796875 2268.2470703125
