OMS_GEOET11/data/Meledrio/6/DEM_6.asc
ncols        466
nrows        396
xllcorner    620182.000000000000
yllcorner    5119528.000000000000
cellsize     30.000000000000
NODATA_value  -9999
[rows 286 to 307 of 396, columns 240 to 287 of 466]
2225.7900390625 2206.801025390625 2188.85205078125 2170.672119140625 2156.14306640625 2141.43408203125 2135.18408203125 2145.6650390625 2144.256103515625 2125.785888671875 2107.22705078125 2073.748046875 2023.3079833984375 1994.4090576171875 1973.219970703125 1961.9200439453125 1965.3709716796875 1966.031982421875 1972.822021484375 1974.6629638671875 1981.10400390625 1983.7039794921875 1988.35498046875 1989.8759765625 1994.217041015625 2008.47705078125 2017.5279541015625 2027.0789794921875 2035.6190185546875 2045.969970703125 2049.06103515625 2052.64111328125 2054.322021484375 2057.552978515625 2060.943115234375 2067.64404296875 2073.27490234375 2078.93603515625 2084.7080078125 2114.1689453125 2152.5400390625 2207.552001953125 2222.012939453125 2236.02392578125 2253.364990234375 2270.257080078125 2285.718017578125 2296.529052734375
2238.10009765625 2215.48095703125 2193.321044921875 2176.56201171875 2162.373046875 2151.29296875 2158.52392578125 2160.385009765625 2154.6650390625 2133.785888671875 2118.97705078125 2095.616943359375 2048.577880859375 1998.0789794921875 1980.678955078125 1972.1500244140625 1972.1209716796875 1977.3809814453125 1980.6219482421875 1986.1429443359375 1990.31298828125 1993.7939453125 1996.10498046875 1997.344970703125 1997.7060546875 2005.5369873046875 2024.366943359375 2037.3680419921875 2048.739013671875 2056.458984375 2069.860107421875 2071.240966796875 2073.321044921875 2075.431884765625 2076.673095703125 2079.81298828125 2086.205078125 2092.1259765625 2094.51708984375 2133.5380859375 2166.969970703125 2211.950927734375 2224.971923828125 2242.31396484375 2265.344970703125 2280.906005859375 2292.117919921875 2303.888916015625
2245.1298828125 2226.4599609375 2213.98095703125 2193.501953125 2171.39208984375 2164.133056640625 2176.14404296875 2175.9541015625 2160.4951171875 2145.06591796875 2132.56591796875 2109.866943359375 2076.657958984375 2023.1280517578125 1996.0489501953125 1987.93994140625 1978.06005859375 1986.1710205078125 1991.761962890625 1995.9219970703125 2002.113037109375 2006.7540283203125 2008.56396484375 2009.4449462890625 2007.7060546875 2009.406005859375 2017.1669921875 2033.0679931640625 2051.677978515625 2069.339111328125 2081.5400390625 2091.719970703125 2092.631103515625 2093.201904296875 2095.23193359375 2095.212890625 2100.783935546875 2106.844970703125 2107.9970703125 2152.4580078125 2173.35888671875 2209.091064453125 2229.922119140625 2246.79296875 2266.75390625 2285.43603515625 2297.386962890625 2309.867919921875
2255.719970703125 2238.81005859375 2229.700927734375 2215.801025390625 2199.221923828125 2179.673095703125 2196.873046875 2192.444091796875 2173.175048828125 2155.074951171875 2142.47607421875 2122.537109375 2087.096923828125 2036.2679443359375 2012.0689697265625 2001.3990478515625 1989.52001953125 1994.990966796875 1999.8310546875 2007.1719970703125 2014.5830078125 2016.9830322265625 2022.0240478515625 2018.405029296875 2023.425048828125 2022.8360595703125 2021.136962890625 2029.39697265625 2046.718017578125 2067.509033203125 2087.339111328125 2101.889892578125 2112.43994140625 2112.430908203125 2114.33203125 2114.422119140625 2113.1630859375 2119.735107421875 2122.6259765625 2163.626953125 2183.218994140625 2208.2900390625 2234.490966796875 2250.7529296875 2265.2041015625 2284.594970703125 2298.1669921875 2310.51806640625
2263.928955078125 2249.68994140625 2243.2509765625 2228.861083984375 2214.6220703125 2199.64306640625 2216.2529296875 2209.674072265625 2181.695068359375 2170.47509765625 2153.946044921875 2136.5859375 2102.5869140625 2055.30810546875 2027.1080322265625 2022.68896484375 2005.510009765625 2002.3699951171875 2010.4010009765625 2016.6820068359375 2024.3919677734375 2028.7030029296875 2037.4840087890625 2032.053955078125 2032.844970703125 2035.39501953125 2039.095947265625 2034.8170166015625 2048.01708984375 2068.298095703125 2091.37890625 2105.4189453125 2120.2900390625 2133.071044921875 2134.091064453125 2132.882080078125 2131.423095703125 2130.444091796875 2139.416015625 2162.297119140625 2183.7080078125 2199.659912109375 2226.9609375 2246.402099609375 2261.3740234375 2274.965087890625 2294.5458984375 2310.237060546875
2268.7490234375 2260.0400390625 2252.590087890625 2239.48095703125 2227.201904296875 2219.39208984375 2228.54296875 2209.64404296875 2193.3740234375 2184.625 2169.966064453125 2150.68603515625 2121.797119140625 2071.68701171875 2058.298095703125 2065.7890625 2028.1390380859375 2017.5 2025.4110107421875 2030.9110107421875 2036.7220458984375 2040.10302734375 2046.2230224609375 2046.5240478515625 2044.4439697265625 2045.5550537109375 2050.006103515625 2044.8160400390625 2047.967041015625 2066.778076171875 2088.758056640625 2107.35888671875 2125.949951171875 2141.590087890625 2151.631103515625 2152.541015625 2149.98193359375 2144.904052734375 2147.31494140625 2156.74609375 2189.218017578125 2201.428955078125 2220.929931640625 2242.152099609375 2256.903076171875 2274.06396484375 2289.24609375 2315.136962890625
2281.218994140625 2268.43994140625 2263.239990234375 2252.39111328125 2233.260986328125 2235.10205078125 2236.923095703125 2219.883056640625 2205.22412109375 2197.905029296875 2180.10498046875 2162.27587890625 2132.365966796875 2126.326904296875 2122.218017578125 2112.818115234375 2061.218994140625 2035.77001953125 2032.06005859375 2046.06103515625 2052.5419921875 2050.132080078125 2058.04296875 2061.423095703125 2059.7939453125 2057.804931640625 2058.675048828125 2061.506103515625 2055.4169921875 2065.507080078125 2090.887939453125 2112.568115234375 2121.178955078125 2133.409912109375 2153.6201171875 2170.0009765625 2169.302001953125 2164.822998046875 2158.844970703125 2166.1259765625 2195.677001953125 2209.658935546875 2226.1201171875 2241.56103515625 2261.02294921875 2280.6240234375 2294.655029296875 2319.547119140625
2290.0390625 2277.739013671875 2272.52001953125 2265.930908203125 2251.0009765625 2248.251953125 2245.0419921875 2236.633056640625 2222.583984375 2209.6640625 2192.465087890625 2177.26611328125 2157.095947265625 2144.616943359375 2144.31689453125 2131.89794921875 2097.7890625 2091.12890625 2078.570068359375 2074.591064453125 2070.1708984375 2065.77197265625 2074.092041015625 2071.4130859375 2073.89404296875 2075.343994140625 2072.264892578125 2075.39501953125 2065.256103515625 2067.22705078125 2083.487060546875 2095.80810546875 2109.05908203125 2124.739013671875 2145.659912109375 2168.179931640625 2188.8310546875 2181.193115234375 2172.6240234375 2181.47509765625 2199.89697265625 2213.748046875 2229.55908203125 2249.051025390625 2269.201904296875 2305.77294921875 2323.485107421875 2333.9560546875
2298.548095703125 2288.9189453125 2287.43994140625 2280.3798828125 2267.8310546875 2260.35205078125 2264.761962890625 2254.48291015625 2237.762939453125 2220.013916015625 2203.56494140625 2191.425048828125 2174.60595703125 2163.236083984375 2159.257080078125 2143.177978515625 2135.748046875 2117.049072265625 2103.969970703125 2102.909912109375 2087.89111328125 2083.2109375 2084.672119140625 2083.242919921875 2084.302978515625 2089.2939453125 2089.904052734375 2086.014892578125 2082.676025390625 2077.466064453125 2079.8369140625 2090.70703125 2103.55810546875 2122.6689453125 2142.0390625 2166.2099609375 2192.071044921875 2198.451904296875 2189.9140625 2187.27490234375 2204.77587890625 2221.248046875 2238.388916015625 2254.820068359375 2281.721923828125 2307.262939453125 2351.97412109375 2371.85595703125
2310.137939453125 2303.12890625 2297.12890625 2284.760009765625 2276.551025390625 2272.131103515625 2276.89208984375 2266.943115234375 2249.81298828125 2229.27392578125 2215.6640625 2200.6650390625 2183.97607421875 2173.5859375 2165.277099609375 2156.826904296875 2146.508056640625 2137.4189453125 2122.76904296875 2110.64990234375 2105.10009765625 2101.341064453125 2096.342041015625 2097.951904296875 2098.23291015625 2099.4130859375 2104.89404296875 2102.284912109375 2103.6650390625 2098.916015625 2106.865966796875 2121.116943359375 2123.72802734375 2125.278076171875 2143.708984375 2163.51904296875 2192.909912109375 2211.60205078125 2207.623046875 2200.23388671875 2208.06591796875 2225.626953125 2247.077880859375 2266.010009765625 2294.301025390625 2334.81201171875 2368.553955078125 2391.375
2325.66796875 2315.76904296875 2301.618896484375 2282.39990234375 2283.169921875 2281.361083984375 2288.552001953125 2271.14208984375 2257.702880859375 2236.702880859375 2223.634033203125 2215.955078125 2203.3349609375 2187.166015625 2174.385986328125 2174.156982421875 2165.327880859375 2154.157958984375 2143.009033203125 2134.7890625 2136.8798828125 2121.950927734375 2114.7509765625 2124.531982421875 2114.072021484375 2113.123046875 2116.493896484375 2117.763916015625 2118.304931640625 2126.485107421875 2138.756103515625 2139.616943359375 2141.326904296875 2134.758056640625 2147.407958984375 2170.138916015625 2192.31005859375 2210.31103515625 2224.782958984375 2213.053955078125 2220.195068359375 2233.3369140625 2252.4580078125 2274.138916015625 2301.551025390625 2346.431884765625 2371.863037109375 2395.22509765625
2334.407958984375 2320.988037109375 2304.279052734375 2298.489990234375 2294.179931640625 2288.631103515625 2286.90087890625 2278.2119140625 2270.863037109375 2249.48291015625 2239.1240234375 2227.43408203125 2217.695068359375 2206.055908203125 2194.426025390625 2185.886962890625 2182.35693359375 2172.468017578125 2157.16796875 2153.299072265625 2154.860107421875 2150.5 2134.89111328125 2147.551025390625 2135.011962890625 2128.9130859375 2128.992919921875 2145.1240234375 2151.89404296875 2151.0048828125 2162.824951171875 2160.2060546875 2159.01708984375 2147.096923828125 2154.508056640625 2177.488037109375 2190.51904296875 2201.950927734375 2223.031982421875 2229.202880859375 2230.094970703125 2242.166015625 2256.306884765625 2276.428955078125 2297.25 2323.35107421875 2361.492919921875 2389.52392578125
2344.387939453125 2326.7880859375 2305.928955078125 2310.448974609375 2303.72998046875 2293.950927734375 2292.291015625 2290.69189453125 2278.842041015625 2264.18310546875 2254.613037109375 2236.864013671875 2225.7548828125 2222.945068359375 2208.72607421875 2201.805908203125 2197.70703125 2189.9580078125 2177.117919921875 2173.97900390625 2173.009033203125 2168.139892578125 2165.070068359375 2169.450927734375 2149.44189453125 2146.781982421875 2176.153076171875 2173.552978515625 2172.263916015625 2172.2041015625 2179.77490234375 2181.666015625 2171.035888671875 2162.81689453125 2158.20703125 2176.238037109375 2191.529052734375 2201.25 2218.010986328125 2242.193115234375 2240.7939453125 2251.49609375 2264.6669921875 2279.748046875 2296.360107421875 2312.341064453125 2350.822021484375 2385.993896484375
2342.68701171875 2327.7880859375 2308.62890625 2318.7890625 2308.0400390625 2300.469970703125 2298.98095703125 2292.910888671875 2283.552001953125 2278.843017578125 2265.193115234375 2253.9541015625 2244.864013671875 2236.804931640625 2224.52490234375 2218.345947265625 2211.806884765625 2204.626953125 2191.988037109375 2193.548095703125 2192.01904296875 2182.779052734375 2184.35009765625 2186.490966796875 2166.7509765625 2164.511962890625 2194.431884765625 2195.633056640625 2189.06298828125 2189.904052734375 2192.875 2199.514892578125 2187.8759765625 2179.595947265625 2175.177001953125 2175.677001953125 2196.80810546875 2205.419921875 2217.341064453125 2239.2119140625 2250.10400390625 2257.445068359375 2271.926025390625 2287.367919921875 2305.448974609375 2321.781005859375 2341.662109375 2375.123046875
2333.717041015625 2325.30810546875 2321.568115234375 2326.51904296875 2317.87890625 2309.93994140625 2301.631103515625 2295.39111328125 2288.85205078125 2286.511962890625 2281.48291015625 2275.343017578125 2262.843994140625 2248.125 2243.574951171875 2234.426025390625 2225.055908203125 2217.45703125 2202.39697265625 2214.55810546875 2205.62890625 2199.22900390625 2197.2900390625 2200.7900390625 2192.94091796875 2202.470947265625 2211.56201171875 2215.882080078125 2203.693115234375 2207.134033203125 2207.72412109375 2210.215087890625 2206.3349609375 2195.676025390625 2194.736083984375 2186.427001953125 2193.617919921875 2212.84912109375 2220.800048828125 2238.412109375 2262.843017578125 2265.64501953125 2277.93603515625 2293.576904296875 2310.218994140625 2328.510009765625 2345.740966796875 2363.452880859375
2321.568115234375 2321.568115234375 2321.568115234375 2339.76904296875 2330.7490234375 2314.10009765625 2303.010009765625 2298.631103515625 2295.5009765625 2295.77197265625 2295.60302734375 2285.722900390625 2278.27392578125 2263.93408203125 2254.044921875 2244.7548828125 2238.906005859375 2228.446044921875 2219.697021484375 2230.64794921875 2222.327880859375 2217.698974609375 2213.4990234375 2217.7099609375 2212.1298828125 2219.341064453125 2221.531005859375 2228.56201171875 2220.972900390625 2224.072998046875 2223.68408203125 2222.993896484375 2220.93505859375 2213.965087890625 2207.236083984375 2208.51611328125 2203.876953125 2217.759033203125 2227.35009765625 2240.291015625 2263.532958984375 2277.68408203125 2285.304931640625 2298.60693359375 2313.327880859375 2330.25 2347.490966796875 2364.35205078125
2321.568115234375 2321.568115234375 2321.568115234375 2337.028076171875 2331.43896484375 2319.300048828125 2306.139892578125 2302.341064453125 2301.90087890625 2303.7919921875 2306.58203125 2297.123046875 2286.93310546875 2283.864013671875 2276.093994140625 2258.054931640625 2253.8359375 2243.5859375 2237.22705078125 2246.487060546875 2240.10791015625 2231.718017578125 2225.7490234375 2232.928955078125 2226.699951171875 2228.85009765625 2233.821044921875 2234.951904296875 2236.60205078125 2240.633056640625 2239.403076171875 2236.52392578125 2235.134033203125 2229.5849609375 2224.784912109375 2224.095947265625 2218.697021484375 2230.548095703125 2234.8291015625 2245.4208984375 2266.251953125 2288.9541015625 2297.715087890625 2308.256103515625 2321.447998046875 2334.718994140625 2343.530029296875 2359.552001953125
2321.568115234375 2321.568115234375 2321.568115234375 2335.218017578125 2330.819091796875 2322.118896484375 2310.070068359375 2308.31005859375 2310.81103515625 2314.12109375 2314.112060546875 2305.153076171875 2295.572998046875 2292.72412109375 2288.6240234375 2276.31494140625 2265.715087890625 2256.196044921875 2252.416015625 2261.56689453125 2258.297119140625 2245.837890625 2237.7080078125 2244.299072265625 2240.070068359375 2243.9599609375 2249.660888671875 2247.260986328125 2247.152099609375 2259.7919921875 2260.212890625 2251.29296875 2251.843994140625 2244.093994140625 2245.925048828125 2238.39501953125 2230.18603515625 2235.077880859375 2243.279052734375 2254.489990234375 2271.19189453125 2300.89306640625 2310.4140625 2322.635986328125 2336.737060546875 2351.408935546875 2361.969970703125 2372.240966796875
2321.568115234375 2321.568115234375 2322.967041015625 2329.498046875 2329.319091796875 2322.26904296875 2315.43994140625 2316.2900390625 2319.4208984375 2333.89111328125 2328.471923828125 2310.35205078125 2307.512939453125 2303.552978515625 2296.924072265625 2288.9541015625 2272.094970703125 2269.885009765625 2266.345947265625 2277.006103515625 2271.547119140625 2259.66796875 2246.55810546875 2252.72900390625 2256.299072265625 2266.010009765625 2269.820068359375 2258.660888671875 2260.200927734375 2279.39208984375 2276.2919921875 2270.472900390625 2265.052978515625 2264.77392578125 2260.243896484375 2251.5849609375 2239.31591796875 2246.846923828125 2253.5380859375 2265.719970703125 2279.740966796875 2308.492919921875 2322.614013671875 2336.574951171875 2349.9169921875 2363.837890625 2378.18896484375 2390.841064453125
2321.568115234375 2323.68701171875 2332.116943359375 2331.137939453125 2326.157958984375 2321.138916015625 2320.958984375 2323.419921875 2330.56005859375 2343.510986328125 2336.60107421875 2323.031982421875 2318.751953125 2320.923095703125 2309.60400390625 2298.283935546875 2284.43505859375 2283.0849609375 2282.156005859375 2290.3759765625 2283.56689453125 2270.68701171875 2257.4580078125 2260.758056640625 2269.0390625 2282.1689453125 2285.330078125 2278.679931640625 2271.910888671875 2283.281005859375 2285.44189453125 2289.19189453125 2281.10302734375 2279.262939453125 2276.06396484375 2264.2939453125 2248.054931640625 2258.18603515625 2262.068115234375 2275.39892578125 2291.551025390625 2316.662109375 2335.693115234375 2346.695068359375 2360.805908203125 2377.028076171875 2393.84912109375 2407.840087890625
2345.075927734375 2346.47705078125 2345.547119140625 2337.41796875 2330.907958984375 2324.589111328125 2322.55908203125 2331.5400390625 2336.3701171875 2354.591064453125 2353.73095703125 2350.882080078125 2339.662109375 2335.14306640625 2326.052978515625 2309.4140625 2299.68408203125 2299.2451171875 2296.044921875 2301.966064453125 2295.9560546875 2279.906982421875 2268.35693359375 2269.93798828125 2282.51806640625 2294.68896484375 2298.009033203125 2294.889892578125 2286 2286.98095703125 2290.14111328125 2296.9619140625 2298.10205078125 2294.23291015625 2285.653076171875 2273.823974609375 2257.824951171875 2261.0458984375 2268.1669921875 2281.26904296875 2301.719970703125 2313.152099609375 2337.012939453125 2357.68408203125 2370.74609375 2387.876953125 2405.958984375 2424.070068359375
2371.216064453125 2371.74609375 2370.787109375 2359.547119140625 2359.7080078125 2338.087890625 2331.049072265625 2340.60888671875 2348.330078125 2351.760009765625 2362.60107421875 2360.44091796875 2358.27197265625 2349.431884765625 2331.85302734375 2321.532958984375 2314.964111328125 2313.14404296875 2312.364990234375 2315.27490234375 2305.595947265625 2288.365966796875 2280.97705078125 2284.386962890625 2298.43798828125 2311.867919921875 2313.1689453125 2310.87890625 2308.3798828125 2308.5 2307.94091796875 2311.65087890625 2311.181884765625 2305.491943359375 2294.492919921875 2279.68310546875 2269.18408203125 2273.885009765625 2282.177001953125 2295.1279296875 2312.389892578125 2335.37109375 2342.552001953125 2354.053955078125 2380.31494140625 2393.056884765625 2411.818115234375 2432.069091796875
