OMS_GEOET11/data/Meledrio/6/DEM_6.asc
ncols        466
nrows        396
xllcorner    620182.000000000000
yllcorner    5119528.000000000000
cellsize     30.000000000000
NODATA_value  -9999
[rows 154 to 175 of 396, columns 48 to 95 of 466]
2272.658935546875 2266.01904296875 2260.97998046875 2256.889892578125 2254.340087890625 2254.8701171875 2260.56005859375 2263.531005859375 2264.510986328125 2263.10107421875 2267.220947265625 2271.531005859375 2275.903076171875 2274.29296875 2293.202880859375 2302.35302734375 2305.153076171875 2300.623046875 2300.423095703125 2301.653076171875 2306.373046875 2310.702880859375 2320.402099609375 2328.35205078125 2333.94189453125 2345.701904296875 2362.83203125 2382.572021484375 2402.9619140625 2422.912109375 2443.8720703125 2467.342041015625 2495.701904296875 2521.23193359375 2538.44189453125 2536.221923828125 2541.08203125 2555.14208984375 2570.412109375 2581.112060546875 2587.652099609375 2588.092041015625 2580.02197265625 2566.922119140625 2573.14208984375 2582.451904296875 2591.0419921875 2583.2919921875
2269.1298828125 2260.429931640625 2253.590087890625 2250.489990234375 2247.760986328125 2243.90087890625 2251.180908203125 2254.31103515625 2251.381103515625 2253.821044921875 2258.552001953125 2263.402099609375 2262.5830078125 2274.02294921875 2284.873046875 2295.443115234375 2299.10302734375 2295.822998046875 2295.27294921875 2296.39306640625 2299.54296875 2306.9130859375 2314.68310546875 2319.35302734375 2327.81298828125 2340.883056640625 2357.64306640625 2379.423095703125 2399.9130859375 2417.242919921875 2435.673095703125 2459.6630859375 2484.883056640625 2506.962890625 2516.052978515625 2513.322998046875 2524.012939453125 2538.702880859375 2552.153076171875 2559.363037109375 2570.383056640625 2571.14306640625 2558.952880859375 2546.363037109375 2553.123046875 2565.5830078125 2575.89306640625 2576.452880859375
2266.679931640625 2257.4609375 2250.341064453125 2243.970947265625 2241.930908203125 2239.041015625 2244.200927734375 2244.14208984375 2243.2919921875 2246.2119140625 2249.60205078125 2253.69189453125 2253.714111328125 2265.72412109375 2273.263916015625 2287.81396484375 2292.1240234375 2287.50390625 2287.283935546875 2289.864013671875 2291.743896484375 2300.4140625 2307.993896484375 2314.694091796875 2321.0439453125 2334.23388671875 2352.134033203125 2373.783935546875 2395.64404296875 2414.694091796875 2433.803955078125 2451.053955078125 2472.56396484375 2487.134033203125 2491.5439453125 2492.464111328125 2502.864013671875 2515.444091796875 2528.89404296875 2540.583984375 2552.6240234375 2552.583984375 2540.714111328125 2528.81396484375 2536.174072265625 2549.823974609375 2559.25390625 2560.174072265625
2265.801025390625 2254.361083984375 2243.98095703125 2237.52099609375 2236.06201171875 2233.072021484375 2237.842041015625 2234.922119140625 2235.302001953125 2239.322021484375 2240.512939453125 2242.123046875 2247.215087890625 2257.125 2264.175048828125 2280.405029296875 2284.18505859375 2282.43505859375 2279.27490234375 2281.705078125 2283.794921875 2290.175048828125 2297.85498046875 2305.735107421875 2313.044921875 2326.2451171875 2343.405029296875 2363.14501953125 2385.5048828125 2409.554931640625 2427.56494140625 2442.02490234375 2454.794921875 2463.405029296875 2468.22509765625 2474.27490234375 2481.303955078125 2492.43408203125 2507.64404296875 2522.5439453125 2536.9541015625 2535.98388671875 2521.73388671875 2511.843994140625 2517.583984375 2529.72412109375 2540.904052734375 2543.364013671875
2265.58203125 2258.1220703125 2248.362060546875 2236.572021484375 2231.431884765625 2228.882080078125 2227.623046875 2225.10302734375 2225.012939453125 2227.992919921875 2231.68310546875 2233.693115234375 2243.615966796875 2245.615966796875 2257.51611328125 2271.39599609375 2274.3359375 2271.615966796875 2272.406005859375 2274.216064453125 2274.176025390625 2280.446044921875 2287.135009765625 2292.4951171875 2304.294921875 2317.2548828125 2334.614990234375 2358.1650390625 2382.215087890625 2403.544921875 2419.074951171875 2432.72509765625 2443.3349609375 2446.344970703125 2453.864990234375 2456.864990234375 2464.324951171875 2475.715087890625 2491.0849609375 2508.715087890625 2522.514892578125 2516.544921875 2501.9951171875 2493.074951171875 2499.625 2511.885009765625 2523.465087890625 2530.375
2264.39208984375 2257.64208984375 2249.802001953125 2240.222900390625 2230.992919921875 2223.14306640625 2220.623046875 2219.572998046875 2216.222900390625 2218.9541015625 2222.73388671875 2230.1240234375 2237.9560546875 2239.02587890625 2245.52587890625 2259.5458984375 2260.7060546875 2261.885986328125 2258.656005859375 2265.76611328125 2266.99609375 2268.72607421875 2275.89599609375 2283.416015625 2296.555908203125 2305.385986328125 2324.075927734375 2349.075927734375 2374.555908203125 2391.166015625 2403.0859375 2416.35595703125 2428.89599609375 2433.1259765625 2441.696044921875 2445.506103515625 2452.825927734375 2464.3359375 2477.35595703125 2494.325927734375 2503.805908203125 2494.385986328125 2484.285888671875 2477.176025390625 2485.166015625 2497.0458984375 2506.805908203125 2515.93603515625
2262.5830078125 2253.883056640625 2248.3330078125 2242.363037109375 2234.653076171875 2225.722900390625 2215.833984375 2212.81396484375 2210.75390625 2214.493896484375 2216.52392578125 2227.944091796875 2231.76708984375 2233.70703125 2236.346923828125 2250.447021484375 2252.527099609375 2250.51708984375 2244.527099609375 2250.45703125 2254.126953125 2258.376953125 2266.376953125 2274.95703125 2286.876953125 2295.906982421875 2314.806884765625 2338.51708984375 2359.787109375 2376.376953125 2390.97705078125 2407.447021484375 2415.537109375 2424.376953125 2428.9970703125 2433.886962890625 2442.056884765625 2451.697021484375 2465.076904296875 2479.866943359375 2489.556884765625 2477.906982421875 2469.4169921875 2461.636962890625 2469.487060546875 2474.60693359375 2484.095947265625 2496.52587890625
2257.23291015625 2255.98291015625 2246.7041015625 2241.7939453125 2232.93408203125 2224.993896484375 2218.263916015625 2210.2939453125 2206.583984375 2209.06494140625 2211.14501953125 2223.655029296875 2226.988037109375 2230.907958984375 2228.197998046875 2238.337890625 2240.26806640625 2240.998046875 2237.7080078125 2238.4580078125 2241.367919921875 2250.01806640625 2255.5380859375 2264.85791015625 2276.568115234375 2288.347900390625 2305.3779296875 2329.97802734375 2347.1279296875 2364.248046875 2384.55810546875 2395.677978515625 2399.93798828125 2405.277099609375 2408.51708984375 2416.14697265625 2425.886962890625 2438.616943359375 2454.3369140625 2468.70703125 2475.096923828125 2464.0869140625 2453.156982421875 2446.717041015625 2452.14697265625 2457.9169921875 2467.60693359375 2477.406982421875
2257.303955078125 2252.194091796875 2245.18408203125 2243.56396484375 2238.35400390625 2230.6650390625 2220.965087890625 2210.3349609375 2203.5849609375 2203.5048828125 2208.514892578125 2218.034912109375 2222.89892578125 2224.049072265625 2223.01904296875 2231.6689453125 2229.85888671875 2233.428955078125 2230.60888671875 2232.68896484375 2232.1689453125 2238.6279296875 2244.968017578125 2251.827880859375 2264.968017578125 2276.137939453125 2292.998046875 2315.778076171875 2331.93798828125 2354.008056640625 2373.508056640625 2383.468017578125 2385.258056640625 2387.76806640625 2391.01806640625 2400.068115234375 2413.197998046875 2430.248046875 2444.998046875 2459.867919921875 2460.258056640625 2448.077880859375 2437.337890625 2430.847900390625 2438.298095703125 2444.827880859375 2448.26806640625 2455.097900390625
2250.52392578125 2246.384033203125 2244.9150390625 2240.635009765625 2235.385009765625 2231.8349609375 2225.485107421875 2213.425048828125 2203.35595703125 2201.035888671875 2203.0859375 2213.93603515625 2219.178955078125 2218.05908203125 2219.51904296875 2226.759033203125 2224.05908203125 2223.658935546875 2224.208984375 2227.12890625 2224.59912109375 2230.468994140625 2239.368896484375 2244.178955078125 2253.009033203125 2265.658935546875 2282.60888671875 2303.68896484375 2324.428955078125 2349.30908203125 2359.64892578125 2365.368896484375 2368.029052734375 2371.89892578125 2377.368896484375 2388.2490234375 2403.638916015625 2419.208984375 2433.638916015625 2446.7890625 2446.658935546875 2434.259033203125 2423.6689453125 2418.678955078125 2424.12890625 2430.678955078125 2432.5791015625 2439.388916015625
2246.405029296875 2244.405029296875 2239.93505859375 2235.89501953125 2231.85498046875 2228.325927734375 2226.7958984375 2218.906005859375 2204.506103515625 2195.535888671875 2195.236083984375 2208.506103515625 2216.469970703125 2213.56005859375 2216.659912109375 2220.8798828125 2218.81005859375 2216.1298828125 2218.830078125 2218.6298828125 2217.8701171875 2223.550048828125 2232.360107421875 2240.830078125 2249.510009765625 2259.43994140625 2272.139892578125 2291.39990234375 2315.3798828125 2336.14990234375 2345.590087890625 2351.659912109375 2354.4599609375 2358.780029296875 2366.639892578125 2379.330078125 2393.199951171875 2408.6298828125 2424.820068359375 2436.699951171875 2434.340087890625 2420.360107421875 2410.12890625 2405.678955078125 2411.2490234375 2417.759033203125 2421.009033203125 2426.948974609375
2251.425048828125 2244.406005859375 2236.89599609375 2231.825927734375 2228.74609375 2226.31591796875 2225.06591796875 2224.7958984375 2207.4169921875 2196.76708984375 2190.14697265625 2199.89697265625 2212.281005859375 2210.87109375 2211.0810546875 2211.490966796875 2213.660888671875 2211.4208984375 2212.48095703125 2208.051025390625 2210.220947265625 2212.35107421875 2221.180908203125 2229.861083984375 2239.02099609375 2244.611083984375 2258.73095703125 2280.791015625 2300.12109375 2317.740966796875 2331.260986328125 2337.699951171875 2340.6298828125 2346.300048828125 2356.530029296875 2370.719970703125 2385.64990234375 2402.919921875 2420.14990234375 2436.25 2427.659912109375 2410.25 2398.389892578125 2393.110107421875 2401.330078125 2405.4599609375 2406.429931640625 2410.2099609375
2262.31591796875 2259.9560546875 2241.216064453125 2232.406005859375 2228.697021484375 2225.126953125 2222.717041015625 2219.346923828125 2211.136962890625 2198.217041015625 2188.237060546875 2189.468017578125 2201.652099609375 2205.281982421875 2206.592041015625 2207.89208984375 2209.9619140625 2207.501953125 2206.7119140625 2202.94189453125 2203.8720703125 2205.260986328125 2207.841064453125 2219.071044921875 2229.7509765625 2235.760986328125 2250.40087890625 2268.430908203125 2285.220947265625 2304.970947265625 2318.490966796875 2324.0009765625 2329.410888671875 2336.531005859375 2347.260986328125 2363.89111328125 2381.180908203125 2396.881103515625 2412.180908203125 2420.091064453125 2415.801025390625 2400.470947265625 2385.65087890625 2377.64111328125 2386.700927734375 2391.631103515625 2391.881103515625 2396.760986328125
2261.06689453125 2267.596923828125 2257.5869140625 2241.237060546875 2225.547119140625 2223.60693359375 2220.9169921875 2218.616943359375 2207.9580078125 2194.778076171875 2186.298095703125 2181.43798828125 2193.4619140625 2194.94189453125 2202.3720703125 2203.501953125 2206.19189453125 2204.451904296875 2200.092041015625 2198.912109375 2199.251953125 2200.3720703125 2202.001953125 2212.751953125 2219.662109375 2227.89208984375 2239.862060546875 2255.5419921875 2270.3720703125 2289.35205078125 2305.83203125 2311.531982421875 2317.251953125 2327.10205078125 2343.06201171875 2359.1220703125 2374.64208984375 2388.83203125 2403.201904296875 2405.98193359375 2400.5419921875 2388.531982421875 2373.221923828125 2365.721923828125 2372.931884765625 2378.031982421875 2379.44189453125 2386.201904296875
2261.06689453125 2265.9970703125 2260.277099609375 2245.386962890625 2231.837890625 2229.177978515625 2217.66796875 2216.568115234375 2211.587890625 2196.117919921875 2187.3779296875 2178.5390625 2186.383056640625 2189.452880859375 2196.673095703125 2199.39306640625 2199.14306640625 2200.6630859375 2195.48291015625 2192.89306640625 2195.762939453125 2195.962890625 2196.673095703125 2204.093017578125 2209.0830078125 2219.052978515625 2230.302978515625 2243.85302734375 2259.0029296875 2276.363037109375 2291.423095703125 2295.0029296875 2304.722900390625 2320.123046875 2336.702880859375 2350.322998046875 2363.222900390625 2375.8330078125 2386.9130859375 2391.201904296875 2389.412109375 2379.52197265625 2362.281982421875 2352.7119140625 2358.991943359375 2362.39208984375 2366.10205078125 2374.98193359375
2265.778076171875 2264.4580078125 2259.7880859375 2249.197998046875 2238.068115234375 2225.137939453125 2214.01806640625 2213.509033203125 2213.198974609375 2196.4990234375 2189.529052734375 2180.37890625 2173.823974609375 2177.763916015625 2186.50390625 2193.553955078125 2192.654052734375 2194.52392578125 2193.083984375 2188.39404296875 2189.763916015625 2191.553955078125 2192.194091796875 2197.333984375 2198.4541015625 2207.714111328125 2219.964111328125 2231.18408203125 2246.35400390625 2263.553955078125 2279.282958984375 2280.572998046875 2297.512939453125 2313.3330078125 2328.532958984375 2338.10302734375 2349.403076171875 2361.613037109375 2376.89306640625 2384.1630859375 2379.943115234375 2367.032958984375 2352.462890625 2340.27294921875 2343.843017578125 2345.262939453125 2352.73291015625 2364.593017578125
2273.778076171875 2261.8779296875 2254.597900390625 2253.0791015625 2237.0390625 2218.18896484375 2211.64892578125 2210.14892578125 2209.489013671875 2194.868896484375 2188.64892578125 2182.7099609375 2172.675048828125 2169.094970703125 2172.014892578125 2182.554931640625 2184.425048828125 2188.0048828125 2189.0048828125 2184.455078125 2183.735107421875 2186.85400390625 2187.493896484375 2191.35400390625 2191.263916015625 2196.2939453125 2207.9541015625 2219.364013671875 2234.64404296875 2250.843994140625 2261.614013671875 2272.803955078125 2291.053955078125 2305.243896484375 2314.77392578125 2323.053955078125 2336.48388671875 2351.4140625 2365.404052734375 2372.194091796875 2367.333984375 2353.0439453125 2340.8740234375 2326.783935546875 2328.263916015625 2331.174072265625 2344.553955078125 2358.714111328125
2272.448974609375 2265.029052734375 2266.84912109375 2248.618896484375 2225.489013671875 2212.59912109375 2207.760009765625 2203.1201171875 2202.919921875 2192.77001953125 2186.739990234375 2181.050048828125 2175.805908203125 2169.155029296875 2163.955078125 2175.425048828125 2181.264892578125 2180.324951171875 2184.794921875 2181.534912109375 2177.864990234375 2179.77490234375 2181.52490234375 2184.235107421875 2184.695068359375 2187.9951171875 2198.1650390625 2209.77490234375 2222.81494140625 2235.56494140625 2244.655029296875 2264.324951171875 2282.215087890625 2294.364990234375 2300.114990234375 2312.2451171875 2327.364990234375 2341.385009765625 2355.844970703125 2361.52490234375 2355.094970703125 2340.125 2327.89501953125 2316.675048828125 2314.284912109375 2324.263916015625 2338.27392578125 2352.4541015625
2272.118896484375 2263.759033203125 2259.110107421875 2248.949951171875 2225.590087890625 2210.02001953125 2202.18994140625 2197.610107421875 2196.070068359375 2190.3701171875 2184.64111328125 2179.611083984375 2174.0458984375 2168.416015625 2159.52587890625 2164.18603515625 2175.305908203125 2176.60595703125 2178.406005859375 2177.60595703125 2174.7060546875 2173.305908203125 2175.156005859375 2178.49609375 2176.8359375 2177.72607421875 2185.426025390625 2197.196044921875 2210.156005859375 2220.926025390625 2235.325927734375 2253.555908203125 2271.466064453125 2278.986083984375 2289.236083984375 2305.77587890625 2320.5458984375 2333.64501953125 2345.294921875 2349.635009765625 2343.925048828125 2329.514892578125 2316.0048828125 2306.64501953125 2301.10498046875 2314.655029296875 2329.294921875 2344.18505859375
2275.8798828125 2262.760009765625 2254.070068359375 2248.14990234375 2228.070068359375 2203.56005859375 2197.0810546875 2194.40087890625 2190.89111328125 2185.700927734375 2179.6708984375 2178.4609375 2172.156982421875 2166.85693359375 2160.826904296875 2155.26708984375 2163.277099609375 2170.537109375 2170.556884765625 2173.14697265625 2173.2470703125 2173.47705078125 2170.7470703125 2170.306884765625 2171.697021484375 2170.507080078125 2177.39697265625 2186.967041015625 2197.507080078125 2208.986083984375 2222.555908203125 2238.74609375 2255.926025390625 2266.22607421875 2282.22607421875 2298.176025390625 2312.51611328125 2325.156005859375 2333.68603515625 2336.986083984375 2331.8359375 2318.22607421875 2305.24609375 2296.656005859375 2288.51611328125 2302.7060546875 2318.845947265625 2333.39599609375
2296.530029296875 2269.031005859375 2247.56103515625 2233.06103515625 2215.52099609375 2199.2109375 2192.7109375 2189.781005859375 2188.65087890625 2180.14111328125 2176.362060546875 2172.842041015625 2170.008056640625 2164.177978515625 2158.367919921875 2151.998046875 2154.798095703125 2164.68798828125 2166.327880859375 2166.637939453125 2166.5380859375 2166.007080078125 2163.51708984375 2165.677001953125 2169.467041015625 2164.60693359375 2171.93701171875 2179.97705078125 2189.366943359375 2200.537109375 2209.51708984375 2221.947021484375 2237.947021484375 2255.547119140625 2271.277099609375 2286.81689453125 2300.76708984375 2311.947021484375 2319.596923828125 2322.4970703125 2317.636962890625 2305.68701171875 2293.76708984375 2285.4169921875 2275.537109375 2291.97705078125 2306.987060546875 2321.39697265625
2314.051025390625 2269.010986328125 2243.041015625 2222.200927734375 2205.260986328125 2193.23193359375 2189.98193359375 2188.751953125 2188.69189453125 2173.382080078125 2171.001953125 2167.85205078125 2167.4990234375 2160.6689453125 2153.137939453125 2150.47802734375 2147.028076171875 2158.347900390625 2161.837890625 2162.028076171875 2159.4580078125 2160.80810546875 2158.847900390625 2158.3779296875 2163.758056640625 2160.087890625 2166.008056640625 2172.89794921875 2182.30810546875 2190.508056640625 2199.597900390625 2209.907958984375 2225.738037109375 2241.798095703125 2257.66796875 2273.41796875 2287.18798828125 2297.097900390625 2305.26806640625 2306.318115234375 2302.35791015625 2292.72802734375 2281.218017578125 2272.81689453125 2268.136962890625 2281.797119140625 2294.60693359375 2307.93701171875
