OMS_GEOET11/data/Meledrio/6/DEM_6.asc
ncols        466
nrows        396
xllcorner    620182.000000000000
yllcorner    5119528.000000000000
cellsize     30.000000000000
NODATA_value  -9999
[rows 66 to 87 of 396, columns 336 to 383 of 466]
1621.029052734375 1617.25 1610.699951171875 1595.1910400390625 1575.1109619140625 1554.7120361328125 1535.9129638671875 1521.85302734375 1494.9239501953125 1508.1240234375 1524.824951171875 1538.574951171875 1547.5760498046875 1547.5660400390625 1537.5469970703125 1531.5670166015625 1532.3179931640625 1532.3079833984375 1522.3489990234375 1511.8389892578125 1501.5699462890625 1491.27099609375 1477.6529541015625 1464.93505859375 1458.72705078125 1447.93896484375 1441.8509521484375 1441.9029541015625 1435.2049560546875 1429.93701171875 1418.8890380859375 1415.31103515625 1411.85302734375 1405.7449951171875 1402.6669921875 1398.029052734375 1395.02099609375 1386.4630126953125 1380.2349853515625 1375.7969970703125 1367.1090087890625 1352.8409423828125 1346.052978515625 1341.0350341796875 1332.927001953125 1321.178955078125 1306.8409423828125 1290.4439697265625
1611.47998046875 1611.75 1607.791015625 1589.010986328125 1565.8719482421875 1545.3719482421875 1522.873046875 1505.1429443359375 1485.4139404296875 1483.4840087890625 1502.9150390625 1517.125 1527.416015625 1534.2860107421875 1517.737060546875 1510.487060546875 1509.18798828125 1510.1080322265625 1502.51904296875 1493.22998046875 1483.52001953125 1481.27197265625 1467.833984375 1454.10595703125 1448.487060546875 1440.4990234375 1434.010986328125 1426.60302734375 1421.1949462890625 1415.3370361328125 1406.5589599609375 1399.1510009765625 1396.012939453125 1388.43505859375 1383.20703125 1383.3089599609375 1381.281005859375 1378.2530517578125 1370.10498046875 1364.5169677734375 1353.8289794921875 1338.73095703125 1334.0830078125 1327.8260498046875 1317.8780517578125 1308.1800537109375 1296.6519775390625 1280.404052734375
1591.949951171875 1603.1199951171875 1601.27099609375 1584.760986328125 1571.2320556640625 1552.85205078125 1528.7530517578125 1508.64404296875 1487.0340576171875 1461.405029296875 1481.9949951171875 1492.0660400390625 1508.7960205078125 1513.0269775390625 1506.2669677734375 1488.7879638671875 1486.887939453125 1491.3890380859375 1483.8790283203125 1473.3699951171875 1466.8399658203125 1466.9420166015625 1456.7440185546875 1444.406005859375 1437.0970458984375 1429.5389404296875 1423.760986328125 1417.4329833984375 1406.9150390625 1399.0970458984375 1389.9189453125 1386.1810302734375 1382.6529541015625 1376.614990234375 1371.7769775390625 1371.3590087890625 1370.6109619140625 1366.1429443359375 1360.926025390625 1349.0579833984375 1337.4200439453125 1325.2919921875 1322.31396484375 1315.345947265625 1301.748046875 1293.6400146484375 1282.052001953125 1274.2440185546875
1577.239990234375 1586.6810302734375 1585.8909912109375 1574.9720458984375 1559.9720458984375 1547.7230224609375 1527.4730224609375 1503.56396484375 1480.9339599609375 1452.6650390625 1460.89501953125 1470.3060302734375 1485.696044921875 1487.2769775390625 1481.237060546875 1470.157958984375 1463.488037109375 1470.948974609375 1468.239013671875 1462.550048828125 1449 1442.781982421875 1444.333984375 1430.156005859375 1425.68701171875 1419.3389892578125 1413.73095703125 1402.383056640625 1395.2650146484375 1382.636962890625 1375.198974609375 1372.4210205078125 1369.4630126953125 1361.2259521484375 1356.39794921875 1360.0999755859375 1358.4119873046875 1352.39404296875 1348.365966796875 1336.39794921875 1320.0999755859375 1309.0419921875 1305.114013671875 1295.60595703125 1283.0780029296875 1276.3299560546875 1266.322021484375 1255.39404296875
1559.8199462890625 1573.98095703125 1571.1009521484375 1561.011962890625 1546.4820556640625 1531.04296875 1523.2130126953125 1500.843994140625 1481.614013671875 1455.2850341796875 1429.5560302734375 1446.9959716796875 1464.7969970703125 1464.616943359375 1457.5880126953125 1447.657958984375 1444.8189697265625 1454.6590576171875 1453.3199462890625 1447.02001953125 1429.98095703125 1427.31201171875 1423.154052734375 1417.9759521484375 1415.0870361328125 1406.97900390625 1400.6009521484375 1391.1429443359375 1383.656005859375 1372.3380126953125 1363.780029296875 1358.741943359375 1356.56396484375 1348.7659912109375 1344.3079833984375 1344.02001953125 1344.4820556640625 1340.2239990234375 1331.3160400390625 1319.14794921875 1302.4000244140625 1293.4820556640625 1283.7640380859375 1274.4560546875 1266.64794921875 1255.030029296875 1248.6719970703125 1238.64404296875
1544.490966796875 1563.291015625 1556.3919677734375 1544.6419677734375 1533.762939453125 1519.2330322265625 1512.3740234375 1495.0240478515625 1474.93505859375 1454.385009765625 1427.9659423828125 1424.2060546875 1443.447021484375 1440.9969482421875 1439.2080078125 1427.3780517578125 1428.1590576171875 1433.718994140625 1439.93994140625 1429.1600341796875 1413.571044921875 1402.7020263671875 1406.343994140625 1407.2060546875 1403.1080322265625 1395.5699462890625 1389.302001953125 1380.5240478515625 1375.7159423828125 1364.177978515625 1353.6400146484375 1347.1920166015625 1343.4639892578125 1338.7559814453125 1332.7979736328125 1333.6300048828125 1330.6820068359375 1323.9539794921875 1313.2760009765625 1297.8680419921875 1284.469970703125 1280.3919677734375 1269.5340576171875 1255.2960205078125 1249.16796875 1240.1300048828125 1233.302001953125 1225.31396484375
1532.541015625 1544.1009521484375 1542.531982421875 1531.4420166015625 1518.9429931640625 1506.9530029296875 1496.5340576171875 1493.5340576171875 1476.93505859375 1454.5350341796875 1430.7860107421875 1402.43603515625 1418.656982421875 1406.9580078125 1411.0880126953125 1404.8690185546875 1407.9090576171875 1412.1300048828125 1411.9200439453125 1411.6910400390625 1399.4210205078125 1379.362060546875 1388.7740478515625 1395.927001953125 1392.2779541015625 1385.699951171875 1380.1820068359375 1373.614013671875 1365.2760009765625 1355.7979736328125 1345.1300048828125 1338.552001953125 1334.553955078125 1328.1259765625 1324.427978515625 1323.9200439453125 1318.02197265625 1308.823974609375 1295.5860595703125 1284.447998046875 1274.0899658203125 1264.9219970703125 1258.2139892578125 1242.8060302734375 1235.9580078125 1229.9200439453125 1219.112060546875 1209.6839599609375
1515.1810302734375 1528.10205078125 1527.06201171875 1515.6529541015625 1507.123046875 1492.4239501953125 1481.64404296875 1474.0550537109375 1472.3050537109375 1455.9959716796875 1431.7559814453125 1401.9169921875 1389.717041015625 1383.657958984375 1377.47802734375 1380.6689453125 1385.779052734375 1382.219970703125 1385.219970703125 1384.3609619140625 1382.041015625 1358.85302734375 1371.2049560546875 1375.2469482421875 1379.5279541015625 1377.77001953125 1371.092041015625 1364.4239501953125 1355.7559814453125 1344.3179931640625 1333.8900146484375 1329.1820068359375 1324.803955078125 1319.85595703125 1317.18798828125 1312.9100341796875 1308.011962890625 1297.5340576171875 1282.0760498046875 1271.508056640625 1261.9300537109375 1249.491943359375 1243.574951171875 1232.656982421875 1223.6490478515625 1218.6610107421875 1205.9730224609375 1195.425048828125
1497.8310546875 1511.741943359375 1510.60205078125 1500.29296875 1491.9830322265625 1481.7540283203125 1468.154052734375 1456.0550537109375 1452.2249755859375 1455.2960205078125 1440.946044921875 1413.866943359375 1396.1669921875 1378.39794921875 1356.9580078125 1347.678955078125 1355.72998046875 1360.6300048828125 1366.051025390625 1363.9610595703125 1353.2220458984375 1344.4029541015625 1347.2550048828125 1357.4969482421875 1365.468017578125 1368.68994140625 1363.83203125 1355.114013671875 1348.416015625 1336.718017578125 1325.449951171875 1319.991943359375 1315.56396484375 1311.5059814453125 1305.5279541015625 1302.989990234375 1296.4620361328125 1285.2349853515625 1264.0570068359375 1255.208984375 1248.4610595703125 1236.593017578125 1231.1650390625 1224.366943359375 1207.3690185546875 1204.260986328125 1193.9630126953125 1172.43505859375
1478.842041015625 1491.3819580078125 1494.613037109375 1484.4630126953125 1474.7139892578125 1466.833984375 1455.175048828125 1441.7149658203125 1434.345947265625 1434.906005859375 1432.906982421875 1423.376953125 1415.0279541015625 1397.3580322265625 1380.1390380859375 1351.509033203125 1328.2099609375 1336.9300537109375 1341.3409423828125 1341.9110107421875 1328.052001953125 1331.29296875 1324.5450439453125 1341.7569580078125 1350.0379638671875 1357.5899658203125 1355.2020263671875 1348.4539794921875 1340.135986328125 1329.3480224609375 1318.47998046875 1311.6829833984375 1305.64501953125 1301.89697265625 1297.7490234375 1294.6710205078125 1284.133056640625 1271.7449951171875 1253.0670166015625 1239.3790283203125 1232.4410400390625 1224.623046875 1217.85498046875 1211.126953125 1194.47900390625 1181.3709716796875 1171.7130126953125 1153.68505859375
1469.251953125 1471.9720458984375 1476.4630126953125 1468.1929931640625 1457.9239501953125 1451.81396484375 1442.5150146484375 1431.43505859375 1417.9859619140625 1415.89599609375 1414.197021484375 1406.656982421875 1404.3079833984375 1398.8780517578125 1387.279052734375 1368.22900390625 1345.280029296875 1316.550048828125 1315.1209716796875 1316.4119873046875 1306.7320556640625 1307.0830078125 1306.125 1325.8070068359375 1328.7080078125 1335.5810546875 1337.282958984375 1336.9749755859375 1329.0570068359375 1321.1590576171875 1308.56103515625 1303.7030029296875 1298.844970703125 1290.467041015625 1283.3189697265625 1282.3310546875 1269.6729736328125 1260.2850341796875 1245.737060546875 1227.259033203125 1218.6810302734375 1211.302978515625 1200.885009765625 1191.386962890625 1177.2889404296875 1163.571044921875 1150.052978515625 1137.885009765625
1453.1219482421875 1452.4429931640625 1456.2030029296875 1455.4339599609375 1446.6639404296875 1436.405029296875 1427.675048828125 1419.60595703125 1404.2060546875 1398.93701171875 1398.0670166015625 1392.5980224609375 1383.927978515625 1383.6390380859375 1378.8590087890625 1378.9200439453125 1360.4200439453125 1334.4010009765625 1309.8909912109375 1288.4420166015625 1282.85205078125 1274.6829833984375 1281.905029296875 1296.177001953125 1308.8189697265625 1314.720947265625 1315.262939453125 1315.635009765625 1314.467041015625 1308.458984375 1303.801025390625 1296.4630126953125 1285.39501953125 1284.18701171875 1273.279052734375 1270.3709716796875 1260.343017578125 1249.2650146484375 1237.20703125 1219.6390380859375 1206.531005859375 1195.552978515625 1185.844970703125 1174.64697265625 1160.9189453125 1150.051025390625 1139.4730224609375 1129.0250244140625
1438.10205078125 1433.6429443359375 1435.7530517578125 1437.884033203125 1432.2640380859375 1422.31494140625 1412.9849853515625 1403.885986328125 1394.0360107421875 1382.177001953125 1381.8270263671875 1374.0880126953125 1366.64794921875 1363.6090087890625 1361.698974609375 1360.739990234375 1357.239990234375 1344.051025390625 1331.02099609375 1311.031982421875 1294.592041015625 1266.0140380859375 1262.5660400390625 1279.748046875 1289.279052734375 1296.531005859375 1292.9029541015625 1294.2449951171875 1292.987060546875 1286.509033203125 1282.3509521484375 1282.822998046875 1271.8050537109375 1270.156982421875 1264.8590087890625 1258.240966796875 1248.2130126953125 1236.5050048828125 1226.0469970703125 1212.1490478515625 1198.3609619140625 1181.4329833984375 1171.135009765625 1164.7769775390625 1153.708984375 1140.77099609375 1130.60302734375 1123.9549560546875
1424.79296875 1417.133056640625 1415.6639404296875 1422.10400390625 1415.2650146484375 1408.4849853515625 1400.2860107421875 1389.4959716796875 1379.886962890625 1366.886962890625 1363.5379638671875 1357.18798828125 1350.759033203125 1345.8289794921875 1342.6099853515625 1340.030029296875 1334.8909912109375 1328.990966796875 1321.7320556640625 1313.342041015625 1293.8929443359375 1267.134033203125 1247.85595703125 1263.3580322265625 1274.259033203125 1278.6610107421875 1275.3929443359375 1270.9649658203125 1267.1070556640625 1262.708984375 1259.9010009765625 1251.04296875 1251.7850341796875 1256.5570068359375 1257.009033203125 1253.541015625 1225.6929931640625 1219.7449951171875 1216.406982421875 1202.1390380859375 1191.531005859375 1172.572998046875 1158.095947265625 1153.468017578125 1146.6300048828125 1132.10205078125 1121.4940185546875 1114.4759521484375
1411.072998046875 1402.4329833984375 1399.323974609375 1404.2039794921875 1398.60498046875 1393.8050537109375 1385.5260009765625 1372.635986328125 1362.717041015625 1357.197021484375 1346.43798828125 1339.238037109375 1335.5689697265625 1328.97900390625 1325.8499755859375 1321.18994140625 1318.2509765625 1310.56103515625 1301.6920166015625 1296.1419677734375 1286.31298828125 1263.06396484375 1236.64599609375 1241.3480224609375 1250.8790283203125 1264.52099609375 1258.302978515625 1252.8349609375 1246.5069580078125 1240.5589599609375 1234.6810302734375 1231.1429443359375 1229.2449951171875 1240.0970458984375 1236.6689453125 1219.501953125 1208.4739990234375 1195.885986328125 1195.947998046875 1189.8199462890625 1173.092041015625 1156.1839599609375 1142.7659912109375 1135.66796875 1131.0799560546875 1119.2120361328125 1110.114013671875 1097.946044921875
1396.262939453125 1389.364013671875 1384.4239501953125 1388.875 1382.9949951171875 1377.865966796875 1370.2259521484375 1362.4169921875 1349.717041015625 1344.947998046875 1341.16796875 1327.458984375 1319.0689697265625 1315.969970703125 1309.9000244140625 1302.06103515625 1299.291015625 1291.6820068359375 1285.56201171875 1278.262939453125 1272.4730224609375 1258.1739501953125 1239.5360107421875 1222.64794921875 1232.68896484375 1239.4010009765625 1240.282958984375 1232.6949462890625 1227.697998046875 1220.3599853515625 1217.092041015625 1212.4339599609375 1210.9959716796875 1213.998046875 1207.8199462890625 1201.011962890625 1186.0240478515625 1175.2760009765625 1174.3079833984375 1168.010009765625 1153.592041015625 1138.81396484375 1127.656005859375 1121.7779541015625 1118.239990234375 1106.9820556640625 1095.2640380859375 1083.8060302734375
1374.512939453125 1376.2039794921875 1369.4840087890625 1364.18505859375 1363.9749755859375 1363.8060302734375 1357.5460205078125 1352.376953125 1341.427001953125 1327.7679443359375 1324.5479736328125 1316.5489501953125 1302.6290283203125 1300.56005859375 1293 1283.81103515625 1278.1510009765625 1271.4820556640625 1264.35205078125 1256.4329833984375 1250.363037109375 1241.7340087890625 1227.68603515625 1211.8280029296875 1215.969970703125 1219.9219970703125 1212.5240478515625 1210.615966796875 1204.927978515625 1201.6300048828125 1198.302001953125 1194.904052734375 1190.4759521484375 1190.0579833984375 1187.8599853515625 1184.052001953125 1172.803955078125 1157.8759765625 1150.2879638671875 1142.72998046875 1130.3719482421875 1121.7039794921875 1113.9859619140625 1110.0980224609375 1105.1600341796875 1098.3819580078125 1084.4239501953125 1084.416015625
1358.9329833984375 1374.7540283203125 1357.4439697265625 1348.7950439453125 1344.43505859375 1349.666015625 1342.197021484375 1334.626953125 1324.0179443359375 1313.14794921875 1304.2889404296875 1294.759033203125 1286.8800048828125 1279.699951171875 1273.551025390625 1264.3310546875 1255.9320068359375 1249.6719970703125 1246.1629638671875 1240.9029541015625 1233.2139892578125 1223.5250244140625 1214.0369873046875 1202.5489501953125 1211.7099609375 1208.3819580078125 1202.843994140625 1197.0560302734375 1190.68798828125 1186.1600341796875 1184.2919921875 1180.2139892578125 1174.2159423828125 1169.468017578125 1167.4100341796875 1161.4420166015625 1152.7239990234375 1141.9659423828125 1133.1280517578125 1121.1300048828125 1110.781982421875 1103.7139892578125 1101.7860107421875 1100.8480224609375 1096.97998046875 1091.4320068359375 1085.2740478515625 1091.7459716796875
1351.1739501953125 1365.4539794921875 1352.125 1336.18505859375 1328.5360107421875 1324.7760009765625 1320.64697265625 1310.9169921875 1302.8179931640625 1295.177978515625 1283.4189453125 1276.2889404296875 1267.4100341796875 1258.5699462890625 1247.6810302734375 1241.5810546875 1240.3819580078125 1234.751953125 1230.9630126953125 1226.133056640625 1216.3740234375 1212.4150390625 1201.386962890625 1192.0389404296875 1199.0799560546875 1201.31201171875 1195.8740234375 1191.0860595703125 1184.2080078125 1175.489990234375 1170.4320068359375 1165.114013671875 1162.2860107421875 1156.5880126953125 1149.050048828125 1141.0419921875 1135.573974609375 1129.676025390625 1117.988037109375 1108.0699462890625 1098.7919921875 1090.3740234375 1089.68603515625 1090.697998046875 1088.72998046875 1087.4820556640625 1088.7440185546875 1091.416015625
1332.0340576171875 1349.1240234375 1339.8050537109375 1329.0350341796875 1313.885986328125 1306.0660400390625 1297.876953125 1288.47705078125 1282.9580078125 1284.697998046875 1271.68896484375 1260.509033203125 1250.050048828125 1243.81005859375 1235.041015625 1227.9410400390625 1224.241943359375 1222.0030517578125 1217.60302734375 1212.9139404296875 1207.2540283203125 1202.9150390625 1194.0570068359375 1184.01904296875 1186.6600341796875 1193.33203125 1189.85400390625 1181.2359619140625 1176.0179443359375 1170.5699462890625 1163.302001953125 1157.333984375 1152.3160400390625 1146.7879638671875 1136.77001953125 1127.6820068359375 1121.2540283203125 1112.845947265625 1105.0880126953125 1098.6600341796875 1091.2020263671875 1090.5350341796875 1089.39697265625 1089.218994140625 1094.23095703125 1100.9329833984375 1103.7149658203125 1097.636962890625
1313.7939453125 1322.7650146484375 1317.2449951171875 1316.676025390625 1304.8060302734375 1289.5269775390625 1278.93701171875 1271.8480224609375 1265.0980224609375 1263.448974609375 1265.5589599609375 1249.3299560546875 1237.0400390625 1230.720947265625 1230.1610107421875 1218.1219482421875 1210.6419677734375 1206.873046875 1202.863037109375 1198.5040283203125 1192.9239501953125 1191.93505859375 1191.5269775390625 1179.6689453125 1176.4200439453125 1178.2020263671875 1182.10400390625 1176.8160400390625 1171.2679443359375 1164.25 1157.7020263671875 1152.4940185546875 1146.9959716796875 1136.3590087890625 1120.8310546875 1110.9530029296875 1107.4949951171875 1102.906982421875 1097.8590087890625 1092.02099609375 1092.633056640625 1091.81494140625 1089.8570556640625 1090.72900390625 1103.3409423828125 1110.0030517578125 1110.6650390625 1107.5570068359375
1303.323974609375 1307.4549560546875 1300.2449951171875 1302.676025390625 1302.916015625 1286.406982421875 1270.136962890625 1259.238037109375 1252.6180419921875 1243.3690185546875 1241.6390380859375 1239.8900146484375 1233.739990234375 1219.3609619140625 1214.8409423828125 1207.2220458984375 1196.08203125 1196.0030517578125 1186.9029541015625 1184.593994140625 1185.39404296875 1184.5150146484375 1182.366943359375 1182.5989990234375 1170.6600341796875 1166.751953125 1172.8050537109375 1173.3070068359375 1164.928955078125 1159.1309814453125 1152.9329833984375 1142.0849609375 1130.8370361328125 1118.3690185546875 1104.551025390625 1099.1829833984375 1096.31494140625 1095.1070556640625 1094.0989990234375 1093.1109619140625 1092.3929443359375 1094.7950439453125 1097.68701171875 1101.448974609375 1114.4510498046875 1116.56298828125 1118.2049560546875 1119.5970458984375
