OMS_GEOET11/data/Meledrio/6/skyview_6.asc
ncols        466
nrows        396
xllcorner    620182.000000000000
yllcorner    5119528.000000000000
cellsize     30.000000000000
NODATA_value  -9999
[rows 266 to 284 of 396, columns 172 to 214 of 466]
0.86218041181564331055 0.87939333915710449219 0.85716742277145385742 0.83698517084121704102 0.9359309077262878418 0.82509952783584594727 0.78009772300720214844 0.79725408554077148438 0.80440592765808105469 0.7881005406379699707 0.8169886469841003418 0.8269240260124206543 0.84133410453796386719 0.84490597248077392578 0.85089975595474243164 0.8573557734489440918 0.85330903530120849609 0.85292130708694458008 0.84610921144485473633 0.82958978414535522461 0.82587212324142456055 0.83461219072341918945 0.8333269953727722168 0.83046746253967285156 0.83167123794555664062 0.82829737663269042969 0.81073373556137084961 0.79707187414169311523 0.83124202489852905273 0.83597290515899658203 0.8247318267822265625 0.8132655024528503418 0.77374488115310668945 0.70347923040390014648 0.73586326837539672852 0.84107744693756103516 0.83577883243560791016 0.7977078557014465332 0.79681742191314697266 0.79148626327514648438 0.77725780010223388672 0.75242537260055541992 0.69302701950073242188
0.78114718198776245117 0.821712493896484375 0.8966655731201171875 0.92857718467712402344 0.8785762786865234375 0.79451853036880493164 0.79581540822982788086 0.81870222091674804688 0.84013587236404418945 0.81074756383895874023 0.82227522134780883789 0.85053080320358276367 0.84509146213531494141 0.84802287817001342773 0.83941590785980224609 0.84992259740829467773 0.85092687606811523438 0.84095871448516845703 0.82483160495758056641 0.83212363719940185547 0.81566840410232543945 0.8314208984375 0.8328113555908203125 0.83206939697265625 0.82952576875686645508 0.82901579141616821289 0.7758108973503112793 0.81924712657928466797 0.82417285442352294922 0.82025897502899169922 0.83556902408599853516 0.81105387210845947266 0.75390756130218505859 0.69649088382720947266 0.66132366657257080078 0.78522539138793945312 0.84069353342056274414 0.79197800159454345703 0.80306273698806762695 0.78847903013229370117 0.77318984270095825195 0.75306600332260131836 0.65907704830169677734
0.79665398597717285156 0.79530048370361328125 0.91451144218444824219 0.90562790632247924805 0.81067001819610595703 0.81182503700256347656 0.83946365118026733398 0.84678637981414794922 0.85222804546356201172 0.86014139652252197266 0.85933536291122436523 0.86668491363525390625 0.85446375608444213867 0.85899871587753295898 0.83721828460693359375 0.84599643945693969727 0.84684020280838012695 0.78951495885848999023 0.82481741905212402344 0.82825183868408203125 0.82700705528259277344 0.83076125383377075195 0.83575415611267089844 0.82956308126449584961 0.82899552583694458008 0.83228480815887451172 0.81268513202667236328 0.81631487607955932617 0.82853275537490844727 0.83856087923049926758 0.84698379039764404297 0.82785302400588989258 0.78842359781265258789 0.76527881622314453125 0.68212926387786865234 0.73197245597839355469 0.83203613758087158203 0.7871920466423034668 0.78763639926910400391 0.78472161293029785156 0.7723115086555480957 0.7611649632453918457 0.71902155876159667969
0.78348505496978759766 0.76982772350311279297 0.93517965078353881836 0.83940130472183227539 0.78494322299957275391 0.82909530401229858398 0.85325407981872558594 0.86013460159301757812 0.85532438755035400391 0.84907180070877075195 0.86031579971313476562 0.85730260610580444336 0.84867841005325317383 0.84843307733535766602 0.8408107757568359375 0.84454447031021118164 0.83153772354125976562 0.81490027904510498047 0.82295703887939453125 0.82619720697402954102 0.82841759920120239258 0.82999777793884277344 0.83147543668746948242 0.82675158977508544922 0.8264973759651184082 0.82373136281967163086 0.82718598842620849609 0.78924465179443359375 0.82238411903381347656 0.8363164067268371582 0.83958315849304199219 0.82772874832153320312 0.80380904674530029297 0.77710676193237304688 0.70796251296997070312 0.63830256462097167969 0.76629698276519775391 0.77033787965774536133 0.7706000208854675293 0.77345579862594604492 0.75339919328689575195 0.75183457136154174805 0.70800858736038208008
0.75941389799118041992 0.82232034206390380859 0.92449128627777099609 0.75639092922210693359 0.778839111328125 0.83509272336959838867 0.86234432458877563477 0.8482208251953125 0.83909970521926879883 0.83192640542984008789 0.84191131591796875 0.84989488124847412109 0.84586334228515625 0.84683144092559814453 0.79320883750915527344 0.82413870096206665039 0.81870943307876586914 0.82152765989303588867 0.81411886215209960938 0.82422691583633422852 0.82515317201614379883 0.8315537571907043457 0.8347613215446472168 0.82928490638732910156 0.81975579261779785156 0.80976903438568115234 0.827838897705078125 0.77561408281326293945 0.81598353385925292969 0.84463125467300415039 0.83056849241256713867 0.8050772547721862793 0.78612679243087768555 0.76462632417678833008 0.71793639659881591797 0.58382827043533325195 0.7860965728759765625 0.77755433320999145508 0.7739416956901550293 0.77322620153427124023 0.75701135396957397461 0.7383403778076171875 0.71119576692581176758
0.81448423862457275391 0.91125625371932983398 0.87083035707473754883 0.77271300554275512695 0.80982410907745361328 0.85120379924774169922 0.86694049835205078125 0.86399060487747192383 0.8413969874382019043 0.84324818849563598633 0.84646058082580566406 0.84862929582595825195 0.82598286867141723633 0.83449524641036987305 0.82878094911575317383 0.83512711524963378906 0.83744263648986816406 0.82077431678771972656 0.81271147727966308594 0.82303440570831298828 0.819309234619140625 0.81890118122100830078 0.83297097682952880859 0.82816559076309204102 0.80240964889526367188 0.82791674137115478516 0.83441489934921264648 0.8241125941276550293 0.80588096380233764648 0.83750855922698974609 0.82517325878143310547 0.80747115612030029297 0.80612605810165405273 0.78719115257263183594 0.73145812749862670898 0.65262460708618164062 0.76983022689819335938 0.82267993688583374023 0.75009334087371826172 0.76118159294128417969 0.74506765604019165039 0.71730661392211914062 0.69893002510070800781
0.87670528888702392578 0.91592460870742797852 0.78874284029006958008 0.81827121973037719727 0.85235387086868286133 0.86833041906356811523 0.88461858034133911133 0.85387980937957763672 0.82420265674591064453 0.83249652385711669922 0.85658735036849975586 0.85713613033294677734 0.8552882075309753418 0.82972896099090576172 0.82085448503494262695 0.83760267496109008789 0.83966296911239624023 0.83932477235794067383 0.82788103818893432617 0.83065998554229736328 0.82605445384979248047 0.82972013950347900391 0.83913290500640869141 0.84198468923568725586 0.8218523859977722168 0.83508890867233276367 0.83052206039428710938 0.81546306610107421875 0.82770556211471557617 0.83101755380630493164 0.82352072000503540039 0.79057848453521728516 0.78881013393402099609 0.78541010618209838867 0.70614337921142578125 0.66351264715194702148 0.74277609586715698242 0.77592492103576660156 0.69297558069229125977 0.73649102449417114258 0.71534991264343261719 0.70549857616424560547 0.66824126243591308594
0.91199272871017456055 0.88009124994277954102 0.78997635841369628906 0.83690077066421508789 0.88222450017929077148 0.86967039108276367188 0.88226091861724853516 0.82815611362457275391 0.80940300226211547852 0.84793144464492797852 0.84462308883666992188 0.8480637669563293457 0.85401439666748046875 0.84910094738006591797 0.82298940420150756836 0.82258427143096923828 0.83460891246795654297 0.83260226249694824219 0.83823281526565551758 0.83150064945220947266 0.83642446994781494141 0.8349373936653137207 0.83578270673751831055 0.83584380149841308594 0.83726257085800170898 0.83132910728454589844 0.83463913202285766602 0.82499998807907104492 0.83424246311187744141 0.83185863494873046875 0.81802845001220703125 0.80352091789245605469 0.80921953916549682617 0.77353942394256591797 0.69118094444274902344 0.71055835485458374023 0.75601553916931152344 0.82345098257064819336 0.78845316171646118164 0.63588637113571166992 0.68072861433029174805 0.65291202068328857422 0.68555837869644165039
0.90277528762817382812 0.86229145526885986328 0.83043515682220458984 0.85101848840713500977 0.86853766441345214844 0.87300568819046020508 0.86805081367492675781 0.81733274459838867188 0.81018215417861938477 0.83357143402099609375 0.84192293882369995117 0.84178501367568969727 0.84809583425521850586 0.84760129451751708984 0.82068014144897460938 0.81444972753524780273 0.82452988624572753906 0.8292878270149230957 0.83200699090957641602 0.84727817773818969727 0.84621661901473999023 0.84549534320831298828 0.82935094833374023438 0.82833719253540039062 0.8337294459342956543 0.82500624656677246094 0.83013737201690673828 0.83028769493103027344 0.83698314428329467773 0.83159941434860229492 0.80865204334259033203 0.80049020051956176758 0.7984040379524230957 0.76991873979568481445 0.68072187900543212891 0.71673828363418579102 0.75353562831878662109 0.79318279027938842773 0.88183724880218505859 0.81433200836181640625 0.7382411956787109375 0.72156852483749389648 0.75720036029815673828
0.90655660629272460938 0.82763940095901489258 0.85817188024520874023 0.86804687976837158203 0.844272613525390625 0.85935449600219726562 0.84780651330947875977 0.79850900173187255859 0.79715371131896972656 0.8213856816291809082 0.8224213719367980957 0.83561420440673828125 0.83858197927474975586 0.83499044179916381836 0.83669543266296386719 0.8311373591423034668 0.81986731290817260742 0.81518977880477905273 0.84260189533233642578 0.84640574455261230469 0.83778584003448486328 0.83792728185653686523 0.82062554359436035156 0.81784856319427490234 0.82147395610809326172 0.82438522577285766602 0.81637817621231079102 0.82771182060241699219 0.81169611215591430664 0.83366572856903076172 0.83058035373687744141 0.82235038280487060547 0.80860215425491333008 0.78591668605804443359 0.76211500167846679688 0.73320001363754272461 0.73274838924407958984 0.747440338134765625 0.72422236204147338867 0.77962374687194824219 0.84562790393829345703 0.84127861261367797852 0.79541450738906860352
0.91054040193557739258 0.848651885986328125 0.8514449000358581543 0.86980980634689331055 0.85878574848175048828 0.84448146820068359375 0.80419087409973144531 0.81084710359573364258 0.82240051031112670898 0.81470465660095214844 0.81313508749008178711 0.82768011093139648438 0.82881373167037963867 0.82736861705780029297 0.82348138093948364258 0.82359164953231811523 0.82722640037536621094 0.83029615879058837891 0.84425580501556396484 0.83991998434066772461 0.83011496067047119141 0.82373577356338500977 0.81221556663513183594 0.81509459018707275391 0.81026124954223632812 0.83468097448348999023 0.82815635204315185547 0.83399122953414916992 0.82307541370391845703 0.82798254489898681641 0.82666796445846557617 0.82178133726119995117 0.81064558029174804688 0.79844987392425537109 0.77593350410461425781 0.76492762565612792969 0.7544676661491394043 0.74930024147033691406 0.72982835769653320312 0.68278330564498901367 0.69369453191757202148 0.77098143100738525391 0.84311705827713012695
0.9144439697265625 0.84885919094085693359 0.84549200534820556641 0.85285258293151855469 0.85469233989715576172 0.79928761720657348633 0.79854309558868408203 0.80920684337615966797 0.80994588136672973633 0.7927119135856628418 0.79890936613082885742 0.81545424461364746094 0.81671422719955444336 0.82184457778930664062 0.81802171468734741211 0.81556105613708496094 0.82022345066070556641 0.83763116598129272461 0.83938348293304443359 0.82579529285430908203 0.82454621791839599609 0.81235867738723754883 0.79862195253372192383 0.80560082197189331055 0.79085689783096313477 0.83089667558670043945 0.82866597175598144531 0.82778513431549072266 0.83464151620864868164 0.84072154760360717773 0.83420658111572265625 0.8195037841796875 0.79543566703796386719 0.79614233970642089844 0.78458011150360107422 0.77807366847991943359 0.75360494852066040039 0.76715558767318725586 0.75823748111724853516 0.74963259696960449219 0.70523852109909057617 0.68159431219100952148 0.71945154666900634766
0.87978100776672363281 0.82048594951629638672 0.80983769893646240234 0.83829104900360107422 0.84655946493148803711 0.78179049491882324219 0.7832978367805480957 0.79005354642868041992 0.79723668098449707031 0.76105719804763793945 0.78292506933212280273 0.79081392288208007812 0.80546832084655761719 0.80268621444702148438 0.80218529701232910156 0.80361473560333251953 0.81466174125671386719 0.83394896984100341797 0.83582603931427001953 0.80199968814849853516 0.81622767448425292969 0.80047529935836791992 0.79434436559677124023 0.79710662364959716797 0.78843045234680175781 0.81919872760772705078 0.83100056648254394531 0.82964378595352172852 0.83884072303771972656 0.84236198663711547852 0.83988863229751586914 0.82833629846572875977 0.74164789915084838867 0.75679278373718261719 0.76568609476089477539 0.77980834245681762695 0.78792709112167358398 0.7826671600341796875 0.76131451129913330078 0.76089495420455932617 0.72894448041915893555 0.70649850368499755859 0.68339639902114868164
0.91141086816787719727 0.81220453977584838867 0.78544366359710693359 0.81976419687271118164 0.81950223445892333984 0.77969813346862792969 0.7118428349494934082 0.75338768959045410156 0.74592518806457519531 0.73473966121673583984 0.76035898923873901367 0.78144013881683349609 0.77648818492889404297 0.79175001382827758789 0.77524155378341674805 0.78055113554000854492 0.79376333951950073242 0.83136159181594848633 0.82420933246612548828 0.79532128572463989258 0.80877840518951416016 0.7967090606689453125 0.78506922721862792969 0.77719175815582275391 0.79189813137054443359 0.812030792236328125 0.81962662935256958008 0.83199548721313476562 0.83406829833984375 0.83278197050094604492 0.83597892522811889648 0.83610999584197998047 0.7672144770622253418 0.7348372340202331543 0.74076235294342041016 0.7816817164421081543 0.77296692132949829102 0.78319317102432250977 0.7652727961540222168 0.76696383953094482422 0.7462546229362487793 0.74332368373870849609 0.68756276369094848633
0.92241209745407104492 0.84998160600662231445 0.79285788536071777344 0.77896022796630859375 0.7625363469123840332 0.7649142146110534668 0.71500706672668457031 0.68023282289505004883 0.70839864015579223633 0.73753011226654052734 0.75065755844116210938 0.76049953699111938477 0.77883625030517578125 0.77369427680969238281 0.76670205593109130859 0.76459830999374389648 0.77547109127044677734 0.82706880569458007812 0.80671066045761108398 0.79343867301940917969 0.80225026607513427734 0.78605562448501586914 0.76674234867095947266 0.76656389236450195312 0.75385373830795288086 0.74516028165817260742 0.75214111804962158203 0.83142083883285522461 0.83494436740875244141 0.83653432130813598633 0.84766155481338500977 0.84594243764877319336 0.77170658111572265625 0.76353359222412109375 0.73471844196319580078 0.71378976106643676758 0.75498700141906738281 0.77850437164306640625 0.76360571384429931641 0.76786512136459350586 0.75776755809783935547 0.74534040689468383789 0.70629447698593139648
0.80691796541213989258 0.93064355850219726562 0.84241878986358642578 0.82702589035034179688 0.81137430667877197266 0.78515928983688354492 0.65426987409591674805 0.59802329540252685547 0.67441964149475097656 0.73270511627197265625 0.73663550615310668945 0.7509282231330871582 0.76000392436981201172 0.7670510411262512207 0.74247401952743530273 0.73060876131057739258 0.7367026209831237793 0.83509659767150878906 0.79064142704010009766 0.77741461992263793945 0.78644454479217529297 0.77026754617691040039 0.73406088352203369141 0.69167500734329223633 0.71167850494384765625 0.78471904993057250977 0.83400672674179077148 0.79492598772048950195 0.82636153697967529297 0.8314087986946105957 0.8485692143440246582 0.84747868776321411133 0.8016993403434753418 0.74760997295379638672 0.74233466386795043945 0.72860050201416015625 0.6942462921142578125 0.76493930816650390625 0.75518208742141723633 0.73393458127975463867 0.74426627159118652344 0.74484544992446899414 0.69692921638488769531
0.71464931964874267578 0.7799059748649597168 0.83088696002960205078 0.87519246339797973633 0.92217409610748291016 0.86804080009460449219 0.64941650629043579102 0.59046953916549682617 0.67820990085601806641 0.701297760009765625 0.70776998996734619141 0.72948282957077026367 0.7420685887336730957 0.75491344928741455078 0.74796861410140991211 0.73991751670837402344 0.76369696855545043945 0.8290761113166809082 0.70857179164886474609 0.76661878824234008789 0.77065414190292358398 0.75483888387680053711 0.69420129060745239258 0.72289228439331054688 0.76603525876998901367 0.76155048608779907227 0.82667005062103271484 0.80982691049575805664 0.82190430164337158203 0.84160512685775756836 0.84738397598266601562 0.84031099081039428711 0.81328445672988891602 0.77429533004760742188 0.75253182649612426758 0.7501462101936340332 0.72157019376754760742 0.74566560983657836914 0.76855826377868652344 0.73438149690628051758 0.76697021722793579102 0.76603746414184570312 0.73894250392913818359
0.70430546998977661133 0.74993222951889038086 0.72392052412033081055 0.73113268613815307617 0.73943948745727539062 0.92078441381454467773 0.74592232704162597656 0.58765947818756103516 0.63703465461730957031 0.65737503767013549805 0.64892041683197021484 0.71839535236358642578 0.72600954771041870117 0.74870270490646362305 0.72605991363525390625 0.71831077337265014648 0.7828394770622253418 0.81600713729858398438 0.69574975967407226562 0.7744668126106262207 0.77051025629043579102 0.7490361332893371582 0.63616931438446044922 0.69471287727355957031 0.77798259258270263672 0.82940137386322021484 0.81327533721923828125 0.81981843709945678711 0.83060950040817260742 0.83760446310043334961 0.83655458688735961914 0.82439601421356201172 0.81059122085571289062 0.7972094416618347168 0.77015346288681030273 0.7614110112190246582 0.74383383989334106445 0.70873564481735229492 0.73794466257095336914 0.72255635261535644531 0.76800376176834106445 0.76075971126556396484 0.74427372217178344727
0.71438676118850708008 0.74754095077514648438 0.70774763822555541992 0.72583436965942382812 0.7480519413948059082 0.78236329555511474609 0.9214839935302734375 0.69775849580764770508 0.54804342985153198242 0.66807979345321655273 0.66438508033752441406 0.66880440711975097656 0.71016484498977661133 0.70437508821487426758 0.7063153386116027832 0.62185239791870117188 0.7510731816291809082 0.7707812190055847168 0.69778144359588623047 0.76420176029205322266 0.76068609952926635742 0.73230284452438354492 0.5607382655143737793 0.70209103822708129883 0.81107288599014282227 0.84907811880111694336 0.82295489311218261719 0.81149566173553466797 0.82557201385498046875 0.82403588294982910156 0.82058537006378173828 0.81849759817123413086 0.80118793249130249023 0.79087972640991210938 0.77527612447738647461 0.77049392461776733398 0.75140750408172607422 0.73367160558700561523 0.70901602506637573242 0.73589032888412475586 0.76032912731170654297 0.76139563322067260742 0.74507868289947509766
