OMS_GEOET11/data/Meledrio/6/skyview_6.asc
ncols        466
nrows        396
xllcorner    620182.000000000000
yllcorner    5119528.000000000000
cellsize     30.000000000000
NODATA_value  -9999
[rows 95 to 113 of 396, columns 129 to 171 of 466]
0.88434022665023803711 0.87545400857925415039 0.88587224483489990234 0.88079911470413208008 0.87856912612915039062 0.8560568690299987793 0.86121600866317749023 0.83074373006820678711 0.85240840911865234375 0.87510401010513305664 0.86420172452926635742 0.84099662303924560547 0.83905321359634399414 0.84358561038970947266 0.85639470815658569336 0.87777715921401977539 0.87632632255554199219 0.86542773246765136719 0.88268035650253295898 0.89053356647491455078 0.87325990200042724609 0.86003023386001586914 0.85998785495758056641 0.8658885955810546875 0.87619125843048095703 0.90334427356719970703 0.9126498103141784668 0.90723872184753417969 0.91197222471237182617 0.90466272830963134766 0.88548529148101806641 0.89754623174667358398 0.90305650234222412109 0.8971207737922668457 0.89037346839904785156 0.88887286186218261719 0.89612436294555664062 0.90830987691879272461 0.8911075592041015625 0.87813234329223632812 0.85831081867218017578 0.84512042999267578125 0.86750006675720214844
0.8451550602912902832 0.84361237287521362305 0.87404054403305053711 0.88619810342788696289 0.89102643728256225586 0.86142653226852416992 0.84979760646820068359 0.84207040071487426758 0.85147047042846679688 0.87691694498062133789 0.85279774665832519531 0.83841317892074584961 0.85396790504455566406 0.84184366464614868164 0.84172350168228149414 0.87795865535736083984 0.86948007345199584961 0.84225833415985107422 0.87696802616119384766 0.89151966571807861328 0.88688820600509643555 0.86685317754745483398 0.85990178585052490234 0.86667782068252563477 0.86723184585571289062 0.90962982177734375 0.89991581439971923828 0.88473373651504516602 0.87722611427307128906 0.87155079841613769531 0.85594040155410766602 0.88199883699417114258 0.88142830133438110352 0.87034618854522705078 0.85149008035659790039 0.85893189907073974609 0.87894141674041748047 0.89080768823623657227 0.86783522367477416992 0.87998181581497192383 0.85665106773376464844 0.86136674880981445312 0.86590564250946044922
0.83752119541168212891 0.76203912496566772461 0.83520358800888061523 0.84290283918380737305 0.87967562675476074219 0.87581413984298706055 0.84960198402404785156 0.80710238218307495117 0.86257439851760864258 0.88335049152374267578 0.85705602169036865234 0.83880406618118286133 0.85234355926513671875 0.84324067831039428711 0.8451061248779296875 0.87562930583953857422 0.83640128374099731445 0.83378785848617553711 0.86933183670043945312 0.88795560598373413086 0.87309509515762329102 0.86338335275650024414 0.85600519180297851562 0.86924433708190917969 0.88277322053909301758 0.92058563232421875 0.89048033952713012695 0.8767407536506652832 0.863986968994140625 0.86442869901657104492 0.85502088069915771484 0.87054866552352905273 0.87230813503265380859 0.87086516618728637695 0.8708038330078125 0.86933827400207519531 0.88659715652465820312 0.87375986576080322266 0.86872780323028564453 0.88279420137405395508 0.89111268520355224609 0.86252951622009277344 0.86695438623428344727
0.83579844236373901367 0.78635901212692260742 0.7817891240119934082 0.76311695575714111328 0.84079056978225708008 0.84951341152191162109 0.82786232233047485352 0.75845259428024291992 0.84057670831680297852 0.85736078023910522461 0.84475618600845336914 0.82228052616119384766 0.84195876121520996094 0.83805745840072631836 0.85289692878723144531 0.86382836103439331055 0.8474826812744140625 0.84317708015441894531 0.86917269229888916016 0.89399164915084838867 0.88158345222473144531 0.86445105075836181641 0.86596316099166870117 0.87965893745422363281 0.90778249502182006836 0.91584664583206176758 0.89278042316436767578 0.87911534309387207031 0.85992103815078735352 0.86025846004486083984 0.84755992889404296875 0.85875684022903442383 0.8625672459602355957 0.86913841962814331055 0.87199550867080688477 0.87424820661544799805 0.88175767660140991211 0.87562572956085205078 0.86186254024505615234 0.83859986066818237305 0.87601011991500854492 0.8737201690673828125 0.86568480730056762695
0.81695646047592163086 0.77795976400375366211 0.74202632904052734375 0.77640569210052490234 0.80730098485946655273 0.81512308120727539062 0.80255055427551269531 0.75393158197402954102 0.81378948688507080078 0.80899107456207275391 0.82906079292297363281 0.81428819894790649414 0.83360934257507324219 0.83329033851623535156 0.84220498800277709961 0.85237658023834228516 0.84968429803848266602 0.85864138603210449219 0.88805872201919555664 0.89210391044616699219 0.89066624641418457031 0.86941015720367431641 0.85519069433212280273 0.89070582389831542969 0.88918101787567138672 0.88719940185546875 0.8833141326904296875 0.86924839019775390625 0.8583507537841796875 0.84854769706726074219 0.84286469221115112305 0.8511600494384765625 0.85262668132781982422 0.85114240646362304688 0.85961973667144775391 0.86237770318984985352 0.86530059576034545898 0.86966168880462646484 0.85643839836120605469 0.83296161890029907227 0.85845905542373657227 0.85514181852340698242 0.85519713163375854492
0.80202561616897583008 0.7842146754264831543 0.75254619121551513672 0.77153092622756958008 0.77668899297714233398 0.74178063869476318359 0.78949427604675292969 0.74584412574768066406 0.83189845085144042969 0.84501445293426513672 0.85024583339691162109 0.82149386405944824219 0.83691167831420898438 0.83758413791656494141 0.81682276725769042969 0.83008134365081787109 0.82333040237426757812 0.85052978992462158203 0.88822191953659057617 0.90008217096328735352 0.89679557085037231445 0.88044703006744384766 0.86550986766815185547 0.88103514909744262695 0.85760134458541870117 0.86550259590148925781 0.87223601341247558594 0.86992096900939941406 0.86164069175720214844 0.85071569681167602539 0.8527062535285949707 0.85145115852355957031 0.86172807216644287109 0.85361832380294799805 0.87143182754516601562 0.86869031190872192383 0.86161905527114868164 0.87440192699432373047 0.86171984672546386719 0.8388245701789855957 0.85383737087249755859 0.84366124868392944336 0.85285592079162597656
0.77167505025863647461 0.78580558300018310547 0.78317654132843017578 0.80397647619247436523 0.82013201713562011719 0.80603796243667602539 0.82832920551300048828 0.7920379638671875 0.80636769533157348633 0.82832407951354980469 0.80388224124908447266 0.82636475563049316406 0.84255045652389526367 0.82608497142791748047 0.82746547460556030273 0.81850945949554443359 0.83103281259536743164 0.86000818014144897461 0.8932673335075378418 0.90829372406005859375 0.89822101593017578125 0.9026177525520324707 0.88474094867706298828 0.88424611091613769531 0.85202896595001220703 0.86226487159729003906 0.86777633428573608398 0.86606293916702270508 0.85910528898239135742 0.85764288902282714844 0.85917317867279052734 0.85737383365631103516 0.86429995298385620117 0.87269997596740722656 0.89597338438034057617 0.89774125814437866211 0.88181436061859130859 0.88299196958541870117 0.86836946010589599609 0.85736370086669921875 0.8632685542106628418 0.85279548168182373047 0.85299450159072875977
0.8074557185173034668 0.81374061107635498047 0.809741973876953125 0.81244307756423950195 0.82678210735321044922 0.8154570460319519043 0.83630812168121337891 0.82920312881469726562 0.81074821949005126953 0.83705794811248779297 0.7888692021369934082 0.83747023344039916992 0.83118742704391479492 0.82366251945495605469 0.8266347050666809082 0.80857306718826293945 0.84352982044219970703 0.86615711450576782227 0.89211767911911010742 0.90536642074584960938 0.90249109268188476562 0.88435721397399902344 0.87447452545166015625 0.880123138427734375 0.836795806884765625 0.86100035905838012695 0.86029380559921264648 0.8726132512092590332 0.87564814090728759766 0.87635427713394165039 0.87065076828002929688 0.8776454925537109375 0.88029044866561889648 0.89439058303833007812 0.8974882960319519043 0.87705451250076293945 0.87539041042327880859 0.88602530956268310547 0.87358111143112182617 0.86972719430923461914 0.87006098031997680664 0.86475545167922973633 0.85725206136703491211
0.78357654809951782227 0.82576030492782592773 0.82423138618469238281 0.82162624597549438477 0.82831370830535888672 0.82348281145095825195 0.84170353412628173828 0.82514387369155883789 0.80432283878326416016 0.82220441102981567383 0.77138274908065795898 0.82228738069534301758 0.82183343172073364258 0.82664775848388671875 0.82704776525497436523 0.81831789016723632812 0.83916211128234863281 0.84220731258392333984 0.86687892675399780273 0.89657706022262573242 0.91316115856170654297 0.89917260408401489258 0.88560253381729125977 0.88738739490509033203 0.87602013349533081055 0.88413858413696289062 0.88225597143173217773 0.89098078012466430664 0.88711720705032348633 0.88956099748611450195 0.88660842180252075195 0.8934599757194519043 0.88903576135635375977 0.89265680313110351562 0.87828785181045532227 0.86066842079162597656 0.86499506235122680664 0.88346505165100097656 0.86857545375823974609 0.86588227748870849609 0.87137687206268310547 0.86559045314788818359 0.85663765668869018555
0.79171645641326904297 0.83079999685287475586 0.83281761407852172852 0.81954866647720336914 0.8306096196174621582 0.83604782819747924805 0.83848023414611816406 0.82439148426055908203 0.83190006017684936523 0.81392431259155273438 0.78614455461502075195 0.82661902904510498047 0.82743185758590698242 0.82416516542434692383 0.81617391109466552734 0.82656723260879516602 0.83783775568008422852 0.81591379642486572266 0.8291759490966796875 0.82761096954345703125 0.88689786195755004883 0.91348093748092651367 0.89629250764846801758 0.9024174809455871582 0.89138591289520263672 0.89823114871978759766 0.90644276142120361328 0.90396100282669067383 0.90537363290786743164 0.90417128801345825195 0.90128362178802490234 0.89819586277008056641 0.88708728551864624023 0.8872280120849609375 0.87567865848541259766 0.8646844029426574707 0.86735194921493530273 0.88353323936462402344 0.87207573652267456055 0.86103397607803344727 0.86954545974731445312 0.87164568901062011719 0.85563558340072631836
0.81586414575576782227 0.83158600330352783203 0.83983522653579711914 0.81874680519104003906 0.83512604236602783203 0.83421462774276733398 0.83803576231002807617 0.83389168977737426758 0.83286333084106445312 0.81169158220291137695 0.82872349023818969727 0.83837008476257324219 0.82555240392684936523 0.82059091329574584961 0.81872904300689697266 0.83421212434768676758 0.83411556482315063477 0.84122896194458007812 0.84227418899536132812 0.8336098790168762207 0.86752432584762573242 0.90661740303039550781 0.90707451105117797852 0.91752469539642333984 0.9189135432243347168 0.9199568629264831543 0.91587078571319580078 0.9142742156982421875 0.91231536865234375 0.91193485260009765625 0.91318523883819580078 0.90945702791213989258 0.89291357994079589844 0.87968361377716064453 0.87971466779708862305 0.87256288528442382812 0.87384748458862304688 0.88074576854705810547 0.87261873483657836914 0.86296856403350830078 0.8674405217170715332 0.87199461460113525391 0.86927616596221923828
0.84852248430252075195 0.82051199674606323242 0.83839017152786254883 0.82016652822494506836 0.83915299177169799805 0.83949446678161621094 0.84673422574996948242 0.84180212020874023438 0.82510834932327270508 0.82899695634841918945 0.83747994899749755859 0.83711528778076171875 0.83215802907943725586 0.82707583904266357422 0.82637035846710205078 0.83556675910949707031 0.83818382024765014648 0.83803832530975341797 0.84316235780715942383 0.84263080358505249023 0.86534494161605834961 0.88471269607543945312 0.88480454683303833008 0.89813834428787231445 0.89013779163360595703 0.89963775873184204102 0.90478956699371337891 0.90860229730606079102 0.91598051786422729492 0.91392058134078979492 0.90267145633697509766 0.89293324947357177734 0.89239549636840820312 0.89072853326797485352 0.8944581151008605957 0.88384252786636352539 0.883159637451171875 0.88574278354644775391 0.8801333308219909668 0.87667405605316162109 0.87413936853408813477 0.86746191978454589844 0.86948740482330322266
0.84492516517639160156 0.82250005006790161133 0.84190553426742553711 0.80809915065765380859 0.83849656581878662109 0.83950835466384887695 0.84605121612548828125 0.82948476076126098633 0.82547992467880249023 0.83594757318496704102 0.84491866827011108398 0.84842455387115478516 0.8427785038948059082 0.84232854843139648438 0.84216034412384033203 0.84523403644561767578 0.84564185142517089844 0.83853167295455932617 0.84882432222366333008 0.84643274545669555664 0.86195105314254760742 0.87700599431991577148 0.87249815464019775391 0.8783200383186340332 0.85471558570861816406 0.86592048406600952148 0.86494415998458862305 0.86811077594757080078 0.87464445829391479492 0.8753121495246887207 0.84098869562149047852 0.84938389062881469727 0.86164307594299316406 0.85428464412689208984 0.87423181533813476562 0.87476724386215209961 0.88092952966690063477 0.88700318336486816406 0.87864339351654052734 0.87608879804611206055 0.87085807323455810547 0.86379450559616088867 0.86122167110443115234
0.84464865922927856445 0.8186156153678894043 0.83158642053604125977 0.78859794139862060547 0.82961809635162353516 0.83863043785095214844 0.84523081779479980469 0.820423126220703125 0.82419633865356445312 0.8292515873908996582 0.83865821361541748047 0.84497910737991333008 0.84706574678421020508 0.84279626607894897461 0.83432745933532714844 0.8462498784065246582 0.83855861425399780273 0.85560601949691772461 0.85112524032592773438 0.82737821340560913086 0.84919005632400512695 0.86066073179244995117 0.86336433887481689453 0.86384731531143188477 0.83094799518585205078 0.84907209873199462891 0.85184121131896972656 0.85488373041152954102 0.8554432988166809082 0.86634314060211181641 0.83800929784774780273 0.83750742673873901367 0.84462839365005493164 0.82275259494781494141 0.84862995147705078125 0.8308474421501159668 0.86421132087707519531 0.88263875246047973633 0.87273192405700683594 0.86898267269134521484 0.85486251115798950195 0.85117012262344360352 0.85551148653030395508
0.84300798177719116211 0.83233827352523803711 0.78639698028564453125 0.81306856870651245117 0.83351755142211914062 0.84250879287719726562 0.83339738845825195312 0.82479274272918701172 0.83667087554931640625 0.83797848224639892578 0.83593285083770751953 0.84092104434967041016 0.84597581624984741211 0.84236133098602294922 0.82968860864639282227 0.83488380908966064453 0.84710341691970825195 0.85741579532623291016 0.85607326030731201172 0.83858621120452880859 0.83935594558715820312 0.83162653446197509766 0.83402419090270996094 0.84975141286849975586 0.82335507869720458984 0.83697336912155151367 0.83973777294158935547 0.8407275080680847168 0.84182882308959960938 0.85622638463973999023 0.84825843572616577148 0.83104670047760009766 0.84714418649673461914 0.83463591337203979492 0.84550839662551879883 0.82821583747863769531 0.85508620738983154297 0.86909240484237670898 0.86767542362213134766 0.86984139680862426758 0.86230200529098510742 0.85803329944610595703 0.86157077550888061523
0.83475840091705322266 0.83695507049560546875 0.79799288511276245117 0.82078009843826293945 0.83384740352630615234 0.8311112523078918457 0.81433397531509399414 0.84180963039398193359 0.83771932125091552734 0.83688199520111083984 0.82869046926498413086 0.8324483036994934082 0.84699153900146484375 0.82735544443130493164 0.83253502845764160156 0.84281718730926513672 0.8403784632682800293 0.85503470897674560547 0.85420012474060058594 0.83605527877807617188 0.83865904808044433594 0.82348573207855224609 0.82208538055419921875 0.84431588649749755859 0.82067817449569702148 0.83294469118118286133 0.82753843069076538086 0.84784543514251708984 0.83929347991943359375 0.85086160898208618164 0.86043769121170043945 0.8232873082160949707 0.84322059154510498047 0.83386909961700439453 0.84029245376586914062 0.82896840572357177734 0.82753849029541015625 0.84905266761779785156 0.84830039739608764648 0.85211336612701416016 0.84959113597869873047 0.84621417522430419922 0.8544108271598815918
0.83016407489776611328 0.83697664737701416016 0.80590361356735229492 0.82280182838439941406 0.84034103155136108398 0.83252668380737304688 0.79546308517456054688 0.8331171870231628418 0.84164422750473022461 0.83065545558929443359 0.81384199857711791992 0.83879768848419189453 0.84200626611709594727 0.84064298868179321289 0.84008103609085083008 0.85430431365966796875 0.84250921010971069336 0.86303949356079101562 0.86439001560211181641 0.85116630792617797852 0.85258942842483520508 0.84581416845321655273 0.84268683195114135742 0.86095756292343139648 0.82858115434646606445 0.83876663446426391602 0.82656025886535644531 0.84938061237335205078 0.84913104772567749023 0.85646361112594604492 0.86980271339416503906 0.83341556787490844727 0.8332881927490234375 0.83213526010513305664 0.83217740058898925781 0.83680701255798339844 0.82375675439834594727 0.84397780895233154297 0.83571380376815795898 0.83766865730285644531 0.83858096599578857422 0.84336483478546142578 0.85155981779098510742
0.82982015609741210938 0.83628237247467041016 0.81606400012969970703 0.82737189531326293945 0.83770352602005004883 0.82977527379989624023 0.81536209583282470703 0.82429599761962890625 0.84456866979598999023 0.83640289306640625 0.82612329721450805664 0.83455890417098999023 0.80717599391937255859 0.83004468679428100586 0.84656405448913574219 0.85425174236297607422 0.86016875505447387695 0.86843949556350708008 0.8706023097038269043 0.86578214168548583984 0.87861943244934082031 0.86396706104278564453 0.85614413022994995117 0.86509644985198974609 0.83783060312271118164 0.84469199180603027344 0.83923971652984619141 0.85594630241394042969 0.87817621231079101562 0.88787078857421875 0.88599163293838500977 0.83757126331329345703 0.83200353384017944336 0.83114194869995117188 0.83248925209045410156 0.84419596195220947266 0.82882452011108398438 0.83668458461761474609 0.81710636615753173828 0.8400071263313293457 0.84926056861877441406 0.85401153564453125 0.86037987470626831055
0.82860082387924194336 0.83541190624237060547 0.82795494794845581055 0.82237255573272705078 0.83251786231994628906 0.82454359531402587891 0.8337777256965637207 0.82790011167526245117 0.82653510570526123047 0.81832748651504516602 0.83549278974533081055 0.8173656463623046875 0.82369232177734375 0.84027451276779174805 0.8403975367546081543 0.84845137596130371094 0.86067962646484375 0.87882280349731445312 0.88252973556518554688 0.87626326084136962891 0.88494902849197387695 0.87671601772308349609 0.8616612553596496582 0.86848914623260498047 0.83994209766387939453 0.8476302027702331543 0.83939063549041748047 0.84702473878860473633 0.87107521295547485352 0.87491512298583984375 0.88543725013732910156 0.83451724052429199219 0.82995140552520751953 0.83595329523086547852 0.8400465846061706543 0.83364737033843994141 0.8186022639274597168 0.82014840841293334961 0.83713400363922119141 0.84534275531768798828 0.85048693418502807617 0.85663568973541259766 0.85948646068572998047
