OMS_GEOET11/data/Meledrio/6/skyview_6.asc
ncols        466
nrows        396
xllcorner    620182.000000000000
yllcorner    5119528.000000000000
cellsize     30.000000000000
NODATA_value  -9999
[rows 285 to 303 of 396, columns 215 to 257 of 466]
0.66667342185974121094 0.68280786275863647461 0.90976190567016601562 0.80165159702301025391 0.73014581203460693359 0.76556885242462158203 0.7678782343864440918 0.79854112863540649414 0.82362061738967895508 0.77808320522308349609 0.76102715730667114258 0.77062278985977172852 0.79428791999816894531 0.79214227199554443359 0.79570734500885009766 0.80771291255950927734 0.81004673242568969727 0.79954707622528076172 0.8047606348991394043 0.80579710006713867188 0.80576658248901367188 0.80505883693695068359 0.81015592813491821289 0.81771224737167358398 0.82589244842529296875 0.82991433143615722656 0.82348263263702392578 0.81644457578659057617 0.81418758630752563477 0.81646847724914550781 0.81726527214050292969 0.77328276634216308594 0.78688192367553710938 0.79936659336090087891 0.77630257606506347656 0.75899010896682739258 0.72335833311080932617 0.70517784357070922852 0.69920778274536132812 0.70392996072769165039 0.7254880070686340332 0.75085043907165527344 0.77029073238372802734
0.67718780040740966797 0.5859584808349609375 0.81545925140380859375 0.88986968994140625 0.78170818090438842773 0.77475756406784057617 0.79079002141952514648 0.81926178932189941406 0.82486653327941894531 0.76535069942474365234 0.7200596928596496582 0.76891481876373291016 0.77940911054611206055 0.79801654815673828125 0.79381829500198364258 0.79783648252487182617 0.80681043863296508789 0.80171066522598266602 0.80325096845626831055 0.80378133058547973633 0.79940021038055419922 0.79666674137115478516 0.81059002876281738281 0.81506967544555664062 0.81206601858139038086 0.80636709928512573242 0.790859222412109375 0.80497640371322631836 0.80638688802719116211 0.80673068761825561523 0.79638230800628662109 0.77751719951629638672 0.81456065177917480469 0.8233801722526550293 0.79094374179840087891 0.77693063020706176758 0.68964338302612304688 0.59873431921005249023 0.656635284423828125 0.69066458940505981445 0.71699023246765136719 0.74421727657318115234 0.76273494958877563477
0.68978667259216308594 0.66640204191207885742 0.77750825881958007812 0.91254013776779174805 0.80476647615432739258 0.82555228471755981445 0.80803835391998291016 0.83401781320571899414 0.85137706995010375977 0.75933039188385009766 0.67411887645721435547 0.76376569271087646484 0.77556908130645751953 0.78929960727691650391 0.79442673921585083008 0.79875969886779785156 0.80626654624938964844 0.81244099140167236328 0.83010476827621459961 0.83358430862426757812 0.83749687671661376953 0.82422882318496704102 0.80817276239395141602 0.80508023500442504883 0.81388723850250244141 0.8147341609001159668 0.79238271713256835938 0.77254098653793334961 0.77335387468338012695 0.77968716621398925781 0.78323644399642944336 0.81369751691818237305 0.82818037271499633789 0.83347630500793457031 0.79315006732940673828 0.79094642400741577148 0.70780479907989501953 0.61771041154861450195 0.60027813911437988281 0.66521418094635009766 0.70622342824935913086 0.73509180545806884766 0.75783628225326538086
0.7172959446907043457 0.685382843017578125 0.7567647099494934082 0.90628874301910400391 0.82869642972946166992 0.84233886003494262695 0.79259699583053588867 0.79329580068588256836 0.82664948701858520508 0.77344781160354614258 0.66831088066101074219 0.74704205989837646484 0.76394701004028320312 0.78123003244400024414 0.78878027200698852539 0.81246143579483032227 0.81544131040573120117 0.82674860954284667969 0.84079033136367797852 0.8436908721923828125 0.84941118955612182617 0.84824120998382568359 0.82415425777435302734 0.81116211414337158203 0.82258534431457519531 0.81681358814239501953 0.81089377403259277344 0.80415803194046020508 0.76734805107116699219 0.73451417684555053711 0.76584464311599731445 0.81405252218246459961 0.83102875947952270508 0.8151620030403137207 0.80969321727752685547 0.81364810466766357422 0.74985754489898681641 0.67023903131484985352 0.6438223719596862793 0.6650238037109375 0.70290106534957885742 0.72071641683578491211 0.75090736150741577148
0.73071110248565673828 0.69236302375793457031 0.7605190277099609375 0.90687537193298339844 0.8596827387809753418 0.85237497091293334961 0.80849289894104003906 0.77696812152862548828 0.75843632221221923828 0.70159173011779785156 0.73938906192779541016 0.71681576967239379883 0.738819122314453125 0.68502074480056762695 0.73379647731781005859 0.76646882295608520508 0.80491423606872558594 0.8299185633659362793 0.84275650978088378906 0.84665763378143310547 0.8527914881706237793 0.85322487354278564453 0.842296600341796875 0.82452392578125 0.80938380956649780273 0.81987237930297851562 0.82268655300140380859 0.82858735322952270508 0.8028500676155090332 0.78603941202163696289 0.72922515869140625 0.82094818353652954102 0.82423496246337890625 0.79782623052597045898 0.80018258094787597656 0.80661690235137939453 0.75928515195846557617 0.65765076875686645508 0.59836375713348388672 0.65897017717361450195 0.69224727153778076172 0.70610183477401733398 0.7370821833610534668
0.73796725273132324219 0.70526927709579467773 0.75406628847122192383 0.86690121889114379883 0.86634469032287597656 0.85505115985870361328 0.84548276662826538086 0.84456151723861694336 0.82008725404739379883 0.79556500911712646484 0.76141780614852905273 0.61764556169509887695 0.77052694559097290039 0.75768429040908813477 0.75094527006149291992 0.6935774683952331543 0.80514234304428100586 0.83377498388290405273 0.8452689051628112793 0.85090059041976928711 0.85725486278533935547 0.85663527250289916992 0.85622477531433105469 0.85067605972290039062 0.83585703372955322266 0.84216785430908203125 0.84231913089752197266 0.84433805942535400391 0.83413457870483398438 0.81852561235427856445 0.76957505941390991211 0.84753769636154174805 0.83806818723678588867 0.79837769269943237305 0.82169640064239501953 0.80377352237701416016 0.77017837762832641602 0.67856246232986450195 0.61739581823348999023 0.61128485202789306641 0.67187368869781494141 0.69089376926422119141 0.71131050586700439453
0.70715796947479248047 0.74770933389663696289 0.74103623628616333008 0.87028533220291137695 0.94886559247970581055 0.92752134799957275391 0.93775409460067749023 0.91603070497512817383 0.81796616315841674805 0.7276579737663269043 0.74277019500732421875 0.86512213945388793945 0.77855169773101806641 0.72991210222244262695 0.73239791393280029297 0.74083334207534790039 0.81997066736221313477 0.83681637048721313477 0.84707033634185791016 0.85589319467544555664 0.85867977142333984375 0.85198611021041870117 0.85569679737091064453 0.85594278573989868164 0.83312404155731201172 0.83721894025802612305 0.84464675188064575195 0.84987181425094604492 0.83636683225631713867 0.82843792438507080078 0.83455133438110351562 0.86004549264907836914 0.81683880090713500977 0.81819766759872436523 0.82726109027862548828 0.81606858968734741211 0.77743160724639892578 0.709880828857421875 0.57978981733322143555 0.60601091384887695312 0.65935623645782470703 0.63395673036575317383 0.68363773822784423828
0.68424016237258911133 0.76789194345474243164 0.89088016748428344727 0.88075947761535644531 0.80067467689514160156 0.74199324846267700195 0.74354767799377441406 0.7053248286247253418 0.69837307929992675781 0.68265390396118164062 0.68255317211151123047 0.67480641603469848633 0.67676365375518798828 0.68189704418182373047 0.74153649806976318359 0.78456288576126098633 0.81732499599456787109 0.83618062734603881836 0.84618180990219116211 0.85660225152969360352 0.85283511877059936523 0.84996467828750610352 0.84128111600875854492 0.8405869603157043457 0.84761321544647216797 0.85087794065475463867 0.84382653236389160156 0.85372060537338256836 0.84004390239715576172 0.79506593942642211914 0.84542089700698852539 0.86027812957763671875 0.81506639719009399414 0.81025117635726928711 0.82193267345428466797 0.80743205547332763672 0.7803122401237487793 0.70147156715393066406 0.73010259866714477539 0.71632897853851318359 0.69714087247848510742 0.61118370294570922852 0.6111723780632019043
0.67979383468627929688 0.86861371994018554688 0.8901780247688293457 0.69759029150009155273 0.72219586372375488281 0.67386966943740844727 0.63576549291610717773 0.64279884099960327148 0.67042028903961181641 0.68811130523681640625 0.72875094413757324219 0.71539974212646484375 0.73455369472503662109 0.76649004220962524414 0.79208827018737792969 0.81321942806243896484 0.8285458683967590332 0.83385908603668212891 0.84458315372467041016 0.8505191802978515625 0.85449272394180297852 0.84478712081909179688 0.84058982133865356445 0.84124231338500976562 0.84941464662551879883 0.84605044126510620117 0.84251672029495239258 0.8488343358039855957 0.83877807855606079102 0.81024181842803955078 0.84484237432479858398 0.8463993072509765625 0.81977593898773193359 0.81134784221649169922 0.81143170595169067383 0.81002783775329589844 0.7972609400749206543 0.77415579557418823242 0.78906869888305664062 0.82058072090148925781 0.75762832164764404297 0.67612046003341674805 0.70227998495101928711
0.76967191696166992188 0.8164075016975402832 0.67968416213989257812 0.70917981863021850586 0.70054763555526733398 0.68421596288681030273 0.69148528575897216797 0.71890014410018920898 0.72293227910995483398 0.7390276789665222168 0.7673333287239074707 0.74760001897811889648 0.75859701633453369141 0.79748648405075073242 0.79773932695388793945 0.81824773550033569336 0.83693814277648925781 0.84125888347625732422 0.85131502151489257812 0.85290741920471191406 0.8498249053955078125 0.85304290056228637695 0.84277379512786865234 0.84498095512390136719 0.85657781362533569336 0.85290241241455078125 0.84535455703735351562 0.85835725069046020508 0.85703319311141967773 0.85430788993835449219 0.85281282663345336914 0.85830187797546386719 0.83681261539459228516 0.81536340713500976562 0.80252879858016967773 0.81857627630233764648 0.82339799404144287109 0.81050276756286621094 0.82281333208084106445 0.83254408836364746094 0.80892604589462280273 0.78943645954132080078 0.76878088712692260742
0.84213262796401977539 0.77179813385009765625 0.68267089128494262695 0.72086292505264282227 0.72030526399612426758 0.71419048309326171875 0.71499168872833251953 0.73225796222686767578 0.74466979503631591797 0.73966521024703979492 0.7679233551025390625 0.76192587614059448242 0.77627760171890258789 0.79258465766906738281 0.81234693527221679688 0.83132457733154296875 0.84221196174621582031 0.84252196550369262695 0.85006010532379150391 0.86036729812622070312 0.86293083429336547852 0.86084771156311035156 0.85484892129898071289 0.84694296121597290039 0.85174238681793212891 0.84842985868453979492 0.85523307323455810547 0.86701494455337524414 0.86523020267486572266 0.86565697193145751953 0.86662918329238891602 0.8706766963005065918 0.85354322195053100586 0.83257937431335449219 0.81845527887344360352 0.83816564083099365234 0.82568198442459106445 0.80188632011413574219 0.82395762205123901367 0.82725125551223754883 0.82408535480499267578 0.81477475166320800781 0.804836273193359375
0.66272008419036865234 0.65782952308654785156 0.69897741079330444336 0.71889066696166992188 0.71618539094924926758 0.71419709920883178711 0.72048294544219970703 0.74095296859741210938 0.74441951513290405273 0.75634461641311645508 0.77308380603790283203 0.78090149164199829102 0.78609889745712280273 0.79686450958251953125 0.81884515285491943359 0.83839386701583862305 0.83920931816101074219 0.84170800447463989258 0.84854203462600708008 0.85465228557586669922 0.85904985666275024414 0.86025673151016235352 0.85439401865005493164 0.83649331331253051758 0.85289806127548217773 0.86147791147232055664 0.85931235551834106445 0.85873216390609741211 0.82712095975875854492 0.86246949434280395508 0.86910951137542724609 0.87476527690887451172 0.84824699163436889648 0.83861964941024780273 0.79592925310134887695 0.82414400577545166016 0.83569741249084472656 0.82346141338348388672 0.80854821205139160156 0.80304598808288574219 0.8288891911506652832 0.82123976945877075195 0.80608439445495605469
0.68178021907806396484 0.72508168220520019531 0.73236382007598876953 0.72990709543228149414 0.72863292694091796875 0.73179078102111816406 0.73133665323257446289 0.75561368465423583984 0.75396972894668579102 0.77514040470123291016 0.79133737087249755859 0.78820949792861938477 0.78709882497787475586 0.78412842750549316406 0.80919110774993896484 0.83263498544692993164 0.82816988229751586914 0.83498632907867431641 0.84167039394378662109 0.85021507740020751953 0.85405236482620239258 0.86358201503753662109 0.84787207841873168945 0.83478009700775146484 0.84514898061752319336 0.85806441307067871094 0.84849828481674194336 0.84776848554611206055 0.86546343564987182617 0.86172664165496826172 0.8653659820556640625 0.87172085046768188477 0.86591523885726928711 0.84476858377456665039 0.79982745647430419922 0.82584863901138305664 0.83133727312088012695 0.83612459897994995117 0.82605671882629394531 0.81546139717102050781 0.81640601158142089844 0.83087629079818725586 0.8121668696403503418
0.70884245634078979492 0.72577899694442749023 0.72162848711013793945 0.71921944618225097656 0.72308838367462158203 0.73499417304992675781 0.7577927708625793457 0.76807492971420288086 0.78379940986633300781 0.78975445032119750977 0.79737371206283569336 0.81053972244262695312 0.81557369232177734375 0.80899226665496826172 0.77999246120452880859 0.80903089046478271484 0.81766217947006225586 0.83428204059600830078 0.84381395578384399414 0.85201871395111083984 0.8537457585334777832 0.86489498615264892578 0.87213730812072753906 0.87593156099319458008 0.87302458286285400391 0.87235474586486816406 0.84683912992477416992 0.82513707876205444336 0.86945426464080810547 0.86468172073364257812 0.86571449041366577148 0.86854481697082519531 0.87343353033065795898 0.86165893077850341797 0.83724546432495117188 0.83937877416610717773 0.80350840091705322266 0.81572431325912475586 0.83655989170074462891 0.81406289339065551758 0.82613408565521240234 0.83346039056777954102 0.82360780239105224609
0.70936501026153564453 0.73579984903335571289 0.72565305233001708984 0.73027336597442626953 0.7248376011848449707 0.7507050633430480957 0.76495271921157836914 0.77582144737243652344 0.78763061761856079102 0.79226094484329223633 0.79211801290512084961 0.79130232334136962891 0.82268482446670532227 0.80372637510299682617 0.76830589771270751953 0.79746139049530029297 0.81439012289047241211 0.83122080564498901367 0.84291553497314453125 0.85158675909042358398 0.85443866252899169922 0.85858124494552612305 0.86232793331146240234 0.86908411979675292969 0.86513102054595947266 0.86320888996124267578 0.8581511378288269043 0.83449012041091918945 0.8739636540412902832 0.85964512825012207031 0.86278814077377319336 0.87406903505325317383 0.87370550632476806641 0.87095344066619873047 0.86566269397735595703 0.83972889184951782227 0.81556463241577148438 0.82695508003234863281 0.83813780546188354492 0.82319664955139160156 0.82917433977127075195 0.8380222320556640625 0.83803856372833251953
0.71047329902648925781 0.7199313044548034668 0.73464018106460571289 0.74269336462020874023 0.75238931179046630859 0.75659966468811035156 0.76692217588424682617 0.76381516456604003906 0.77253323793411254883 0.75008851289749145508 0.76937061548233032227 0.81400293111801147461 0.77451348304748535156 0.7528858184814453125 0.77065455913543701172 0.7948347926139831543 0.80958783626556396484 0.8207028508186340332 0.84101468324661254883 0.84414458274841308594 0.85451650619506835938 0.85435581207275390625 0.86155831813812255859 0.84018218517303466797 0.83966535329818725586 0.84157568216323852539 0.85964810848236083984 0.85939317941665649414 0.87370812892913818359 0.85037684440612792969 0.86341184377670288086 0.86999714374542236328 0.87087011337280273438 0.87074464559555053711 0.8713925480842590332 0.86034089326858520508 0.84557336568832397461 0.83521026372909545898 0.81551116704940795898 0.84365981817245483398 0.83812338113784790039 0.8399226069450378418 0.83580416440963745117
0.70360720157623291016 0.72538930177688598633 0.72564595937728881836 0.71593034267425537109 0.75040018558502197266 0.74834489822387695312 0.75351095199584960938 0.74299532175064086914 0.69464576244354248047 0.69810140132904052734 0.73371988534927368164 0.77543354034423828125 0.73528021574020385742 0.77124172449111938477 0.79396784305572509766 0.80042922496795654297 0.80575424432754516602 0.82130575180053710938 0.84122359752655029297 0.847011566162109375 0.85668379068374633789 0.85204958915710449219 0.83854132890701293945 0.8376420140266418457 0.83092159032821655273 0.83157318830490112305 0.85879278182983398438 0.84167182445526123047 0.87817043066024780273 0.87382692098617553711 0.85890781879425048828 0.86388868093490600586 0.86990642547607421875 0.87080615758895874023 0.87186217308044433594 0.87307757139205932617 0.85554337501525878906 0.85141444206237792969 0.82317793369293212891 0.81288713216781616211 0.82498574256896972656 0.84182208776473999023 0.82618606090545654297
0.70777672529220581055 0.67597198486328125 0.71792244911193847656 0.73344177007675170898 0.75052893161773681641 0.73330289125442504883 0.76367658376693725586 0.76725292205810546875 0.7758280634880065918 0.79938346147537231445 0.75609815120697021484 0.68900620937347412109 0.74231201410293579102 0.78706204891204833984 0.77624177932739257812 0.78301340341567993164 0.7913138270378112793 0.82684302330017089844 0.83431148529052734375 0.84471529722213745117 0.8474330902099609375 0.83729481697082519531 0.8328183293342590332 0.80791574716567993164 0.80990892648696899414 0.84624284505844116211 0.85214656591415405273 0.81903755664825439453 0.87284433841705322266 0.87548840045928955078 0.86861020326614379883 0.86502242088317871094 0.86886394023895263672 0.86742788553237915039 0.86891603469848632812 0.87491804361343383789 0.86493343114852905273 0.86323565244674682617 0.86141592264175415039 0.83997362852096557617 0.81406325101852416992 0.8441079258918762207 0.84068572521209716797
0.63958978652954101562 0.74759155511856079102 0.78102445602416992188 0.80715554952621459961 0.7939701080322265625 0.77750676870346069336 0.77076017856597900391 0.77964437007904052734 0.82723736763000488281 0.79474347829818725586 0.68596810102462768555 0.59353280067443847656 0.70799660682678222656 0.77009350061416625977 0.79287761449813842773 0.80272841453552246094 0.81658279895782470703 0.812114715576171875 0.80991721153259277344 0.83313870429992675781 0.82738894224166870117 0.82279688119888305664 0.81619256734848022461 0.80679994821548461914 0.82894337177276611328 0.84128195047378540039 0.84656584262847900391 0.82437038421630859375 0.86770027875900268555 0.8701381683349609375 0.86530643701553344727 0.85998380184173583984 0.86199915409088134766 0.85258382558822631836 0.86209887266159057617 0.862049102783203125 0.85531866550445556641 0.85660302639007568359 0.86047536134719848633 0.85741955041885375977 0.83736556768417358398 0.83695799112319946289 0.8421637415885925293
