OMS_GEOET11/data/Meledrio/6/skyview_6.asc
ncols        466
nrows        396
xllcorner    620182.000000000000
yllcorner    5119528.000000000000
cellsize     30.000000000000
NODATA_value  -9999
[rows 285 to 303 of 396, columns 301 to 343 of 466]
0.7924429774284362793 0.78488355875015258789 0.76778322458267211914 0.77162796258926391602 0.84921383857727050781 0.67819607257843017578 0.70574945211410522461 0.74409747123718261719 0.74754792451858520508 0.74779242277145385742 0.76294732093811035156 0.76170271635055541992 0.75769656896591186523 0.75110512971878051758 0.74339687824249267578 0.7102476954460144043 0.57440435886383056641 0.71785885095596313477 0.67603880167007446289 0.74708598852157592773 0.6825364232063293457 0.65007030963897705078 0.60168921947479248047 0.62459969520568847656 0.67859005928039550781 0.8050931096076965332 -9999 -9999 -9999 -9999 -9999 -9999 -9999 -9999 -9999 -9999 -9999 -9999 -9999 -9999 -9999 -9999 -9999
0.81320244073867797852 0.79812562465667724609 0.7645721435546875 0.71832251548767089844 0.78506112098693847656 0.78993916511535644531 0.6943206787109375 0.71369558572769165039 0.74919724464416503906 0.73627531528472900391 0.75845062732696533203 0.74469685554504394531 0.7319622039794921875 0.70740753412246704102 0.70791006088256835938 0.64544212818145751953 0.615100860595703125 0.74305325746536254883 0.73663657903671264648 0.73850512504577636719 0.7446956634521484375 0.72610324621200561523 0.67111247777938842773 0.67297995090484619141 0.73275351524353027344 -9999 -9999 -9999 -9999 -9999 -9999 -9999 -9999 -9999 -9999 -9999 -9999 -9999 -9999 -9999 -9999 -9999 -9999
0.81525790691375732422 0.80758368968963623047 0.79826819896697998047 0.75158399343490600586 0.71959769725799560547 0.85325562953948974609 0.73528772592544555664 0.75065273046493530273 0.71495968103408813477 0.70783346891403198242 0.74412554502487182617 0.75216794013977050781 0.72025191783905029297 0.68218100070953369141 0.75175237655639648438 0.66900223493576049805 0.75145751237869262695 0.72144025564193725586 0.70413374900817871094 0.68957954645156860352 0.74364197254180908203 0.77129507064819335938 0.63995540142059326172 0.70343899726867675781 -9999 -9999 -9999 -9999 -9999 -9999 -9999 -9999 -9999 -9999 -9999 -9999 -9999 -9999 -9999 -9999 -9999 -9999 -9999
0.82732117176055908203 0.81509733200073242188 0.80905640125274658203 0.79637867212295532227 0.74031347036361694336 0.83127188682556152344 0.84492832422256469727 0.82258129119873046875 0.78734380006790161133 0.77049899101257324219 0.74722146987915039062 0.75944602489471435547 0.76525443792343139648 0.79017728567123413086 0.79596829414367675781 0.77876311540603637695 0.75051254034042358398 0.68148988485336303711 0.67800873517990112305 0.71630764007568359375 0.73114150762557983398 0.86966800689697265625 0.75658828020095825195 -9999 -9999 -9999 -9999 -9999 -9999 -9999 -9999 -9999 -9999 -9999 -9999 -9999 -9999 -9999 -9999 -9999 -9999 -9999 -9999
0.84756839275360107422 0.84347295761108398438 0.84069454669952392578 0.83837288618087768555 0.81497776508331298828 0.80335539579391479492 0.82091313600540161133 0.84146553277969360352 0.83652865886688232422 0.82616978883743286133 0.81506365537643432617 0.79945236444473266602 0.79057043790817260742 0.79294514656066894531 0.78074163198471069336 0.745204925537109375 0.70127683877944946289 0.67431837320327758789 0.62614095211029052734 0.66935467720031738281 0.68253856897354125977 0.67201817035675048828 0.95336961746215820312 -9999 -9999 -9999 -9999 -9999 -9999 -9999 -9999 -9999 -9999 -9999 -9999 -9999 -9999 -9999 -9999 -9999 -9999 -9999 -9999
0.82785201072692871094 0.82465022802352905273 0.82635319232940673828 0.82230526208877563477 0.81675136089324951172 0.80127328634262084961 0.76299965381622314453 0.76060658693313598633 0.74353593587875366211 0.75214827060699462891 0.77396780252456665039 0.79226887226104736328 0.78644198179244995117 0.7584870457649230957 0.72219079732894897461 0.68572354316711425781 0.66168695688247680664 0.66278499364852905273 0.62099486589431762695 0.69463700056076049805 0.71625930070877075195 0.69328653812408447266 0.8627986907958984375 -9999 -9999 -9999 -9999 -9999 -9999 -9999 -9999 -9999 -9999 -9999 -9999 -9999 -9999 -9999 -9999 -9999 -9999 -9999 -9999
0.77986621856689453125 0.76459604501724243164 0.7628765106201171875 0.74738150835037231445 0.75687867403030395508 0.75695919990539550781 0.76651030778884887695 0.76500970125198364258 0.76574891805648803711 0.72899687290191650391 0.74306410551071166992 0.71869379281997680664 0.72666960954666137695 0.72301614284515380859 0.71203374862670898438 0.69560605287551879883 0.65850263833999633789 0.63373941183090209961 0.59416866302490234375 0.65360784530639648438 0.71030282974243164062 0.71136742830276489258 0.84655702114105224609 -9999 -9999 -9999 -9999 -9999 -9999 -9999 -9999 -9999 -9999 -9999 -9999 -9999 -9999 -9999 -9999 -9999 -9999 -9999 -9999
0.80767774581909179688 0.773128509521484375 0.76467990875244140625 0.75712370872497558594 0.77486276626586914062 0.77885258197784423828 0.78125017881393432617 0.78966945409774780273 0.78365939855575561523 0.77194678783416748047 0.77581018209457397461 0.75788253545761108398 0.76502156257629394531 0.75562947988510131836 0.73056972026824951172 0.70758205652236938477 0.66656786203384399414 0.64329451322555541992 0.5950266718864440918 0.6653925776481628418 0.72043967247009277344 0.71471005678176879883 0.78780460357666015625 -9999 -9999 -9999 -9999 -9999 -9999 -9999 -9999 -9999 -9999 -9999 -9999 -9999 -9999 -9999 -9999 -9999 -9999 -9999 -9999
0.80734848976135253906 0.79151290655136108398 0.78515452146530151367 0.77482575178146362305 0.78200948238372802734 0.79232972860336303711 0.7895724177360534668 0.79860770702362060547 0.79697549343109130859 0.78168910741806030273 0.7768217921257019043 0.77278369665145874023 0.76061892509460449219 0.74952900409698486328 0.73562848567962646484 0.70295256376266479492 0.66817581653594970703 0.61725980043411254883 0.62748032808303833008 0.70012736320495605469 0.74483180046081542969 0.72118300199508666992 0.73172241449356079102 -9999 -9999 -9999 -9999 -9999 -9999 -9999 -9999 -9999 -9999 -9999 -9999 -9999 -9999 -9999 -9999 -9999 -9999 -9999 -9999
0.82380330562591552734 0.81255310773849487305 0.80173486471176147461 0.79062521457672119141 0.7938277125358581543 0.80354028940200805664 0.80218720436096191406 0.79724401235580444336 0.79293179512023925781 0.78660857677459716797 0.77936774492263793945 0.7666905522346496582 0.75291204452514648438 0.7449887394905090332 0.73232769966125488281 0.71986913681030273438 0.69176244735717773438 0.67044299840927124023 0.67916148900985717773 0.72908306121826171875 0.75030440092086791992 0.74846309423446655273 0.70979326963424682617 0.86507946252822875977 -9999 -9999 -9999 -9999 -9999 -9999 -9999 -9999 -9999 -9999 -9999 -9999 -9999 -9999 -9999 -9999 -9999 -9999 -9999
0.81927055120468139648 0.81241536140441894531 0.80623340606689453125 0.79918754100799560547 0.80351912975311279297 0.80489599704742431641 0.80124866962432861328 0.79514038562774658203 0.78630536794662475586 0.77783954143524169922 0.76815187931060791016 0.76054292917251586914 0.74670362472534179688 0.73894631862640380859 0.73135042190551757812 0.71817719936370849609 0.67869019508361816406 0.63004153966903686523 0.65749692916870117188 0.73604035377502441406 0.72414493560791015625 0.73729979991912841797 0.67907416820526123047 0.79328370094299316406 -9999 -9999 -9999 -9999 -9999 -9999 -9999 -9999 -9999 -9999 -9999 -9999 -9999 -9999 -9999 -9999 -9999 -9999 -9999
0.80492156744003295898 0.8047650456428527832 0.80375206470489501953 0.80133843421936035156 0.79796779155731201172 0.80024158954620361328 0.79519647359848022461 0.78838717937469482422 0.77560758590698242188 0.76464068889617919922 0.75886231660842895508 0.74896138906478881836 0.74172931909561157227 0.7353356480598449707 0.72637760639190673828 0.70755481719970703125 0.679744720458984375 0.67385518550872802734 0.68861722946166992188 0.74482184648513793945 0.75304126739501953125 0.74263072013854980469 0.72155129909515380859 0.75942587852478027344 -9999 -9999 -9999 -9999 -9999 -9999 -9999 -9999 -9999 -9999 -9999 -9999 -9999 -9999 -9999 -9999 -9999 -9999 -9999
0.79541677236557006836 0.80586230754852294922 0.80583584308624267578 0.80208563804626464844 0.79473739862442016602 0.78914272785186767578 0.78613847494125366211 0.77689069509506225586 0.76858067512512207031 0.76439249515533447266 0.75849670171737670898 0.7457816004753112793 0.73345452547073364258 0.71832162141799926758 0.69210511445999145508 0.65044248104095458984 0.69839006662368774414 0.60779464244842529297 0.64513301849365234375 0.75009357929229736328 0.7318083643913269043 0.72876363992691040039 0.75249969959259033203 0.7330443263053894043 -9999 -9999 -9999 -9999 -9999 -9999 -9999 -9999 -9999 -9999 -9999 -9999 -9999 -9999 -9999 -9999 -9999 -9999 -9999
0.80532246828079223633 0.80683684349060058594 0.80671453475952148438 0.80240935087203979492 0.79378247261047363281 0.79166072607040405273 0.78734344244003295898 0.77833044528961181641 0.77139842510223388672 0.75966602563858032227 0.75257414579391479492 0.74327528476715087891 0.73052680492401123047 0.70750123262405395508 0.65332454442977905273 0.61023670434951782227 0.629108428955078125 0.60544335842132568359 0.69759458303451538086 0.71733081340789794922 0.74451100826263427734 0.70378220081329345703 0.71180522441864013672 0.70825457572937011719 -9999 -9999 -9999 -9999 -9999 -9999 -9999 -9999 -9999 -9999 -9999 -9999 -9999 -9999 -9999 -9999 -9999 -9999 -9999
0.8007075190544128418 0.80565041303634643555 0.80266702175140380859 0.80123603343963623047 0.79429620504379272461 0.78902763128280639648 0.78006941080093383789 0.77360683679580688477 0.76693904399871826172 0.75995606184005737305 0.74938726425170898438 0.74343740940093994141 0.73248362541198730469 0.7078234553337097168 0.67623549699783325195 0.57635313272476196289 0.63892596960067749023 0.72310209274291992188 0.51396280527114868164 0.71347087621688842773 0.77667784690856933594 0.69892555475234985352 0.73395437002182006836 0.68280202150344848633 0.67297959327697753906 -9999 -9999 -9999 -9999 -9999 -9999 -9999 -9999 -9999 -9999 -9999 -9999 -9999 -9999 -9999 -9999 -9999 -9999
0.79047179222106933594 0.79422336816787719727 0.79675513505935668945 0.7941741943359375 0.79043191671371459961 0.78811156749725341797 0.77855831384658813477 0.7670879364013671875 0.76019537448883056641 0.75663942098617553711 0.74912548065185546875 0.73908537626266479492 0.72487694025039672852 0.69724714756011962891 0.64942836761474609375 0.57585734128952026367 0.69783568382263183594 0.73587632179260253906 0.64877671003341674805 0.63572520017623901367 0.74593305587768554688 0.77522230148315429688 0.73934060335159301758 0.78752720355987548828 0.69227159023284912109 0.90141654014587402344 -9999 -9999 -9999 -9999 -9999 -9999 -9999 -9999 -9999 -9999 -9999 -9999 -9999 -9999 -9999 -9999 -9999
0.79634594917297363281 0.79176497459411621094 0.79261541366577148438 0.78956115245819091797 0.78459322452545166016 0.78721231222152709961 0.77315247058868408203 0.76568555831909179688 0.75792098045349121094 0.75627624988555908203 0.74804896116256713867 0.74281764030456542969 0.72595822811126708984 0.70027780532836914062 0.63691079616546630859 0.59787058830261230469 0.71121841669082641602 0.72341167926788330078 0.742061614990234375 0.71940863132476806641 0.68527543544769287109 0.63629812002182006836 0.72697591781616210938 0.76991635560989379883 0.74619323015213012695 0.91904038190841674805 -9999 -9999 -9999 -9999 -9999 -9999 -9999 -9999 -9999 -9999 -9999 -9999 -9999 -9999 -9999 -9999 -9999
0.7899691462516784668 0.79022294282913208008 0.78712046146392822266 0.78773516416549682617 0.7822291254997253418 0.78583920001983642578 0.77613502740859985352 0.76798599958419799805 0.75672775506973266602 0.75673216581344604492 0.7519257664680480957 0.73479449748992919922 0.72080713510513305664 0.69781029224395751953 0.60061967372894287109 0.66182941198348999023 0.74805164337158203125 0.68677407503128051758 0.71177816390991210938 0.78574740886688232422 0.68750095367431640625 0.70421755313873291016 0.65510833263397216797 0.68706506490707397461 0.70356792211532592773 0.90367448329925537109 -9999 -9999 -9999 -9999 -9999 -9999 -9999 -9999 -9999 -9999 -9999 -9999 -9999 -9999 -9999 -9999 -9999
0.7714760899543762207 0.76979535818099975586 0.77765685319900512695 0.7793820500373840332 0.77694201469421386719 0.77142965793609619141 0.76556873321533203125 0.76484155654907226562 0.75291275978088378906 0.7563603520393371582 0.74601155519485473633 0.72993564605712890625 0.70818412303924560547 0.67087978124618530273 0.58035928010940551758 0.67718166112899780273 0.62979680299758911133 0.76375025510787963867 0.76141774654388427734 0.74734377861022949219 0.75112706422805786133 0.74176400899887084961 0.71445053815841674805 0.70283555984497070312 0.68687611818313598633 0.91746878623962402344 -9999 -9999 -9999 -9999 -9999 -9999 -9999 -9999 -9999 -9999 -9999 -9999 -9999 -9999 -9999 -9999 -9999
