OMS_GEOET11/data/Meledrio/5/DEM_5.asc
ncols        439
nrows        381
xllcorner    616702.000000000000
yllcorner    5128528.000000000000
cellsize     30.000000000000
NODATA_value  -9999
[rows 105 to 125 of 381, columns 276 to 321 of 439]
2696.2109375 2676.212890625 2661.06494140625 2649.677001953125 2641.39794921875 2607.419921875 2580.471923828125 2559.343994140625 2539.285888671875 2516.39794921875 2505.2490234375 2492.64111328125 2484.73291015625 2477.18505859375 2460.806884765625 2457.1279296875 2442.590087890625 2414.19189453125 2397.464111328125 2376.115966796875 2347.3779296875 2307.638916015625 2276.091064453125 2256.162109375 2243.10400390625 2232.4560546875 2222.096923828125 2214.029052734375 2205.72998046875 2180.031982421875 2169.053955078125 2164.125 2159.257080078125 2168.279052734375 2177.389892578125 2172.842041015625 2162.02294921875 2153.10498046875 2142.95703125 2135.97802734375 2132.18994140625 2127.3310546875 2127.302978515625 2130.0849609375 2137.115966796875 2147.35791015625
2692.951904296875 2670.944091796875 2657.27490234375 2648.85693359375 2643.60888671875 2617.9609375 2591.462890625 2569.174072265625 2546.60595703125 2523.847900390625 2500.64990234375 2481.172119140625 2467.884033203125 2455.235107421875 2446.93701171875 2432.739013671875 2439.40087890625 2410.972900390625 2385.444091796875 2357.486083984375 2336.91796875 2307.260009765625 2279.3310546875 2248.962890625 2235.47509765625 2229.156005859375 2219.137939453125 2208.52001953125 2198.240966796875 2187.52294921875 2163.323974609375 2155.785888671875 2149.26806640625 2146.1689453125 2155.450927734375 2151.0419921875 2142.00390625 2134.345947265625 2127.427001953125 2123.7490234375 2121.430908203125 2117.011962890625 2112.73388671875 2112.02587890625 2118.677001953125 2126.549072265625
2693.322021484375 2672.083984375 2663.305908203125 2654.197998046875 2642.27001953125 2628.760986328125 2616.02294921875 2582.205078125 2563.156982421875 2541.4990234375 2510.2509765625 2488.632080078125 2465.75390625 2446.385986328125 2430.068115234375 2418.570068359375 2404.65087890625 2390.85302734375 2376.64501953125 2362.7470703125 2336.93896484375 2305.469970703125 2278.48193359375 2252.904052734375 2242.4150390625 2231.43701171875 2217.779052734375 2205.2900390625 2194.0419921875 2183.153076171875 2167.125 2150.237060546875 2137.498046875 2132.68994140625 2129.572021484375 2137.35302734375 2128.72509765625 2121.97607421875 2114.01806640625 2112.2900390625 2111.10107421875 2105.673095703125 2100.77490234375 2094.39599609375 2098.60791015625 2105.909912109375
2685.883056640625 2668.4150390625 2662.467041015625 2657.298095703125 2641.489990234375 2629.08203125 2621.72412109375 2599.51611328125 2577.22802734375 2552.9990234375 2520.3310546875 2498.18310546875 2479.2451171875 2459.81689453125 2439.68798828125 2420.659912109375 2402.33203125 2388.384033203125 2372.64599609375 2349.987060546875 2334.319091796875 2309.910888671875 2276.443115234375 2251.013916015625 2239.5458984375 2227.3779296875 2216.7490234375 2202.6708984375 2189.48193359375 2178.0439453125 2166.236083984375 2142.64697265625 2136.51904296875 2124.4208984375 2117.181884765625 2116.533935546875 2120.805908203125 2113.177001953125 2105.489013671875 2102.75 2099.991943359375 2096.89404296875 2090.125 2082.596923828125 2079.549072265625 2085.679931640625
2666.31396484375 2640.864990234375 2640.406982421875 2625.388916015625 2626.510986328125 2630.14306640625 2622.5048828125 2611.35595703125 2589.887939453125 2561.5 2526.69189453125 2505.89404296875 2482.885009765625 2461.217041015625 2442.05908203125 2430.260986328125 2418.593017578125 2407.243896484375 2388.06591796875 2365.248046875 2343.110107421875 2323.322021484375 2294.2529296875 2262.485107421875 2242.43701171875 2219.867919921875 2207.219970703125 2194.180908203125 2182.242919921875 2170.445068359375 2160.176025390625 2149.298095703125 2127.429931640625 2119.5810546875 2107.5830078125 2101.554931640625 2104.51611328125 2105.2080078125 2099.360107421875 2092.861083984375 2090.0029296875 2086.824951171875 2081.4560546875 2073.718017578125 2067.908935546875 2065.77099609375
2642.5439453125 2619.345947265625 2610.327880859375 2601.3701171875 2601.35107421875 2606.6630859375 2609.0849609375 2605.43701171875 2593.18896484375 2562.60107421875 2557.751953125 2521.25390625 2499.2060546875 2480.077880859375 2454.929931640625 2435.2509765625 2422.423095703125 2412.034912109375 2390.656982421875 2363.868896484375 2344.801025390625 2325.7119140625 2298.2041015625 2258.555908203125 2241.35693359375 2211.908935546875 2199.27001953125 2187.27197265625 2174.944091796875 2162.625 2150.68701171875 2139.658935546875 2132.360107421875 2114.4619140625 2104.22412109375 2095.68505859375 2085.056884765625 2081.80908203125 2078.169921875 2073.69189453125 2077.464111328125 2076.18505859375 2072.197021484375 2064.888916015625 2060.050048828125 2055.701904296875
2612.14501953125 2596.037109375 2587.18798828125 2578.739990234375 2578.89208984375 2584.5439453125 2583.305908203125 2581.117919921875 2583.208984375 2577.3310546875 2562.093017578125 2542.60498046875 2517.447021484375 2501.568115234375 2475.820068359375 2450.632080078125 2430.583984375 2405.8759765625 2383.126953125 2364.799072265625 2346.281005859375 2316.64306640625 2297.384033203125 2270.006103515625 2243.597900390625 2216.428955078125 2194.87109375 2180.992919921875 2168.763916015625 2158.095947265625 2148.0380859375 2136.908935546875 2128.0009765625 2118.85302734375 2105.493896484375 2088.56591796875 2081.077880859375 2071.64892578125 2063.551025390625 2054.43310546875 2052.884033203125 2052.285888671875 2057.7080078125 2060.9990234375 2054.611083984375 2051.443115234375
2591.715087890625 2573.876953125 2561.18896484375 2556.950927734375 2553.27294921875 2555.364990234375 2558.285888671875 2556.778076171875 2556.43994140625 2556.56201171875 2547.194091796875 2533.715087890625 2518.037109375 2503.118896484375 2487.44091796875 2463.85302734375 2441.493896484375 2411.8759765625 2381.637939453125 2359.340087890625 2338.261962890625 2317.952880859375 2300.695068359375 2258.43701171875 2233.617919921875 2213.25 2176.902099609375 2170.7529296875 2160.554931640625 2150.406982421875 2140.447998046875 2132.6298828125 2121.922119140625 2116.012939453125 2106.324951171875 2098.757080078125 2087.278076171875 2068.320068359375 2058.251953125 2048.27294921875 2039.2249755859375 2032.2669677734375 2032.3280029296875 2038.4300537109375 2051.112060546875 2047.2740478515625
2576.716064453125 2562.028076171875 2546.389892578125 2535.592041015625 2531.712890625 2532.60498046875 2537.18701171875 2543.509033203125 2540.041015625 2538.8720703125 2531.573974609375 2525.946044921875 2514.16796875 2497.5400390625 2484.3310546875 2464.462890625 2443.635009765625 2418.947021484375 2389.549072265625 2362.699951171875 2341.64208984375 2311.7041015625 2288.8359375 2263.547119140625 2234.2890625 2208.910888671875 2175.422119140625 2160.23388671875 2151.35595703125 2144.047119140625 2132.0390625 2124.4208984375 2119.031982421875 2109.033935546875 2100.716064453125 2092.45703125 2085.89892578125 2078.1708984375 2063.492919921875 2044.9940185546875 2032.4859619140625 2024.93798828125 2018.0589599609375 2018.7010498046875 2027.7230224609375 2041.0340576171875
2559.797119140625 2547.5390625 2533.550048828125 2520.10205078125 2511.7939453125 2518.006103515625 2519.988037109375 2526.259033203125 2527.760986328125 2522.98291015625 2525.455078125 2523.806884765625 2508.7080078125 2491.52001953125 2478.39208984375 2457.214111328125 2437.77587890625 2414.14697265625 2385.22900390625 2359.2109375 2334.81298828125 2315.4150390625 2287.406005859375 2257.498046875 2229.169921875 2199.73095703125 2167.14306640625 2150.5048828125 2144.1259765625 2136.18798828125 2124.820068359375 2117.39111328125 2110.593017578125 2101.22509765625 2092.926025390625 2086.407958984375 2079.429931640625 2071.781982421875 2062.64306640625 2055.905029296875 2037.72705078125 2020.7080078125 2012.219970703125 2005.342041015625 2006.322998046875 2014.0550537109375
2542.027099609375 2531.10888671875 2519.160888671875 2506.2529296875 2496.594970703125 2497.93603515625 2504.498046875 2510.419921875 2509.652099609375 2499.60400390625 2502.9951171875 2506.777099609375 2498.468994140625 2489.0810546875 2469.843017578125 2450.97412109375 2429.97607421875 2408.347900390625 2380.919921875 2355.58203125 2333.7939453125 2306.735107421875 2284.47705078125 2263.51904296875 2222.110107421875 2185.181884765625 2166.674072265625 2151.764892578125 2138.826904296875 2129.4990234375 2118.93994140625 2112.60205078125 2105.35400390625 2095.97509765625 2089.39697265625 2081.4189453125 2075.220947265625 2067.39208984375 2056.924072265625 2048.24609375 2042.64697265625 2030.93896484375 2005.240966796875 1999.741943359375 1992.2139892578125 1992.416015625
2524.968017578125 2514.3798828125 2503.652099609375 2491.712890625 2481.35498046875 2476.1669921875 2478.12890625 2482.9609375 2487.672119140625 2484.283935546875 2485.906005859375 2487.867919921875 2487.93994140625 2474.470947265625 2456.532958984375 2441.18505859375 2422.376953125 2403.819091796875 2377.93994140625 2352.83203125 2326.77392578125 2306.18603515625 2268.66796875 2246.97900390625 2218.4609375 2193.173095703125 2175.634033203125 2158.926025390625 2143.26806640625 2128.198974609375 2116.430908203125 2106.452880859375 2097.9150390625 2088.966064453125 2083.177978515625 2074.31005859375 2068.631103515625 2060.742919921875 2054.85498046875 2045.115966796875 2037.4580078125 2029.7099609375 2016.072021484375 1990.2530517578125 1986.8050537109375 1979.8570556640625
2507.178955078125 2497.830078125 2487.672119140625 2476.833984375 2465.446044921875 2455.30810546875 2455.408935546875 2461.970947265625 2466.623046875 2468.6650390625 2469.467041015625 2468.01806640625 2470.139892578125 2456.7919921875 2443.283935546875 2435.805908203125 2419.656982421875 2397.26904296875 2379.39111328125 2354.012939453125 2311.89501953125 2288.51611328125 2265.2080078125 2243.449951171875 2222.02197265625 2201.742919921875 2183.155029296875 2164.866943359375 2149.66796875 2132.25 2113.912109375 2101.333984375 2091.925048828125 2084.037109375 2076.468994140625 2069.219970703125 2062.052001953125 2054.48388671875 2047.9749755859375 2039.8570556640625 2033.1290283203125 2019.321044921875 2018.4219970703125 2003.634033203125 1979.3260498046875 1968.987060546875
2490.908935546875 2481.5810546875 2472.23291015625 2461.235107421875 2451.075927734375 2440.2880859375 2435.31005859375 2439.431884765625 2444.493896484375 2445.9150390625 2447.177001953125 2446.198974609375 2445.27099609375 2441.23291015625 2439.823974609375 2431.8759765625 2418.26806640625 2390.77001953125 2362.681884765625 2337.444091796875 2315.054931640625 2291.156982421875 2267.8291015625 2244.860107421875 2224.572021484375 2207.64404296875 2187.3359375 2170.4970703125 2155.239013671875 2138.341064453125 2120.843017578125 2100.8740234375 2087.7958984375 2077.847900390625 2070.26904296875 2062.430908203125 2055.712890625 2047.7340087890625 2040.416015625 2034.2979736328125 2029.239990234375 2023.010986328125 2014.02294921875 1992.344970703125 1980.7969970703125 1967.008056640625
2480.159912109375 2465.362060546875 2457.202880859375 2446.52490234375 2435.8369140625 2426.259033203125 2416.551025390625 2413.89208984375 2416.993896484375 2421.0458984375 2423.2080078125 2426.090087890625 2429.260986328125 2428.85302734375 2427.56494140625 2421.717041015625 2415.658935546875 2394.300048828125 2370.52197265625 2344.674072265625 2317.385986328125 2300.278076171875 2278.428955078125 2252.010986328125 2234.31298828125 2215.64501953125 2200.345947265625 2178.6279296875 2160.89990234375 2144.0009765625 2121.722900390625 2101.905029296875 2087.297119140625 2075.427978515625 2064.760009765625 2057.471923828125 2048.68310546875 2040.64501953125 2033.47705078125 2023.509033203125 2021.2099609375 2015.9019775390625 2010.884033203125 2005.345947265625 1995.126953125 1975.678955078125
2470.590087890625 2450.3720703125 2441.02392578125 2433.1259765625 2422.117919921875 2412.368896484375 2402.740966796875 2393.653076171875 2393.93505859375 2395.6669921875 2399.80810546875 2404.659912109375 2407.69189453125 2407.6640625 2410.595947265625 2408.787109375 2405.5791015625 2395.111083984375 2373.3330078125 2348.715087890625 2328.507080078125 2308.048095703125 2285.949951171875 2268.052001953125 2247.35302734375 2225.574951171875 2209.757080078125 2190.259033203125 2168.68994140625 2148.1220703125 2131.3740234375 2112.26611328125 2086.027099609375 2068.718994140625 2062.200927734375 2053.201904296875 2044.404052734375 2036.885986328125 2027.387939453125 2019.97900390625 2012.6409912109375 2008.9930419921875 2004.9150390625 1999.3759765625 1991.9580078125 1986.27001953125
2461.77099609375 2440.383056640625 2427.094970703125 2417.885986328125 2410.048095703125 2398.320068359375 2388.842041015625 2380.81396484375 2373.844970703125 2375.3369140625 2373.80908203125 2380.35107421875 2382.693115234375 2390.98388671875 2391.285888671875 2389.6279296875 2387.159912109375 2383.64208984375 2379.443115234375 2354.385009765625 2330.4169921875 2312.368896484375 2297.791015625 2277.81201171875 2253.964111328125 2237.31591796875 2220.318115234375 2199.60888671875 2181.381103515625 2167.552978515625 2156.89501953125 2136.446044921875 2112.55810546875 2088.330078125 2072.40087890625 2052.962890625 2040.7650146484375 2030.156982421875 2025.93798828125 2013.97998046875 2006.241943359375 1995.8740234375 1993.625 1993.5369873046875 1987.3690185546875 1981.56103515625
2461.092041015625 2441.23291015625 2413.294921875 2404.547119140625 2396.62890625 2387.48095703125 2376.531982421875 2368.1640625 2357.18603515625 2349.498046875 2348.56005859375 2354.740966796875 2360.873046875 2372.614990234375 2371.866943359375 2370.618896484375 2370.0400390625 2374.08203125 2375.364013671875 2356.365966796875 2340.068115234375 2324.80908203125 2308.0810546875 2289.212890625 2269.43505859375 2259.51611328125 2244.16796875 2214.7900390625 2200.89208984375 2190.31298828125 2165.675048828125 2140.68701171875 2120.30908203125 2108.300048828125 2091.412109375 2066.5439453125 2048.3359375 2030.3470458984375 2023.6190185546875 2016.5909423828125 2010.072998046875 2001.1639404296875 1984.2860107421875 1976.8780517578125 1973.8599853515625 1971.010986328125
2465.261962890625 2436.743896484375 2405.3359375 2392.577880859375 2383.698974609375 2375.40087890625 2366.173095703125 2356.844970703125 2347.45703125 2336.197998046875 2328.659912109375 2330.862060546875 2340.154052734375 2346.716064453125 2349.5869140625 2355.51904296875 2358.131103515625 2360.3330078125 2366.304931640625 2371.01708984375 2365.298095703125 2356.780029296875 2333.382080078125 2315.81396484375 2295.715087890625 2284.68701171875 2274.76904296875 2265.90087890625 2238.221923828125 2222.60400390625 2187.64599609375 2175.568115234375 2152.708984375 2145.60107421875 2119.23291015625 2097.1650390625 2068.64599609375 2041.22802734375 2039.97998046875 2029.31201171875 2014.633056640625 1999.0250244140625 1990.0469970703125 1978.178955078125 1964.77001953125 1951.4820556640625
2447.93310546875 2428.635009765625 2411.035888671875 2392.657958984375 2376.340087890625 2365.251953125 2356.694091796875 2346.885009765625 2337.056884765625 2327.7890625 2316.94091796875 2311.343017578125 2315.6650390625 2319.676025390625 2324.85791015625 2335.340087890625 2345.281982421875 2347.18408203125 2347.554931640625 2361.027099609375 2371.80908203125 2364.64111328125 2360.412109375 2357.114013671875 2326.285888671875 2307.76806640625 2307.339111328125 2303.341064453125 2285.383056640625 2262.804931640625 2233.22705078125 2212.077880859375 2202.8701171875 2191.2119140625 2168.72412109375 2138.925048828125 2097.467041015625 2075.928955078125 2055.740966796875 2037.072021484375 2015.85400390625 1997.416015625 1985.2879638671875 1977.8990478515625 1970.5909423828125 1957.802978515625
2448.64404296875 2429.4951171875 2411.18701171875 2392.8291015625 2375.4609375 2360.23291015625 2347.52392578125 2338.39599609375 2329.097900390625 2319.949951171875 2311.991943359375 2302.492919921875 2294.0849609375 2297.136962890625 2300.2490234375 2307.52099609375 2319.471923828125 2326.97412109375 2330.156005859375 2343.16796875 2352.8701171875 2375.160888671875 2381.722900390625 2386.06494140625 2356.346923828125 2360.72802734375 2337.56005859375 2318.052001953125 2296.31396484375 2274.93505859375 2252.287109375 2232.569091796875 2213.970947265625 2192.991943359375 2172.75390625 2133.7958984375 2107.468017578125 2092.090087890625 2078.470947265625 2059.60302734375 2024.7750244140625 2002.22705078125 1984.68798828125 1977.1099853515625 1970.261962890625 1960.6739501953125
