OMS_GEOET11/data/Meledrio/5/DEM_5.asc
ncols        439
nrows        381
xllcorner    616702.000000000000
yllcorner    5128528.000000000000
cellsize     30.000000000000
NODATA_value  -9999
[rows 273 to 293 of 381, columns 184 to 229 of 439]
2280.555908203125 2274.486083984375 2265.85595703125 2251.805908203125 2234.14697265625 2213.027099609375 2164.697021484375 2149.576904296875 2134.406982421875 2141.68798828125 2106.30810546875 2094.47802734375 2093.617919921875 2079.93896484375 2071.759033203125 2056.35888671875 2035.2889404296875 2019.9000244140625 1999.699951171875 1983.030029296875 1972.1400146484375 1961.4310302734375 1951.791015625 1942.220947265625 1924.6510009765625 1910.802001953125 1901.9320068359375 1898.531982421875 1897.6319580078125 1896.56298828125 1895.7530517578125 1882.6949462890625 1901.2860107421875 1900.5980224609375 1903.7099609375 1910.741943359375 1911.7039794921875 1910.166015625 1913.22802734375 1921.06005859375 1907.8719482421875 1908.7330322265625 1928.4659423828125 1921.8079833984375 1924.3800048828125 1929.1920166015625
2308.535888671875 2306.35693359375 2292.507080078125 2266.876953125 2245.136962890625 2207.7080078125 2173.837890625 2185.2080078125 2179.43798828125 2168.577880859375 2126.43896484375 2120.759033203125 2117.208984375 2100.85888671875 2084.02001953125 2066.260009765625 2049.139892578125 2027.6600341796875 2008.52099609375 1994.4210205078125 1980.260986328125 1972.1009521484375 1958.8919677734375 1944.1820068359375 1925.83203125 1915.501953125 1909.843017578125 1908.2330322265625 1906.262939453125 1902.843017578125 1895.77294921875 1899.6650390625 1913.5269775390625 1913.6090087890625 1914.531005859375 1920.3719482421875 1919.60400390625 1918.156005859375 1923.887939453125 1927.5899658203125 1935.592041015625 1933.053955078125 1947.177001953125 1953.9090576171875 1947.23095703125 1952.4530029296875
2344.56689453125 2325.906982421875 2310.577880859375 2286.568115234375 2256.8779296875 2216.5380859375 2202.779052734375 2223.819091796875 2194.009033203125 2168.97900390625 2147.259033203125 2146.530029296875 2138.969970703125 2112.530029296875 2097 2080.910888671875 2067.260986328125 2040.031005859375 2021.9110107421875 2007.2919921875 1992.6619873046875 1981.7919921875 1969.85205078125 1945.60302734375 1929.802978515625 1924.10302734375 1921.06298828125 1923.4539794921875 1929.4539794921875 1918.134033203125 1895.77294921875 1915.3349609375 1928.8470458984375 1929.8089599609375 1926.321044921875 1931.2130126953125 1929.4849853515625 1931.8470458984375 1934.208984375 1941.4610595703125 1952.762939453125 1958.0450439453125 1966.866943359375 1974.6689453125 1970.52099609375 1972.3330078125
2362.16796875 2338.30810546875 2308.72802734375 2284.37890625 2252.30908203125 2244.759033203125 2243.489013671875 2241.570068359375 2210.5 2182.090087890625 2172.43994140625 2184.820068359375 2165.781005859375 2130.041015625 2115.6708984375 2094.801025390625 2076.471923828125 2056.221923828125 2037.06201171875 2020.592041015625 2007.6729736328125 1992.7330322265625 1971.4530029296875 1953.4530029296875 1940.114013671875 1940.0439453125 1943.7440185546875 1944.4639892578125 1938.39404296875 1922.5450439453125 1911.4549560546875 1931.2960205078125 1940.6180419921875 1942.550048828125 1943.011962890625 1944.343994140625 1942.0660400390625 1946.3780517578125 1952.3599853515625 1967.220947265625 1971.282958984375 1977.375 1984.8580322265625 1993.47998046875 1990.2120361328125 1998.4739990234375
2378.178955078125 2361.138916015625 2331.658935546875 2302.89892578125 2294.47998046875 2280.860107421875 2265.419921875 2258.530029296875 2236.910888671875 2203.541015625 2200.760986328125 2217.35107421875 2202.111083984375 2169.552001953125 2138.971923828125 2106.181884765625 2092.152099609375 2068.843017578125 2047.56298828125 2028.052978515625 2014.35302734375 2003.39404296875 1991.9739990234375 1976.7640380859375 1961.9139404296875 1955.4639892578125 1951.614990234375 1948.7149658203125 1938.7550048828125 1919.905029296875 1922.5660400390625 1942.0570068359375 1948.198974609375 1950.1910400390625 1954.7130126953125 1953.0040283203125 1959.926025390625 1964.5379638671875 1972.6600341796875 1984.031982421875 1988.904052734375 1995.7559814453125 2003.779052734375 2013.510986328125 2011.991943359375 2022.6739501953125
2385.43896484375 2369.89990234375 2330.110107421875 2338.949951171875 2329.47998046875 2309.410888671875 2300.10107421875 2281.700927734375 2263.990966796875 2227.152099609375 2242.072021484375 2235.912109375 2214.6220703125 2194.412109375 2166.7529296875 2143.623046875 2120.222900390625 2082.762939453125 2056.904052734375 2037.654052734375 2023.904052734375 2009.35400390625 1993.114990234375 1981.885009765625 1972.7049560546875 1971.864990234375 1963.375 1949.3060302734375 1938.2960205078125 1919.905029296875 1933.926025390625 1950.5770263671875 1956.72900390625 1960.81103515625 1961.7030029296875 1964.364990234375 1970.8470458984375 1981.5689697265625 1993.27099609375 2005.613037109375 2009.324951171875 2017.64697265625 2023.279052734375 2030.4610595703125 2037.1929931640625 2046.93505859375
2404.419921875 2378.68994140625 2363.760986328125 2372.930908203125 2352.700927734375 2330.510986328125 2306.02197265625 2282.6220703125 2261.06201171875 2246.751953125 2241.8720703125 2224.81298828125 2208.052978515625 2191.613037109375 2182.1630859375 2163.944091796875 2131.47412109375 2092.7041015625 2064.323974609375 2047.7349853515625 2032.364990234375 2019.43505859375 1999.9549560546875 1994.0250244140625 1982.1259765625 1972.5560302734375 1962.9859619140625 1956.14599609375 1946.68701171875 1927.0870361328125 1941.0169677734375 1958.8780517578125 1965.9200439453125 1971.52197265625 1974.7640380859375 1979.7159423828125 1989.8680419921875 1996.3199462890625 2010.9320068359375 2026.9329833984375 2053.635009765625 2041.4969482421875 2050 2051.162109375 2062.68408203125 2067.64599609375
2422.881103515625 2394.430908203125 2403.4609375 2410.912109375 2365.701904296875 2331.4619140625 2302.39208984375 2280.962890625 2260.742919921875 2244.322998046875 2232.613037109375 2219.843017578125 2202.4140625 2193.114013671875 2182.964111328125 2163.98388671875 2121.2451171875 2095.0048828125 2079.875 2061.35498046875 2044.7159423828125 2029.64599609375 2012.10595703125 1996.426025390625 1986.5159912109375 1984.447021484375 1981.5269775390625 1978.43701171875 1958.68701171875 1940.5679931640625 1946.2679443359375 1960.489013671875 1975.571044921875 1983.9830322265625 1989.3050537109375 1998.2860107421875 2007.14794921875 2033.0400390625 2039.52197265625 2064.864013671875 2073.785888671875 2076.577880859375 2072.4609375 2075.52197265625 2093.364013671875 2086.285888671875
2444.77197265625 2442.14208984375 2434.2119140625 2404.261962890625 2357.802978515625 2332.10302734375 2305.472900390625 2282.782958984375 2263.48388671875 2243.72412109375 2226.8740234375 2215.1640625 2202.513916015625 2193.235107421875 2176.9951171875 2155.175048828125 2124.675048828125 2114.49609375 2094.7958984375 2070.68603515625 2051.89599609375 2035.3759765625 2022.2969970703125 2013.447021484375 2009.0369873046875 1994.39697265625 1984.488037109375 1974.64794921875 1960.7779541015625 1961.8079833984375 1953.157958984375 1961.448974609375 1974.1109619140625 1988.4329833984375 2004.594970703125 2021.177001953125 2037.3890380859375 2067.40087890625 2076.962890625 2084.695068359375 2090.007080078125 2099.337890625 2101.14111328125 2112.802978515625 2125.544921875 2108.277099609375
2451.94189453125 2436.35302734375 2415.712890625 2396.363037109375 2357.532958984375 2326.964111328125 2303.783935546875 2282.083984375 2262.424072265625 2244.715087890625 2232.39501953125 2219.675048828125 2204.925048828125 2194.875 2184.0859375 2158.01611328125 2150.666015625 2142.35595703125 2102.68701171875 2081.31689453125 2062.89697265625 2044.5069580078125 2029.5770263671875 2014.677978515625 2005.3480224609375 1995.0279541015625 1987.93798828125 1982.5489501953125 1978.958984375 1974.3089599609375 1969.6590576171875 1970.5999755859375 1975.4820556640625 1987.1939697265625 2026.3060302734375 2042.18798828125 2074.22998046875 2084.7119140625 2096.27294921875 2104.155029296875 2110.777099609375 2119.05908203125 2126.672119140625 2143.35400390625 2138.4560546875 2134.047119140625
2431.722900390625 2418.1630859375 2407.1640625 2381.134033203125 2351.134033203125 2324.6640625 2302.114990234375 2279.965087890625 2260.22509765625 2243.02490234375 2234.465087890625 2221.656005859375 2207.01611328125 2196.365966796875 2186.2060546875 2172.60693359375 2168.9970703125 2146.527099609375 2141.547119140625 2125.22705078125 2090.91796875 2057.238037109375 2038.177978515625 2024.488037109375 2009.5889892578125 2003.8690185546875 1998.2989501953125 1994.68896484375 1991.3289794921875 1984.7099609375 1984.18994140625 1988.571044921875 2001.9730224609375 1995.9949951171875 2026.0269775390625 2055.55810546875 2080.719970703125 2097.162109375 2112.64404296875 2123.635986328125 2130.827880859375 2151.409912109375 2155.241943359375 2170.333984375 2187.01611328125 2158.8779296875
2419.114013671875 2404.073974609375 2387.843994140625 2372.68505859375 2346.14501953125 2321.544921875 2301.89501953125 2271.885986328125 2256.095947265625 2243.01611328125 2233.39599609375 2226.2060546875 2210.967041015625 2198.386962890625 2198.35693359375 2193.6669921875 2182.298095703125 2164.468017578125 2148.258056640625 2131.758056640625 2115.548095703125 2075.4990234375 2052.43896484375 2037.6689453125 2023.18896484375 2014.22998046875 2010.010009765625 2008.0400390625 2005.0799560546875 1998.75 2019.3609619140625 2029.2120361328125 2020.4930419921875 2007.2149658203125 2030.18701171875 2065.819091796875 2096.031005859375 2113.032958984375 2124.784912109375 2139.14697265625 2158.498046875 2172.919921875 2178.113037109375 2206.574951171875 2205.447021484375 2201.26904296875
2405.18505859375 2395.205078125 2380.7548828125 2369.43505859375 2338.035888671875 2320.615966796875 2303.49609375 2271.966064453125 2259.5869140625 2252.677001953125 2242.7470703125 2226.677001953125 2214.406982421875 2202.7080078125 2202.528076171875 2197.637939453125 2188.617919921875 2177.51904296875 2163.158935546875 2153.4990234375 2127.989013671875 2107.55908203125 2073.860107421875 2060.89990234375 2038.0400390625 2024.4599609375 2024.5899658203125 2021.6910400390625 2016.6810302734375 2031.5810546875 2051.450927734375 2053.491943359375 2037.6639404296875 2022.9560546875 2041.5679931640625 2087.969970703125 2110.092041015625 2125.123046875 2146.39501953125 2162.326904296875 2177.239013671875 2190.111083984375 2209.964111328125 2248.5859375 2215.47705078125 2242.428955078125
2400.52587890625 2394.325927734375 2387.10595703125 2370.406005859375 2332.115966796875 2320.116943359375 2299.26708984375 2279.43701171875 2264.987060546875 2255.498046875 2246.218017578125 2226.778076171875 2215.41796875 2207.827880859375 2201.549072265625 2195.68896484375 2188.819091796875 2181.368896484375 2171.069091796875 2159.419921875 2148.8701171875 2124.199951171875 2100.85009765625 2065.9609375 2079.700927734375 2049.240966796875 2040.5909423828125 2036.1109619140625 2034.322021484375 2070.362060546875 2091.471923828125 2080.943115234375 2059.804931640625 2038.9969482421875 2045.18896484375 2103.530029296875 2123.89208984375 2141.114013671875 2158.31591796875 2172.318115234375 2191.85009765625 2208.672119140625 2245.634033203125 2274.986083984375 2237.89794921875 2276.64990234375
2400.696044921875 2398.01708984375 2390.757080078125 2377.636962890625 2336.576904296875 2318.1669921875 2299.837890625 2278.498046875 2268.548095703125 2264.10791015625 2249.299072265625 2232.68896484375 2220.0390625 2209.089111328125 2204.14892578125 2195.93994140625 2187.669921875 2180.6201171875 2173.050048828125 2167.429931640625 2160.861083984375 2135.64111328125 2110.94091796875 2094.02099609375 2086.501953125 2066.181884765625 2055.322021484375 2052.19189453125 2060.652099609375 2106.472900390625 2105.10302734375 2093.964111328125 2081.044921875 2057.366943359375 2061.658935546875 2119.27099609375 2137.3330078125 2155.5849609375 2169.596923828125 2182.4990234375 2202.68994140625 2221.98193359375 2290.044921875 2289.306884765625 2281.5390625 2317.659912109375
2403.9970703125 2402.467041015625 2389.488037109375 2381.597900390625 2341.657958984375 2321.248046875 2302.248046875 2285.37890625 2274.989013671875 2269.47900390625 2259.319091796875 2257.908935546875 2235.6298828125 2218.159912109375 2209.969970703125 2202.22998046875 2191.631103515625 2181.14111328125 2171.89111328125 2163.31103515625 2160.720947265625 2152.85205078125 2117.951904296875 2113.751953125 2105.83203125 2094.5419921875 2071.492919921875 2070.14306640625 2080.742919921875 2121.462890625 2116.68310546875 2107.14404296875 2098.7060546875 2072.827880859375 2083.7099609375 2127.23193359375 2147.114013671875 2166.284912109375 2184.197021484375 2200.84912109375 2215.7109375 2251.10302734375 2307.926025390625 2317.35693359375 2354.589111328125 2366.89111328125
2409.16796875 2400.218017578125 2384.837890625 2375.948974609375 2366.118896484375 2331.589111328125 2307.759033203125 2292.4189453125 2282.35009765625 2276.679931640625 2276.81005859375 2273.52001953125 2267.239990234375 2239.9609375 2225.14111328125 2215.510986328125 2206.4609375 2201.430908203125 2194.94189453125 2184.422119140625 2160.241943359375 2151.261962890625 2131.712890625 2126.0029296875 2122.722900390625 2115.06298828125 2102.173095703125 2087.214111328125 2126.073974609375 2134.674072265625 2128.43408203125 2117.985107421875 2109.01708984375 2089.3291015625 2099.10107421875 2135.882080078125 2158.404052734375 2174.615966796875 2195.028076171875 2216.179931640625 2235.5419921875 2267.93408203125 2332.24609375 2368.18798828125 2386.340087890625 2432.322021484375
2418.958984375 2404.708984375 2386.64892578125 2376.319091796875 2367.27001953125 2346.9599609375 2318 2309.6298828125 2295.06005859375 2290.341064453125 2287.73095703125 2285.200927734375 2279.89111328125 2259.071044921875 2241.511962890625 2235.52197265625 2229.971923828125 2214.031982421875 2203.35205078125 2192.452880859375 2171.093017578125 2158.552978515625 2151.322998046875 2144.673095703125 2135.52392578125 2130.634033203125 2118.533935546875 2108.174072265625 2136.735107421875 2145.5849609375 2141.1650390625 2130.716064453125 2118.906982421875 2109.958984375 2123.321044921875 2140.2529296875 2163.875 2187.4169921875 2204.908935546875 2220.530029296875 2246.201904296875 2281.0439453125 2351.547119140625 2377.569091796875 2406.340087890625 2443.6220703125
2438.26904296875 2413.6298828125 2398.919921875 2383.14990234375 2368.10009765625 2349.469970703125 2330.0810546875 2319.69091796875 2310.041015625 2306.7109375 2303.132080078125 2297.1220703125 2286.951904296875 2275.761962890625 2264.281982421875 2255.782958984375 2248.512939453125 2236.193115234375 2226.48291015625 2203.843017578125 2184.283935546875 2173.4140625 2164.694091796875 2158.134033203125 2151.904052734375 2152.264892578125 2127.43505859375 2128.054931640625 2148.655029296875 2148.114990234375 2147.14599609375 2132.305908203125 2125.30810546875 2128.85009765625 2145.652099609375 2150.64404296875 2169.365966796875 2193.876953125 2217.64892578125 2235.4609375 2267.262939453125 2318.06494140625 2361.737060546875 2391.839111328125 2412.85107421875 2459.222900390625
2450.169921875 2425.81005859375 2407.910888671875 2392.5810546875 2385.23095703125 2360.031005859375 2346.260986328125 2332.412109375 2335.912109375 2325.60205078125 2323.011962890625 2314.721923828125 2307.31298828125 2291.992919921875 2277.7529296875 2272.73291015625 2253.802978515625 2240.0439453125 2229.89404296875 2222.553955078125 2203.553955078125 2191.965087890625 2182.135009765625 2177.195068359375 2176.304931640625 2167.27490234375 2147.26611328125 2151.075927734375 2162.18603515625 2165.926025390625 2154.81591796875 2144.01708984375 2129.839111328125 2143.19091796875 2154.862060546875 2175.553955078125 2196.3359375 2217.008056640625 2238.6298828125 2252.64208984375 2290.424072265625 2332.784912109375 2394.988037109375 2422.360107421875 2434.491943359375 2478.634033203125
2452.62109375 2439.361083984375 2425.801025390625 2403.511962890625 2387.922119140625 2369.922119140625 2357.922119140625 2352.162109375 2348.012939453125 2340.423095703125 2334.6630859375 2322.54296875 2314.02294921875 2301.23388671875 2297.214111328125 2287.00390625 2273.573974609375 2255.924072265625 2245.97509765625 2234.35498046875 2226.72509765625 2212.93505859375 2203.02490234375 2200.756103515625 2195.446044921875 2180.466064453125 2170.716064453125 2173.865966796875 2189.1669921875 2176.136962890625 2161.7470703125 2147.51806640625 2139.509033203125 2151.90087890625 2167.962890625 2185.465087890625 2211.26708984375 2234.60888671875 2255.450927734375 2271.8720703125 2308.10400390625 2341.666015625 2436.718994140625 2444.179931640625 2453.681884765625 2490.964111328125
