OMS_GEOET11/data/Meledrio/5/DEM_5.asc
ncols        439
nrows        381
xllcorner    616702.000000000000
yllcorner    5128528.000000000000
cellsize     30.000000000000
NODATA_value  -9999
[rows 210 to 230 of 381, columns 92 to 137 of 439]
2464.931884765625 2471.06201171875 2480.4619140625 2492.94189453125 2505.89306640625 2524.89306640625 2540.512939453125 2553.06396484375 2565.823974609375 2574.714111328125 2583.823974609375 2599.425048828125 2621.114990234375 2645.264892578125 2673.574951171875 2706.5458984375 2737.22607421875 2733.406005859375 2746.738037109375 2745.97900390625 2796.698974609375 2767.718994140625 2776.319091796875 2781.468994140625 2739.448974609375 2715.198974609375 2689.4990234375 2672.218994140625 2656.93896484375 2645.549072265625 2619.199951171875 2590.419921875 2553.02001953125 2507.75 2483.25 2469.919921875 2459.469970703125 2454.85009765625 2450.571044921875 2446.220947265625 2439.950927734375 2428.302001953125 2411.2119140625 2390.56201171875 2366.56298828125 2343.73291015625
2454.242919921875 2462.492919921875 2470.722900390625 2479.843017578125 2497.864013671875 2517.9541015625 2529.4140625 2541.364013671875 2550.64501953125 2558.5048828125 2572.405029296875 2587.594970703125 2603.31591796875 2625.24609375 2648.26611328125 2686.81591796875 2703.9169921875 2717.26708984375 2717.658935546875 2732.93896484375 2764.89892578125 2736.590087890625 2759.570068359375 2750.06005859375 2726.429931640625 2692.139892578125 2673.6201171875 2656.47998046875 2637.31005859375 2620.9599609375 2602.800048828125 2575.080078125 2545.15087890625 2508.37109375 2483.69091796875 2464.52099609375 2453.450927734375 2449.361083984375 2448.58203125 2440.2119140625 2432.491943359375 2421.873046875 2404.633056640625 2381.623046875 2360.0439453125 2338.98388671875
2444.492919921875 2453.384033203125 2461.23388671875 2472.50390625 2490.303955078125 2507.534912109375 2517.844970703125 2525.965087890625 2533.9951171875 2545.466064453125 2557.47607421875 2573.416015625 2588.06591796875 2601.177001953125 2629.26708984375 2649.876953125 2676.697021484375 2705.318115234375 2689.840087890625 2713.10009765625 2712.919921875 2712.340087890625 2745.39990234375 2733.35107421875 2706.450927734375 2682.291015625 2665.131103515625 2639.9609375 2620.930908203125 2603.52099609375 2588.2109375 2561.56103515625 2542.611083984375 2510.8310546875 2487.220947265625 2462.77197265625 2449.172119140625 2443.14208984375 2443.822021484375 2436.85302734375 2424.14306640625 2407.403076171875 2398.1640625 2379.18408203125 2361.89404296875 2342.215087890625
2441.464111328125 2449.384033203125 2456.3349609375 2466.304931640625 2480.635009765625 2494.0048828125 2498.56591796875 2507.446044921875 2521.756103515625 2533.76611328125 2544.987060546875 2558.56689453125 2570.757080078125 2584.527099609375 2600.76806640625 2623.51806640625 2649.827880859375 2661.028076171875 2671.841064453125 2688.861083984375 2684.531005859375 2702.930908203125 2710.821044921875 2712.0009765625 2690.39111328125 2677.511962890625 2652.052001953125 2618.2119140625 2594.402099609375 2576.162109375 2569.781982421875 2544.58203125 2522.33203125 2500.27197265625 2482.751953125 2467.201904296875 2445.77294921875 2430.443115234375 2433.722900390625 2427.202880859375 2413.364013671875 2398.714111328125 2389.823974609375 2368.8349609375 2351.02490234375 2334.85498046875
2436.02490234375 2446.205078125 2448.785888671875 2456.3759765625 2465.006103515625 2472.51611328125 2482.3369140625 2493.51708984375 2507.287109375 2519.257080078125 2530.9580078125 2544.927978515625 2558.30810546875 2572.30810546875 2584.759033203125 2593.68896484375 2612.468994140625 2631.839111328125 2650.221923828125 2659.761962890625 2658.612060546875 2670.781982421875 2682.19189453125 2696.431884765625 2670.922119140625 2646.001953125 2628.031982421875 2604.001953125 2578.282958984375 2554.613037109375 2536.593017578125 2521.193115234375 2501.4130859375 2484.85302734375 2468.35302734375 2452.472900390625 2437.06298828125 2424.803955078125 2416.4541015625 2404.283935546875 2395.5048828125 2387.2451171875 2375.5849609375 2357.256103515625 2338.7060546875 2323.345947265625
2425.26611328125 2429.4560546875 2434.7470703125 2439.297119140625 2444.947021484375 2454.037109375 2462.89794921875 2474.43798828125 2487.577880859375 2499.327880859375 2513.009033203125 2531.51904296875 2545.62890625 2552.618896484375 2561.280029296875 2580.2900390625 2594.530029296875 2600.85009765625 2610.7529296875 2620.79296875 2627.85302734375 2635.23291015625 2651.93310546875 2663.452880859375 2677.85302734375 2648.2529296875 2608.553955078125 2582.0439453125 2547.553955078125 2534.533935546875 2511.843994140625 2488.2939453125 2470.72412109375 2457.0439453125 2444.7939453125 2429.513916015625 2412.714111328125 2398.844970703125 2388.655029296875 2378.735107421875 2370.365966796875 2361.236083984375 2352.97607421875 2340.0869140625 2324.93701171875 2310.027099609375
2417.26708984375 2420.277099609375 2426.55810546875 2431.68798828125 2435.887939453125 2443.14794921875 2452.299072265625 2464.718994140625 2476.448974609375 2486.698974609375 2498.948974609375 2513.239990234375 2530.429931640625 2539.610107421875 2552.909912109375 2567.02099609375 2576.541015625 2579.791015625 2589.72412109375 2599.513916015625 2605.783935546875 2615.43408203125 2625.00390625 2646.35400390625 2658.424072265625 2646.27392578125 2597.25390625 2561.114013671875 2531.39501953125 2508.14501953125 2488.514892578125 2472.405029296875 2452.625 2439.574951171875 2424.824951171875 2413.054931640625 2400.93505859375 2386.916015625 2374.27587890625 2366.89599609375 2359.906005859375 2352.217041015625 2345.3369140625 2334.5869140625 2321.008056640625 2306.97802734375
2409.9580078125 2414.01806640625 2417.327880859375 2424.22900390625 2427.4990234375 2432.009033203125 2443.208984375 2455.679931640625 2467.610107421875 2479.330078125 2489.489990234375 2502.291015625 2521.52099609375 2531.35107421875 2542.2109375 2552.741943359375 2556.56201171875 2561.822021484375 2570.323974609375 2581.35498046875 2583.485107421875 2597.6650390625 2601.9150390625 2620.074951171875 2634.5849609375 2619.06494140625 2598.705078125 2553.824951171875 2516.364990234375 2499.955078125 2471.5048828125 2453.006103515625 2435.56591796875 2421.716064453125 2408.135986328125 2393.885986328125 2383.385986328125 2375.256103515625 2366.376953125 2358.237060546875 2351.89697265625 2344.157958984375 2338.748046875 2333.5380859375 2322.928955078125 2307.30908203125
2398.448974609375 2405.37890625 2410.799072265625 2409.97900390625 2415.10009765625 2421.81005859375 2435.719970703125 2444.659912109375 2456.260986328125 2470.450927734375 2483.031005859375 2494.27099609375 2511.251953125 2518.44189453125 2526.011962890625 2534.882080078125 2540.443115234375 2546.10302734375 2556.534912109375 2563.905029296875 2563.39501953125 2568.236083984375 2590.055908203125 2595.785888671875 2610.77587890625 2601.426025390625 2569.2958984375 2548.906005859375 2517.35595703125 2480.64599609375 2460.716064453125 2438.285888671875 2421.8359375 2404.70703125 2392.507080078125 2380.027099609375 2367.72705078125 2359.277099609375 2350.927001953125 2345.887939453125 2340.387939453125 2336.68798828125 2331.76904296875 2325.739013671875 2320.029052734375 2298.330078125
2385.8701171875 2394.159912109375 2396.949951171875 2397.6298828125 2400.200927734375 2408.680908203125 2421.470947265625 2432.051025390625 2445.90087890625 2458.14208984375 2472.612060546875 2482.9619140625 2498.781982421875 2507.673095703125 2513.54296875 2521.14306640625 2529.952880859375 2535.843994140625 2542.196044921875 2545.986083984375 2545.06591796875 2551.43603515625 2554.4560546875 2556.376953125 2569.906982421875 2577.70703125 2564.987060546875 2519.76708984375 2517.4169921875 2473.64697265625 2445.197021484375 2427.427001953125 2408.927001953125 2393.007080078125 2377.626953125 2364.97705078125 2355.447998046875 2343.617919921875 2333.637939453125 2329.569091796875 2326.55908203125 2321.4990234375 2316.458984375 2311.8798828125 2310.679931640625 2299.419921875
2371 2380.410888671875 2385.740966796875 2386.85107421875 2385.881103515625 2393.491943359375 2405.31201171875 2418.031982421875 2430.382080078125 2439.06298828125 2449.153076171875 2468.0830078125 2484.113037109375 2488.39306640625 2499.134033203125 2509.00390625 2523.553955078125 2533.9140625 2531.7470703125 2533.277099609375 2531.3369140625 2534.177001953125 2532.806884765625 2531.527099609375 2530.906982421875 2543.076904296875 2534.968017578125 2528.298095703125 2481.238037109375 2470.947998046875 2430.617919921875 2412.18798828125 2397.5380859375 2381.26806640625 2366.41796875 2354.597900390625 2341.3779296875 2329.819091796875 2318.958984375 2315.589111328125 2311.239990234375 2307.7900390625 2305.699951171875 2302.9208984375 2304.90087890625 2292.551025390625
2356.7509765625 2364.180908203125 2368.2119140625 2372.02197265625 2376.9619140625 2382.162109375 2394.512939453125 2401.2529296875 2411.782958984375 2424.153076171875 2438.323974609375 2457.114013671875 2465.194091796875 2472.23388671875 2485.1240234375 2500.594970703125 2517.0048828125 2529.18505859375 2530.427978515625 2528.048095703125 2526.89794921875 2520.1279296875 2513.7880859375 2509.93798828125 2509.157958984375 2507.907958984375 2497.887939453125 2492.14794921875 2473.948974609375 2450.05908203125 2425.339111328125 2397.4990234375 2381.839111328125 2367.35888671875 2354.6689453125 2341.799072265625 2329.76904296875 2318.320068359375 2307.77001953125 2300.840087890625 2298.6201171875 2301.64111328125 2303.740966796875 2298.041015625 2292.701904296875 2283.06201171875
2346.77197265625 2348.5419921875 2352.093017578125 2359.56298828125 2364.032958984375 2370.123046875 2382.1630859375 2389.72412109375 2396.343994140625 2409.864013671875 2429.97412109375 2447.85498046875 2454.344970703125 2468.405029296875 2482.195068359375 2497.1259765625 2511.39599609375 2522.31591796875 2527.47900390625 2525.12890625 2524.368896484375 2515.4990234375 2507.819091796875 2496.76904296875 2491.948974609375 2488.218994140625 2481.489013671875 2467.589111328125 2448.458984375 2431.009033203125 2407.138916015625 2388.419921875 2368.81005859375 2353.10009765625 2339.739990234375 2327.679931640625 2317.68994140625 2306.080078125 2294.8310546875 2287.381103515625 2285.260986328125 2286.491943359375 2284.1220703125 2280.2119140625 2280.221923828125 2274.782958984375
2341.35302734375 2342.722900390625 2343.79296875 2346.114013671875 2352.6240234375 2357.97412109375 2368.013916015625 2377.014892578125 2385.06494140625 2401.5849609375 2420.554931640625 2437.9951171875 2447.99609375 2457.6259765625 2469.345947265625 2480.666015625 2491.876953125 2505.4169921875 2519.239013671875 2522.35888671875 2524.409912109375 2516.739990234375 2506.81005859375 2494.530029296875 2486.199951171875 2477.97998046875 2471.3798828125 2459.56005859375 2440.919921875 2419.75 2396.110107421875 2376.530029296875 2358.3701171875 2342.15087890625 2327.321044921875 2314.0810546875 2303.430908203125 2293.910888671875 2284.1708984375 2274.052001953125 2267.761962890625 2267.902099609375 2268.73291015625 2260.29296875 2255.623046875 2249.654052734375
2340.52392578125 2339.614013671875 2339.553955078125 2340.81396484375 2343.85498046875 2347.324951171875 2356.034912109375 2364.1650390625 2373.595947265625 2388.535888671875 2405.716064453125 2420.99609375 2429.56591796875 2436.777099609375 2446.8369140625 2467.4169921875 2478.047119140625 2489.738037109375 2502.199951171875 2515.64990234375 2518.639892578125 2513.85009765625 2505.3701171875 2492.240966796875 2482.260986328125 2472.5009765625 2465.551025390625 2457.06103515625 2437.970947265625 2414.970947265625 2393.10107421875 2370.051025390625 2344.950927734375 2328.87109375 2314.430908203125 2302.2109375 2289.132080078125 2280.9619140625 2272.31201171875 2263.592041015625 2256.962890625 2260.242919921875 2258.673095703125 2249.263916015625 2237.52392578125 2237.553955078125
2341.56494140625 2339.735107421875 2338.824951171875 2338.4150390625 2337.614990234375 2340.93603515625 2346.716064453125 2353.85595703125 2361.51611328125 2372.626953125 2387.97705078125 2398.95703125 2407.1669921875 2415.076904296875 2429.91796875 2452.827880859375 2460.837890625 2476.05810546875 2490.930908203125 2495.781005859375 2501.910888671875 2505.680908203125 2499.910888671875 2489.5810546875 2483.56103515625 2476.491943359375 2469.572021484375 2453.862060546875 2432.33203125 2408.58203125 2386.072021484375 2364.221923828125 2340.2919921875 2319.27197265625 2302.2919921875 2288.7119140625 2278.83203125 2269.153076171875 2263.02294921875 2255.06298828125 2244.803955078125 2237.48388671875 2240.053955078125 2228.824951171875 2226.574951171875 2230.43505859375
2345.35498046875 2342.31591796875 2339.156005859375 2337.6259765625 2337.406005859375 2336.806884765625 2339.047119140625 2343.806884765625 2349.677001953125 2358.797119140625 2367.998046875 2379.0380859375 2388.177978515625 2397.97802734375 2415.958984375 2431.01904296875 2448.198974609375 2464.989013671875 2477.7919921875 2486.69189453125 2484.951904296875 2483.94189453125 2482.112060546875 2479.842041015625 2477.422119140625 2467.39208984375 2452.011962890625 2438.552001953125 2423.54296875 2404.85302734375 2381.242919921875 2354.0029296875 2332.613037109375 2312.923095703125 2293.56298828125 2278.282958984375 2268.3330078125 2262.242919921875 2259.333984375 2254.02392578125 2236.97412109375 2231.125 2226.304931640625 2227.304931640625 2218.635986328125 2212.31591796875
2349.006103515625 2344.5859375 2342.9169921875 2340.5869140625 2337.89697265625 2336.596923828125 2336.6279296875 2336.778076171875 2344.218017578125 2348.617919921875 2354.847900390625 2364.4189453125 2372.14892578125 2382.5791015625 2392.368896484375 2411.260009765625 2431.320068359375 2449.8701171875 2464.322998046875 2467.89306640625 2475.79296875 2470.35302734375 2468.883056640625 2460.06298828125 2458.3330078125 2448.282958984375 2435.113037109375 2421.843017578125 2406.843017578125 2392.742919921875 2375.64306640625 2348.763916015625 2322.56396484375 2309.513916015625 2290.134033203125 2268.993896484375 2260.7041015625 2253.1240234375 2252.284912109375 2244.0849609375 2234.344970703125 2225.804931640625 2228.60595703125 2230.0458984375 2219.486083984375 2205.386962890625
2352.406982421875 2349.4970703125 2347.39794921875 2344.18798828125 2341.387939453125 2338.89794921875 2335.827880859375 2335.618896484375 2335.52099609375 2339.93896484375 2344.408935546875 2349.84912109375 2359.27001953125 2366.60009765625 2376.77001953125 2393.89990234375 2412.591064453125 2429.801025390625 2447.64306640625 2459.743896484375 2465.493896484375 2459.50390625 2452.364013671875 2449.013916015625 2444.803955078125 2438.39404296875 2430.06396484375 2416.343994140625 2399.72412109375 2381.2041015625 2360.6640625 2344.533935546875 2316.81396484375 2305.044921875 2282.3349609375 2267.554931640625 2249.6650390625 2246.955078125 2235.93505859375 2223.736083984375 2218.0859375 2214.466064453125 2218.737060546875 2216.136962890625 2207.31689453125 2181.85693359375
2357.508056640625 2355.097900390625 2352.5380859375 2349.589111328125 2345.698974609375 2343.09912109375 2338.678955078125 2336.72900390625 2335.6298828125 2335.52099609375 2339.639892578125 2338.93994140625 2347.65087890625 2353.361083984375 2358.260986328125 2374.7509765625 2392.781005859375 2411.27197265625 2425.803955078125 2444.23388671875 2452.7041015625 2449.174072265625 2441.81494140625 2439.10498046875 2432.7548828125 2425.125 2415.385009765625 2409.31494140625 2394.114990234375 2375.344970703125 2354.0849609375 2334.804931640625 2312.554931640625 2286.6650390625 2274.844970703125 2252.7548828125 2241.5859375 2237.535888671875 2227.8759765625 2215.64599609375 2210.027099609375 2201.777099609375 2197.047119140625 2187.677978515625 2180.367919921875 2165.3779296875
2363.468994140625 2361.198974609375 2357.7490234375 2354.259033203125 2352.179931640625 2347.679931640625 2343.52001953125 2341.080078125 2339.5 2336.760986328125 2335.52099609375 2334.491943359375 2336.15087890625 2337.281982421875 2342.85205078125 2357.931884765625 2371.48193359375 2391.052001953125 2407.27490234375 2413.7548828125 2427.784912109375 2436.72509765625 2439.175048828125 2436.675048828125 2424.014892578125 2415.666015625 2407.4560546875 2398.89599609375 2381.72607421875 2354.055908203125 2333.56591796875 2310.656005859375 2297.506103515625 2281.85595703125 2270.115966796875 2247.095947265625 2232.885986328125 2224.467041015625 2220.967041015625 2213.4970703125 2201.087890625 2194.847900390625 2184.218017578125 2177.10791015625 2168.2890625 2156.968994140625
