OMS_GEOET11/data/Meledrio/5/DEM_5.asc
ncols        439
nrows        381
xllcorner    616702.000000000000
yllcorner    5128528.000000000000
cellsize     30.000000000000
NODATA_value  -9999
[rows 231 to 251 of 381, columns 322 to 367 of 439]
2130.637939453125 2139.330078125 2151.881103515625 2169.77294921875 2182.39404296875 2220.845947265625 2215.537109375 2206.009033203125 2220.2900390625 2194.652099609375 2168.782958984375 2162.1650390625 2160.156005859375 2159.97802734375 2155.10888671875 2153.321044921875 2148.011962890625 2158.513916015625 2176.864990234375 2189.717041015625 2202.337890625 2220.3701171875 2248.7109375 2266.23291015625 2286.194091796875 2308.39599609375 2328.037109375 2346.4189453125 2372.260009765625 2396.48193359375 2417.79296875 2440.485107421875 2462.81591796875 2482.657958984375 2472.39892578125 2461.64111328125 2462.001953125 2455.924072265625 2438.72509765625 2416.9970703125 2398.91796875 2382.989990234375 2373.551025390625 2365.462890625 2351.614013671875 2333.756103515625
2149.198974609375 2158.47998046875 2171.052001953125 2185.472900390625 2202.39501953125 2230.345947265625 2244.657958984375 2271.22900390625 2268.5810546875 2234.132080078125 2205.93408203125 2184.635009765625 2178.366943359375 2173.778076171875 2167.489990234375 2162.73095703125 2165.3330078125 2176.9541015625 2183.666015625 2196.467041015625 2211.388916015625 2226.4599609375 2246.8720703125 2271.173095703125 2291.985107421875 2313.52587890625 2334.837890625 2361.218994140625 2385.14111328125 2406.031982421875 2426.4541015625 2447.35498046875 2471.967041015625 2490.048095703125 2468.72998046875 2460.051025390625 2454.79296875 2448.833984375 2436.0859375 2416.537109375 2396.93896484375 2380.580078125 2368.501953125 2358.673095703125 2345.304931640625 2330.22607421875
2169.239990234375 2175.051025390625 2189.512939453125 2201.904052734375 2217.77587890625 2234.947021484375 2254.80908203125 2282.0400390625 2299.781982421875 2270.923095703125 2219.135009765625 2205.926025390625 2194.718017578125 2191.089111328125 2184.490966796875 2181.5419921875 2185.98388671875 2197.85498046875 2208.467041015625 2225.137939453125 2231.659912109375 2240.64111328125 2251.262939453125 2271.114013671875 2292.216064453125 2313.95703125 2336.589111328125 2366.219970703125 2388.89208984375 2411.512939453125 2435.014892578125 2458.52587890625 2480.327880859375 2496.319091796875 2473.40087890625 2455.02197265625 2449.053955078125 2440.294921875 2430.697021484375 2413.30810546875 2394.3798828125 2381.94091796875 2368.903076171875 2356.944091796875 2344.926025390625 2331.386962890625
2193.75 2194.652099609375 2202.903076171875 2220.054931640625 2234.7958984375 2255.4580078125 2278.93896484375 2289.37109375 2312.001953125 2291.513916015625 2238.574951171875 2225.85693359375 2214.008056640625 2213.070068359375 2202.240966796875 2204.883056640625 2217.39404296875 2219.656005859375 2217.18701171875 2227.509033203125 2243.8701171875 2253.501953125 2268.0029296875 2279.705078125 2297.926025390625 2315.72802734375 2337.30908203125 2364.091064453125 2388.511962890625 2409.763916015625 2435.114990234375 2460.10693359375 2479.998046875 2489.760009765625 2480.69091796875 2461.7529296875 2444.8740234375 2429.615966796875 2418.507080078125 2411.01904296875 2397.27001953125 2384.241943359375 2369.262939453125 2356.455078125 2341.0458984375 2328.137939453125
2219.801025390625 2217.883056640625 2221.1240234375 2236.216064453125 2254.037109375 2272.448974609375 2295.75 2316.422119140625 2326.903076171875 2304.094970703125 2258.81591796875 2235.887939453125 2231.09912109375 2231.7509765625 2221.072021484375 2241.1240234375 2245.205078125 2250.3369140625 2235.9580078125 2232.580078125 2244.60107421875 2253.472900390625 2271.75390625 2286.535888671875 2302.39697265625 2319.958984375 2341.639892578125 2364.431884765625 2390.39306640625 2413.56494140625 2434.5458984375 2454.318115234375 2471.30908203125 2482.9599609375 2480.912109375 2463.843017578125 2443.344970703125 2424.49609375 2405.4580078125 2400.529052734375 2392.12109375 2383.531982421875 2368.174072265625 2351.2548828125 2333.01708984375 2318.177978515625
2242.052001953125 2241.56396484375 2242.31494140625 2253.846923828125 2269.278076171875 2290.489013671875 2320.23095703125 2345.362060546875 2333.06396484375 2303.10498046875 2290.717041015625 2249.177978515625 2243.169921875 2242.7509765625 2239.04296875 2255.134033203125 2273.535888671875 2278.22705078125 2278.2890625 2252.7099609375 2246.052001953125 2255.623046875 2278.735107421875 2297.60595703125 2305.697998046875 2323.9189453125 2343.9208984375 2364.612060546875 2386.68408203125 2413.39501953125 2431.237060546875 2450.97802734375 2468.27001953125 2480.821044921875 2477.282958984375 2458.85400390625 2439.64599609375 2423.26708984375 2401.839111328125 2388.31005859375 2379.251953125 2370.472900390625 2358.9150390625 2343.52587890625 2326.447998046875 2311.18896484375
2270.883056640625 2267.4541015625 2264.416015625 2272.007080078125 2287.529052734375 2305.5400390625 2327.471923828125 2357.863037109375 2359.375 2330.85595703125 2306.5380859375 2271.489013671875 2257.85107421875 2258.011962890625 2254.64404296875 2273.97509765625 2302.257080078125 2306.55810546875 2295.06005859375 2265.541015625 2259.123046875 2260.964111328125 2277.285888671875 2295.51708984375 2310.47900390625 2327.030029296875 2346.881103515625 2369.403076171875 2392.10400390625 2415.115966796875 2435.797119140625 2456.2490234375 2473.22998046875 2482.902099609375 2478.532958984375 2461.655029296875 2445.7060546875 2427.748046875 2404.84912109375 2384.02099609375 2373.862060546875 2357.174072265625 2347.294921875 2334.076904296875 2318.617919921875 2303.449951171875
2303.283935546875 2293.514892578125 2287.507080078125 2293.847900390625 2303.830078125 2322.031005859375 2346.0029296875 2366.4541015625 2368.22509765625 2340.31689453125 2311.927978515625 2283.429931640625 2274.631103515625 2275.35302734375 2270.634033203125 2277.345947265625 2307.626953125 2310.968994140625 2294.840087890625 2281.64208984375 2280.072998046875 2275.89501953125 2282.696044921875 2301.077880859375 2312.198974609375 2328.510986328125 2346.281982421875 2365.89404296875 2388.31494140625 2417.507080078125 2444.14794921875 2463.81005859375 2480.77099609375 2489.572998046875 2483.64404296875 2463.0458984375 2446.297119140625 2429.778076171875 2412.909912109375 2389.85107421875 2369.762939453125 2351.39404296875 2336.035888671875 2323.366943359375 2309.928955078125 2296.18994140625
2320.60400390625 2312.47607421875 2308.277099609375 2313.958984375 2324.889892578125 2339.8720703125 2362.68310546875 2385.93505859375 2377.845947265625 2351.55810546875 2320.12890625 2297.510986328125 2284.511962890625 2281.464111328125 2284.925048828125 2286.18701171875 2302.89794921875 2320.489990234375 2308.27099609375 2303.363037109375 2298.25390625 2295.4150390625 2291.156982421875 2307.41796875 2317.010009765625 2330.301025390625 2345.383056640625 2363.52392578125 2383.8759765625 2415.027099609375 2442.908935546875 2474.239990234375 2493.662109375 2495.452880859375 2481.56494140625 2467.68603515625 2452.077880859375 2436.89892578125 2417.69091796875 2390.48193359375 2367.25390625 2347.554931640625 2332.4169921875 2320.837890625 2306.409912109375 2291.180908203125
2339.864990234375 2328.4169921875 2328.117919921875 2334.85009765625 2347.0810546875 2360.403076171875 2391.27392578125 2407.676025390625 2381.927001953125 2356.22802734375 2327.219970703125 2306.73095703125 2293.802978515625 2292.43408203125 2295.81591796875 2302.826904296875 2307.069091796875 2320.2099609375 2317.8720703125 2313.68310546875 2308.294921875 2308.446044921875 2299.72802734375 2314.069091796875 2322.81103515625 2333.281982421875 2347.6640625 2363.8349609375 2383.467041015625 2410.407958984375 2436.2099609375 2464.39111328125 2490.06201171875 2497.614013671875 2485.114990234375 2472.967041015625 2460.657958984375 2442.68994140625 2418.2109375 2396.623046875 2375.0439453125 2354.345947265625 2338.826904296875 2324.218994140625 2308.110107421875 2289.172119140625
2356.99609375 2344.93701171875 2353.049072265625 2360.97998046875 2373.072021484375 2389.2529296875 2398.735107421875 2419.785888671875 2390.22802734375 2362.3291015625 2338.341064453125 2317.912109375 2307.39404296875 2303.794921875 2309.866943359375 2318.64794921875 2325.89990234375 2335.2509765625 2331.133056640625 2328.424072265625 2324.844970703125 2325.527099609375 2313.157958984375 2327.0400390625 2336.571044921875 2340.10302734375 2351.4541015625 2367.756103515625 2387.556884765625 2409.9189453125 2433.56005859375 2457.181884765625 2481.93310546875 2499.6650390625 2491.02587890625 2480.447998046875 2469.178955078125 2454.180908203125 2430.741943359375 2405.863037109375 2384.6650390625 2365.666015625 2345.447998046875 2332.30908203125 2310.23095703125 2289.882080078125
2383.326904296875 2367.39794921875 2359.7900390625 2370.4609375 2385.02294921875 2405.364013671875 2430.27587890625 2411.89697265625 2388.22900390625 2365.300048828125 2344.3310546875 2332.02294921875 2324.073974609375 2318.075927734375 2322.9970703125 2336.51904296875 2338.389892578125 2342.221923828125 2338.712890625 2334.47509765625 2334.64599609375 2331.468017578125 2332.458984375 2338.89111328125 2338.9619140625 2343.884033203125 2358.784912109375 2376.196044921875 2393.347900390625 2428.259033203125 2447.970947265625 2470.882080078125 2492.1640625 2510.635009765625 2495.346923828125 2484.35791015625 2473.31005859375 2460.3310546875 2437.64306640625 2416.553955078125 2399.885986328125 2376.596923828125 2356.968994140625 2333.85009765625 2319.950927734375 2296.722900390625
2398.427978515625 2377.069091796875 2365.7099609375 2365.751953125 2378.6630859375 2398.68505859375 2418.14599609375 2400.117919921875 2382.34912109375 2362.131103515625 2343.902099609375 2340.8740234375 2333.574951171875 2329.636962890625 2330.077880859375 2343.280029296875 2341.40087890625 2344.9130859375 2349.073974609375 2343.985107421875 2335.967041015625 2335.117919921875 2336.169921875 2343.970947265625 2341.242919921875 2347.823974609375 2361.0458984375 2376.987060546875 2405.509033203125 2425.110107421875 2447.181884765625 2470.0830078125 2500.574951171875 2529.466064453125 2501.126953125 2487.698974609375 2476.5 2465.2119140625 2451.032958984375 2431.074951171875 2411.216064453125 2390.2880859375 2367.26904296875 2347.02099609375 2323.011962890625 2303.3740234375
2404.93798828125 2386.489990234375 2380.381103515625 2375.722900390625 2374.533935546875 2397.3759765625 2404.556884765625 2390.138916015625 2372.949951171875 2355.85205078125 2350.64306640625 2348.60400390625 2339.055908203125 2333.51708984375 2335.279052734375 2347.419921875 2348.172119140625 2348.0029296875 2349.52490234375 2345.166015625 2337.10791015625 2339.6689453125 2335.117919921875 2343.491943359375 2345.60400390625 2354.43505859375 2369.26611328125 2385.80810546875 2404.7490234375 2427.44091796875 2454.342041015625 2485.9140625 2525.784912109375 2539.326904296875 2516.10791015625 2496.080078125 2487.910888671875 2475.962890625 2466.583984375 2444.9951171875 2420.22705078125 2395.587890625 2369.300048828125 2348.23095703125 2332.64306640625 2311.243896484375
2412.739013671875 2394.60107421875 2380.77197265625 2386.14306640625 2387.304931640625 2389.916015625 2387.568115234375 2376.138916015625 2360.160888671875 2354.862060546875 2351.444091796875 2347.135009765625 2341.7470703125 2336.548095703125 2339.659912109375 2350.5810546875 2349.012939453125 2347.43408203125 2344.784912109375 2341.47705078125 2342.30810546875 2343.699951171875 2335.117919921875 2341.452880859375 2348.52392578125 2360.236083984375 2377.876953125 2396.678955078125 2414.93994140625 2438.761962890625 2464.173095703125 2498.194091796875 2523.236083984375 2540.5869140625 2534.138916015625 2509.070068359375 2495.10205078125 2479.363037109375 2468.304931640625 2447.236083984375 2423.988037109375 2404.64892578125 2386.3310546875 2364.902099609375 2344.492919921875 2324.014892578125
2417.85009765625 2401.361083984375 2392.383056640625 2395.674072265625 2394.77587890625 2386.35693359375 2371.908935546875 2361.10009765625 2354.862060546875 2357.173095703125 2350.31396484375 2350.656005859375 2346.027099609375 2344.2890625 2349.139892578125 2356.35205078125 2352.423095703125 2348.465087890625 2348.01611328125 2342.847900390625 2345.259033203125 2350.31103515625 2351.98193359375 2348.43310546875 2351.31494140625 2362.236083984375 2379.577880859375 2398.72900390625 2419.73095703125 2449.89208984375 2469.573974609375 2497.85498046875 2519.886962890625 2547.05810546875 2548.610107421875 2522.450927734375 2504.98193359375 2488.073974609375 2471.97509765625 2453.68701171875 2436.2080078125 2420.3701171875 2398.73095703125 2377.0830078125 2357.444091796875 2336.595947265625
2420.111083984375 2407.281982421875 2408.404052734375 2407.044921875 2401.006103515625 2391.367919921875 2373.549072265625 2356.910888671875 2359.112060546875 2355.053955078125 2350.72509765625 2354.06689453125 2348.298095703125 2350.139892578125 2358.56103515625 2360.072998046875 2350.513916015625 2350.4150390625 2353.876953125 2347.51806640625 2351.31005859375 2358.52099609375 2358.302978515625 2357.464111328125 2355.72607421875 2366.056884765625 2382.60888671875 2402.239990234375 2422.6708984375 2449.06298828125 2478.964111328125 2500.26611328125 2524.737060546875 2552.62890625 2562.570068359375 2542.451904296875 2518.10302734375 2498.905029296875 2479.696044921875 2457.85791015625 2433.708984375 2409.6201171875 2386.531982421875 2364.843017578125 2343.784912109375 2325.14599609375
2426.87109375 2422.802978515625 2418.7939453125 2418.055908203125 2405.9169921875 2391.30908203125 2376.780029296875 2362.81201171875 2362.923095703125 2357.81494140625 2356.986083984375 2357.76708984375 2356.2490234375 2356.580078125 2358.9619140625 2356.722900390625 2351.2451171875 2356.3759765625 2358.587890625 2349.138916015625 2353.7109375 2355.991943359375 2361.492919921875 2358.405029296875 2362.416015625 2368.137939453125 2384.84912109375 2403.5009765625 2425.3720703125 2449.904052734375 2472.85498046875 2497.777099609375 2523.077880859375 2549.0390625 2567.291015625 2555.58203125 2534.18408203125 2510.764892578125 2483.626953125 2459.998046875 2438.27001953125 2417.10107421875 2396.552978515625 2369.56396484375 2345.60498046875 2323.507080078125
2433.85205078125 2425.1240234375 2419.60498046875 2422.4970703125 2409.68798828125 2387.87890625 2372.200927734375 2363.73193359375 2366.50390625 2360.9951171875 2358.156982421875 2360.7880859375 2358.860107421875 2356.2490234375 2361.702880859375 2359.444091796875 2354.195068359375 2359.35693359375 2362.177978515625 2356.56005859375 2360.700927734375 2360.77294921875 2361.174072265625 2360.6259765625 2362.556884765625 2369.618896484375 2386.18994140625 2404.06103515625 2425.863037109375 2449.593994140625 2473.60595703125 2499.787109375 2526.839111328125 2560.989990234375 2564.552001953125 2557.2529296875 2532.875 2509.8359375 2486.177001953125 2459.218994140625 2441.0400390625 2415.2919921875 2394.363037109375 2380.56494140625 2354.325927734375 2333.827880859375
2441.943115234375 2430.85400390625 2425.31591796875 2424.81689453125 2406.35888671875 2384.93994140625 2372.652099609375 2369.962890625 2372.034912109375 2366.736083984375 2364.468017578125 2360.0390625 2364.52001953125 2357.89208984375 2360.952880859375 2361.554931640625 2354.89599609375 2357.998046875 2363.779052734375 2364.98095703125 2369.001953125 2366.212890625 2364.405029296875 2363.666015625 2364.508056640625 2373.589111328125 2389.200927734375 2407.471923828125 2431.593994140625 2455.925048828125 2483.426025390625 2510.05810546875 2542.718994140625 2561.490966796875 2557.382080078125 2546.964111328125 2532.02490234375 2517.866943359375 2501.157958984375 2477.800048828125 2451.490966796875 2425.5419921875 2400.214111328125 2375.514892578125 2352.547119140625 2329.47802734375
2455.3740234375 2444.0849609375 2437.826904296875 2423.177978515625 2404.7099609375 2391.40087890625 2376.9619140625 2375.9541015625 2375.9150390625 2371.027099609375 2369.85791015625 2368.14990234375 2370.5009765625 2361.423095703125 2364.1640625 2359.215087890625 2358.2470703125 2358.72802734375 2365.949951171875 2367.6708984375 2370.613037109375 2367.593994140625 2365.666015625 2363.666015625 2366.968017578125 2379.93994140625 2396.73095703125 2416.9130859375 2441.23388671875 2464.8359375 2488.037109375 2520.657958984375 2548.8701171875 2553.15087890625 2540.2529296875 2528.674072265625 2519.93603515625 2511.217041015625 2501.698974609375 2481.469970703125 2451.85107421875 2428.923095703125 2407.2939453125 2385.22607421875 2363.616943359375 2341.489013671875
