OMS_GEOET11/data/Meledrio/5/skyview_5.asc
ncols        439
nrows        381
xllcorner    616702.000000000000
yllcorner    5128528.000000000000
cellsize     30.000000000000
NODATA_value  -9999
[rows 90 to 107 of 381, columns 160 to 199 of 439]
-9999 -9999 -9999 -9999 -9999 -9999 -9999 -9999 -9999 -9999 -9999 -9999 -9999 -9999 -9999 -9999 -9999 -9999 -9999 -9999 -9999 -9999 -9999 -9999 -9999 -9999 -9999 -9999 -9999 -9999 -9999 -9999 -9999 -9999 -9999 -9999 -9999 -9999 -9999 -9999
-9999 -9999 -9999 -9999 -9999 -9999 -9999 -9999 -9999 -9999 -9999 -9999 -9999 -9999 -9999 -9999 -9999 -9999 -9999 -9999 -9999 -9999 -9999 -9999 -9999 -9999 -9999 -9999 -9999 -9999 -9999 -9999 -9999 -9999 -9999 -9999 -9999 -9999 -9999 -9999
-9999 -9999 -9999 -9999 -9999 -9999 0.83700668811798095703 0.77936291694641113281 0.81491005420684814453 0.81982636451721191406 0.81478595733642578125 0.79089957475662231445 0.78802978992462158203 0.77682447433471679688 0.75373619794845581055 0.6595866084098815918 0.75815802812576293945 0.8165753483772277832 0.81008702516555786133 -9999 -9999 -9999 -9999 -9999 -9999 -9999 -9999 -9999 -9999 -9999 -9999 -9999 -9999 -9999 -9999 -9999 -9999 -9999 -9999 0.77957767248153686523
-9999 -9999 -9999 0.85644763708114624023 0.80519175529479980469 0.80279719829559326172 0.74975037574768066406 0.80337166786193847656 0.82286798954010009766 0.83287340402603149414 0.82601469755172729492 0.83217656612396240234 0.83207422494888305664 0.81390237808227539062 0.77941137552261352539 0.77187675237655639648 0.73396104574203491211 0.69061863422393798828 0.77067661285400390625 0.71122831106185913086 0.74025702476501464844 0.81244432926177978516 0.80687952041625976562 0.79686069488525390625 0.76778131723403930664 0.79712939262390136719 0.79444718360900878906 -9999 -9999 -9999 -9999 0.85937482118606567383 0.76644867658615112305 0.78464627265930175781 0.78994768857955932617 0.73024034500122070312 0.71194356679916381836 0.67317312955856323242 0.7867755889892578125 0.7884514927864074707
-9999 -9999 0.79820853471755981445 0.76566481590270996094 0.79162466526031494141 0.75614285469055175781 0.80507177114486694336 0.81491965055465698242 0.82534712553024291992 0.81871187686920166016 0.82743436098098754883 0.82510209083557128906 0.82804733514785766602 0.8434956669807434082 0.84212744235992431641 0.84514951705932617188 0.84570354223251342773 0.80309689044952392578 0.78315126895904541016 0.78848129510879516602 0.79229688644409179688 0.7891514897346496582 0.792636871337890625 0.77829021215438842773 0.75753790140151977539 0.71596163511276245117 0.78405362367630004883 0.78928244113922119141 0.78029453754425048828 0.77693802118301391602 0.73884254693984985352 0.83504337072372436523 0.78040230274200439453 0.76443707942962646484 0.81361669301986694336 0.77069014310836791992 0.75323629379272460938 0.72486948966979980469 0.79850476980209350586 0.76723617315292358398
0.74054467678070068359 0.74024236202239990234 0.77176868915557861328 0.7454598546028137207 0.76596045494079589844 0.79567015171051025391 0.81640082597732543945 0.82255452871322631836 0.83262646198272705078 0.80983334779739379883 0.82530790567398071289 0.82830846309661865234 0.82921010255813598633 0.84068715572357177734 0.84216731786727905273 0.85296428203582763672 0.86307072639465332031 0.87540996074676513672 0.86504662036895751953 0.85108727216720581055 0.82660180330276489258 0.81513077020645141602 0.78252118825912475586 0.78248953819274902344 0.78509706258773803711 0.77597767114639282227 0.7947266697883605957 0.79395884275436401367 0.72015529870986938477 0.78020679950714111328 0.72256571054458618164 0.78368902206420898438 0.76564490795135498047 0.7451813817024230957 0.81319278478622436523 0.78185707330703735352 0.7745634913444519043 0.79062265157699584961 0.7518571019172668457 0.71466171741485595703
0.74179339408874511719 0.73327201604843139648 0.74581134319305419922 0.75645536184310913086 0.79469430446624755859 0.8134047389030456543 0.81386351585388183594 0.79192709922790527344 0.77759832143783569336 0.80759358406066894531 0.82187116146087646484 0.82791256904602050781 0.83472710847854614258 0.83698606491088867188 0.84501910209655761719 0.84849846363067626953 0.85580044984817504883 0.86135727167129516602 0.87288230657577514648 0.88509804010391235352 0.88652181625366210938 0.87294107675552368164 0.83850717544555664062 0.81654340028762817383 0.80462080240249633789 0.80912518501281738281 0.80804818868637084961 0.80640023946762084961 0.79463696479797363281 0.79010671377182006836 0.76635187864303588867 0.74745184183120727539 0.75396704673767089844 0.77492749691009521484 0.78997331857681274414 0.78755593299865722656 0.79303812980651855469 0.79811125993728637695 0.79687720537185668945 0.78712594509124755859
0.77908122539520263672 0.76067072153091430664 0.76049655675888061523 0.75051283836364746094 0.78672069311141967773 0.80366998910903930664 0.80550730228424072266 0.82906097173690795898 0.81130295991897583008 0.81836301088333129883 0.82504498958587646484 0.83317345380783081055 0.83716028928756713867 0.84327769279479980469 0.85016894340515136719 0.85162854194641113281 0.8611691594123840332 0.86619383096694946289 0.87716013193130493164 0.88733285665512084961 0.89363950490951538086 0.89627611637115478516 0.89608144760131835938 0.86589020490646362305 0.8295548558235168457 0.82626301050186157227 0.8349635004997253418 0.82990753650665283203 0.83169162273406982422 0.81978058815002441406 0.82190304994583129883 0.81255161762237548828 0.8110154271125793457 0.80842053890228271484 0.81463104486465454102 0.81117224693298339844 0.80815553665161132812 0.80515909194946289062 0.80651110410690307617 0.80149120092391967773
0.74478942155838012695 0.80176526308059692383 0.83277237415313720703 0.82766717672348022461 0.81130635738372802734 0.80148184299468994141 0.7917531132698059082 0.81568866968154907227 0.80417883396148681641 0.8206303715705871582 0.82670158147811889648 0.83123791217803955078 0.83898484706878662109 0.84667605161666870117 0.85031366348266601562 0.85790461301803588867 0.86316794157028198242 0.86988759040832519531 0.87763887643814086914 0.88513010740280151367 0.89180231094360351562 0.8965346217155456543 0.89858734607696533203 0.90061336755752563477 0.89025658369064331055 0.86188322305679321289 0.84465116262435913086 0.85134088993072509766 0.85206550359725952148 0.85554772615432739258 0.84876585006713867188 0.83788037300109863281 0.83462500572204589844 0.82973599433898925781 0.82653391361236572266 0.82062768936157226562 0.82568353414535522461 0.81289422512054443359 0.81001108884811401367 0.80822610855102539062
0.77359449863433837891 0.75726938247680664062 0.80928158760070800781 0.84553319215774536133 0.84798586368560791016 0.82564342021942138672 0.81469422578811645508 0.78369873762130737305 0.80611133575439453125 0.81609189510345458984 0.82610350847244262695 0.83102184534072875977 0.83499425649642944336 0.84187310934066772461 0.85275727510452270508 0.85657942295074462891 0.86481416225433349609 0.87293332815170288086 0.88011199235916137695 0.88434058427810668945 0.89084076881408691406 0.89720076322555541992 0.89981168508529663086 0.90173441171646118164 0.90180355310440063477 0.89951545000076293945 0.88566279411315917969 0.87467485666275024414 0.86744809150695800781 0.86273044347763061523 0.85847371816635131836 0.85526812076568603516 0.84922206401824951172 0.84525573253631591797 0.8394076228141784668 0.83954608440399169922 0.82930195331573486328 0.82472085952758789062 0.82024806737899780273 0.8177471160888671875
0.75410133600234985352 0.75540059804916381836 0.81182295083999633789 0.8122819066047668457 0.82317811250686645508 0.82121872901916503906 0.76699686050415039062 0.78139245510101318359 0.81403952836990356445 0.82016080617904663086 0.82331585884094238281 0.82927042245864868164 0.83742785453796386719 0.84150242805480957031 0.85120892524719238281 0.8567263484001159668 0.86390721797943115234 0.87098807096481323242 0.87653023004531860352 0.88365775346755981445 0.88878428936004638672 0.89413607120513916016 0.89949280023574829102 0.90205329656600952148 0.90207761526107788086 0.90294778347015380859 0.90084487199783325195 0.89058578014373779297 0.88392269611358642578 0.87945824861526489258 0.87404966354370117188 0.86813026666641235352 0.86239725351333618164 0.85572600364685058594 0.85179293155670166016 0.84809434413909912109 0.84109258651733398438 0.83560568094253540039 0.83073753118515014648 0.82744491100311279297
0.75810831785202026367 0.74788814783096313477 0.76380378007888793945 0.82605183124542236328 0.82453942298889160156 0.764007568359375 0.79544377326965332031 0.81113094091415405273 0.81013160943984985352 0.8122571110725402832 0.82401460409164428711 0.8319810032844543457 0.83467501401901245117 0.84178024530410766602 0.84531116485595703125 0.85212218761444091797 0.85858511924743652344 0.87095594406127929688 0.87526029348373413086 0.88121169805526733398 0.88646739721298217773 0.89049321413040161133 0.89036011695861816406 0.89639675617218017578 0.90072762966156005859 0.90165436267852783203 0.89865052700042724609 0.89776247739791870117 0.89726054668426513672 0.89339977502822875977 0.88355386257171630859 0.87520539760589599609 0.87152194976806640625 0.86487120389938354492 0.86291134357452392578 0.85514473915100097656 0.84784030914306640625 0.84777396917343139648 0.83680635690689086914 0.83269786834716796875
0.77941149473190307617 0.77047842741012573242 0.73681253194808959961 0.82328408956527709961 0.84550434350967407227 0.79110425710678100586 0.79673361778259277344 0.77717965841293334961 0.81036156415939331055 0.81968975067138671875 0.83165717124938964844 0.82898819446563720703 0.83496803045272827148 0.83752983808517456055 0.84838247299194335938 0.85561448335647583008 0.86400783061981201172 0.86908954381942749023 0.87404590845108032227 0.87847274541854858398 0.884464263916015625 0.88587290048599243164 0.88995838165283203125 0.8919239044189453125 0.89681482315063476562 0.89651852846145629883 0.90117311477661132812 0.89950388669967651367 0.90232676267623901367 0.89766007661819458008 0.89508044719696044922 0.88816368579864501953 0.88483095169067382812 0.87475401163101196289 0.8697350621223449707 0.86770486831665039062 0.86043989658355712891 0.85009992122650146484 0.84486925601959228516 0.83936744928359985352
0.79545962810516357422 0.78210979700088500977 0.77199566364288330078 0.7857729792594909668 0.82801955938339233398 0.83830666542053222656 0.81403523683547973633 0.72606486082077026367 0.76631313562393188477 0.81106275320053100586 0.82004624605178833008 0.82710242271423339844 0.83233511447906494141 0.84077036380767822266 0.84512829780578613281 0.85454124212265014648 0.85936570167541503906 0.86545479297637939453 0.87301963567733764648 0.878238677978515625 0.88021636009216308594 0.88538259267807006836 0.8882992863655090332 0.89156049489974975586 0.89520430564880371094 0.8977000117301940918 0.89768844842910766602 0.90015125274658203125 0.90185779333114624023 0.90017735958099365234 0.8979237675666809082 0.8945452570915222168 0.89182657003402709961 0.88447356224060058594 0.8786487579345703125 0.87356615066528320312 0.86671602725982666016 0.85707145929336547852 0.85367798805236816406 0.84487628936767578125
0.80969011783599853516 0.79328304529190063477 0.81616747379302978516 0.77731406688690185547 0.82939076423645019531 0.82559996843338012695 0.79858279228210449219 0.80759626626968383789 0.80965143442153930664 0.71801626682281494141 0.79900211095809936523 0.82696008682250976562 0.82551771402359008789 0.83590042591094970703 0.84556877613067626953 0.85084104537963867188 0.85822260379791259766 0.86450284719467163086 0.86928480863571166992 0.87665420770645141602 0.87833309173583984375 0.8840923309326171875 0.88923120498657226562 0.89004176855087280273 0.89227235317230224609 0.89478129148483276367 0.89781540632247924805 0.89842116832733154297 0.89949440956115722656 0.90145623683929443359 0.90076655149459838867 0.89806103706359863281 0.89575791358947753906 0.89160162210464477539 0.88603341579437255859 0.88088089227676391602 0.87517595291137695312 0.86558228731155395508 0.85637640953063964844 0.85342115163803100586
0.82429844141006469727 0.76123994588851928711 0.78386324644088745117 0.75629591941833496094 0.82705491781234741211 0.83910995721817016602 0.8005778193473815918 0.75449955463409423828 0.76081413030624389648 0.78841447830200195312 0.80317711830139160156 0.82212251424789428711 0.84060281515121459961 0.83875614404678344727 0.84505218267440795898 0.85243701934814453125 0.85705190896987915039 0.86425220966339111328 0.86781233549118041992 0.87356984615325927734 0.87770324945449829102 0.88077950477600097656 0.8825728297233581543 0.88733810186386108398 0.89067506790161132812 0.89313566684722900391 0.89542496204376220703 0.89730411767959594727 0.89982545375823974609 0.90044665336608886719 0.90004378557205200195 0.8983580470085144043 0.89745473861694335938 0.89131754636764526367 0.88573378324508666992 0.88468724489212036133 0.87754642963409423828 0.87071377038955688477 0.86104112863540649414 0.86031281948089599609
0.9048621058464050293 0.84490025043487548828 0.84117978811264038086 0.8578128814697265625 0.82125163078308105469 0.85849744081497192383 0.87289977073669433594 0.84877353906631469727 0.79768937826156616211 0.78996187448501586914 0.82295554876327514648 0.80300372838973999023 0.79648149013519287109 0.83104628324508666992 0.84747898578643798828 0.85416626930236816406 0.85760188102722167969 0.86201727390289306641 0.86528921127319335938 0.86765742301940917969 0.876140594482421875 0.87992811203002929688 0.87924546003341674805 0.88619917631149291992 0.89021760225296020508 0.89254587888717651367 0.89338839054107666016 0.89745843410491943359 0.90032821893692016602 0.90328490734100341797 0.90030020475387573242 0.89987134933471679688 0.89687430858612060547 0.89463889598846435547 0.89369058609008789062 0.88737922906875610352 0.88189774751663208008 0.87631839513778686523 0.86641693115234375 0.86706566810607910156
0.87949758768081665039 0.78591734170913696289 0.83364605903625488281 0.8566754460334777832 0.86982828378677368164 0.87753736972808837891 0.88580000400543212891 0.82936567068099975586 0.77267754077911376953 0.7978274226188659668 0.82710659503936767578 0.84746497869491577148 0.85673511028289794922 0.83670562505722045898 0.84393256902694702148 0.84943687915802001953 0.85222470760345458984 0.86363464593887329102 0.86550962924957275391 0.87034082412719726562 0.87478655576705932617 0.8754787445068359375 0.88128793239593505859 0.88524347543716430664 0.88857001066207885742 0.89240622520446777344 0.89581650495529174805 0.89591097831726074219 0.89935415983200073242 0.90054529905319213867 0.90014725923538208008 0.90032649040222167969 0.898006439208984375 0.89549863338470458984 0.89427393674850463867 0.89236730337142944336 0.88256108760833740234 0.86272341012954711914 0.86461275815963745117 0.85646528005599975586
