OMS_GEOET11/data/Meledrio/5/skyview_5.asc
ncols        439
nrows        381
xllcorner    616702.000000000000
yllcorner    5128528.000000000000
cellsize     30.000000000000
NODATA_value  -9999
[rows 306 to 323 of 381, columns 160 to 199 of 439]
0.92631185054779052734 0.92495822906494140625 0.91800040006637573242 0.91984665393829345703 0.93115460872650146484 0.93285483121871948242 0.91763091087341308594 0.9230296015739440918 0.92111974954605102539 0.92939847707748413086 0.94417363405227661133 0.95464342832565307617 0.94579541683197021484 0.94064825773239135742 0.91782152652740478516 0.85586714744567871094 0.88733023405075073242 0.88896578550338745117 0.89279073476791381836 0.81353676319122314453 0.79845702648162841797 0.80245929956436157227 0.7786909937858581543 0.79048293828964233398 0.78495514392852783203 0.79595994949340820312 0.8295993804931640625 0.78726446628570556641 0.79502862691879272461 0.76527464389801025391 0.7756112217903137207 0.78551465272903442383 0.8275464177131652832 0.78756612539291381836 0.76854556798934936523 0.82354557514190673828 0.82175070047378540039 0.81944674253463745117 0.81281381845474243164 0.80299615859985351562
0.93099027872085571289 0.92842209339141845703 0.91919302940368652344 0.91032207012176513672 0.92087799310684204102 0.92216140031814575195 0.91655588150024414062 0.91011440753936767578 0.92418867349624633789 0.91956615447998046875 0.92705267667770385742 0.93820112943649291992 0.9472319483757019043 0.95229399204254150391 0.92673569917678833008 0.90238016843795776367 0.84213423728942871094 0.89448571205139160156 0.88302326202392578125 0.86464095115661621094 0.85965454578399658203 0.8301550745964050293 0.82905369997024536133 0.81504625082015991211 0.7822195887565612793 0.76508957147598266602 0.7964680790901184082 0.79251360893249511719 0.77368324995040893555 0.76308602094650268555 0.80816972255706787109 0.78771567344665527344 0.84596747159957885742 0.79992473125457763672 0.8857281804084777832 0.87126022577285766602 0.86259675025939941406 0.87134224176406860352 0.85475677251815795898 0.84134083986282348633
0.93257313966751098633 0.933216094970703125 0.92643243074417114258 0.91590315103530883789 0.91435444355010986328 0.91925138235092163086 0.92361146211624145508 0.89266729354858398438 0.91559785604476928711 0.91137099266052246094 0.91359061002731323242 0.89753699302673339844 0.894756317138671875 0.94118195772171020508 0.9314187169075012207 0.88557755947113037109 0.88076448440551757812 0.85259014368057250977 0.87824654579162597656 0.8877798914909362793 0.89635688066482543945 0.88426113128662109375 0.89246857166290283203 0.90347200632095336914 0.87558829784393310547 0.80585652589797973633 0.80931627750396728516 0.84582358598709106445 0.83939504623413085938 0.90112036466598510742 0.92145049571990966797 0.91735428571701049805 0.94634276628494262695 0.93776458501815795898 0.94056028127670288086 0.91826277971267700195 0.86862510442733764648 0.84609681367874145508 0.86642289161682128906 0.8722254633903503418
0.93472474813461303711 0.93454015254974365234 0.92633348703384399414 0.91374456882476806641 0.92145502567291259766 0.91672599315643310547 0.91488128900527954102 0.88963973522186279297 0.90598469972610473633 0.90294516086578369141 0.90544068813323974609 0.87264764308929443359 0.84741383790969848633 0.88776093721389770508 0.94052797555923461914 0.95862239599227905273 0.93149703741073608398 0.9086615443229675293 0.88945400714874267578 0.89228677749633789062 0.89702296257019042969 0.91615116596221923828 0.93697810173034667969 0.9473889470100402832 0.96097189188003540039 0.91983699798583984375 0.90189939737319946289 0.94683706760406494141 0.93663346767425537109 0.92866098880767822266 0.91768872737884521484 0.91142487525939941406 0.88335567712783813477 0.88299387693405151367 0.90403193235397338867 0.91369462013244628906 0.86248487234115600586 0.80327397584915161133 0.85362058877944946289 0.85777604579925537109
0.92731875181198120117 0.92736095190048217773 0.91478776931762695312 0.92043125629425048828 0.92042332887649536133 0.92430448532104492188 0.92570823431015014648 0.91742241382598876953 0.91088122129440307617 0.90658074617385864258 0.89306783676147460938 0.84928470849990844727 0.83122193813323974609 0.84221374988555908203 0.84017914533615112305 0.87319189310073852539 0.92239201068878173828 0.9571354985237121582 0.96090745925903320312 0.94948041439056396484 0.95259261131286621094 0.96012079715728759766 0.95000433921813964844 0.90261358022689819336 0.85920637845993041992 0.84627079963684082031 0.77261221408843994141 0.81120145320892333984 0.81180596351623535156 0.81511330604553222656 0.82290667295455932617 0.8238022923469543457 0.83631670475006103516 0.82000279426574707031 0.82371371984481811523 0.81361186504364013672 0.80897641181945800781 0.77710318565368652344 0.84169340133666992188 0.84218186140060424805
0.9279091954231262207 0.93158549070358276367 0.92845821380615234375 0.92470502853393554688 0.92516118288040161133 0.92856752872467041016 0.9292271733283996582 0.92427140474319458008 0.90494596958160400391 0.90689665079116821289 0.89415299892425537109 0.85303002595901489258 0.85050475597381591797 0.8504282832145690918 0.83635503053665161133 0.84088569879531860352 0.85084700584411621094 0.86512041091918945312 0.89428859949111938477 0.91151607036590576172 0.91106766462326049805 0.88000059127807617188 0.85629099607467651367 0.85133355855941772461 0.82153379917144775391 0.82153075933456420898 0.81452691555023193359 0.81445103883743286133 0.8230419158935546875 0.83078593015670776367 0.84313201904296875 0.84193956851959228516 0.83706659078598022461 0.82035410404205322266 0.83166640996932983398 0.78455680608749389648 0.78357309103012084961 0.80716031789779663086 0.83650386333465576172 0.83712655305862426758
0.92985171079635620117 0.93167293071746826172 0.93091017007827758789 0.92336964607238769531 0.91648131608963012695 0.9313589930534362793 0.92807292938232421875 0.9232622981071472168 0.92104065418243408203 0.91003447771072387695 0.90116393566131591797 0.88962817192077636719 0.8666973114013671875 0.85909920930862426758 0.84242546558380126953 0.84436476230621337891 0.84680473804473876953 0.85915338993072509766 0.87671625614166259766 0.87213701009750366211 0.85865896940231323242 0.84762567281723022461 0.8284244537353515625 0.84722018241882324219 0.83544570207595825195 0.83827424049377441406 0.82829439640045166016 0.82863646745681762695 0.82046937942504882812 0.8288580775260925293 0.84390246868133544922 0.83726865053176879883 0.83334153890609741211 0.82690095901489257812 0.83311307430267333984 0.82178378105163574219 0.83431243896484375 0.84782958030700683594 0.84156155586242675781 0.84053701162338256836
0.92729860544204711914 0.93086570501327514648 0.92933857440948486328 0.92622435092926025391 0.91159081459045410156 0.92904609441757202148 0.93286317586898803711 0.92498177289962768555 0.92157518863677978516 0.91799527406692504883 0.91318649053573608398 0.90485423803329467773 0.8753363490104675293 0.86698001623153686523 0.84963679313659667969 0.84605735540390014648 0.83579581975936889648 0.83953303098678588867 0.85414260625839233398 0.85365909337997436523 0.86424088478088378906 0.85530000925064086914 0.83453637361526489258 0.85582262277603149414 0.83890116214752197266 0.84462249279022216797 0.84019440412521362305 0.83952081203460693359 0.84036195278167724609 0.83781546354293823242 0.85330098867416381836 0.85329049825668334961 0.84108304977416992188 0.84571301937103271484 0.85535633563995361328 0.8475539088249206543 0.85413068532943725586 0.86230748891830444336 0.85881817340850830078 0.85937076807022094727
0.92908203601837158203 0.92942255735397338867 0.92909282445907592773 0.92811447381973266602 0.92607408761978149414 0.92967057228088378906 0.92915993928909301758 0.92393976449966430664 0.92650723457336425781 0.92105245590209960938 0.91945695877075195312 0.90970432758331298828 0.89157289266586303711 0.87954950332641601562 0.85809570550918579102 0.8605372309684753418 0.85147488117218017578 0.84167826175689697266 0.84852504730224609375 0.84474986791610717773 0.85793256759643554688 0.84426456689834594727 0.8244393467903137207 0.8527405858039855957 0.83799195289611816406 0.83959406614303588867 0.84760272502899169922 0.84896665811538696289 0.84970527887344360352 0.85140109062194824219 0.85951900482177734375 0.86256319284439086914 0.84867256879806518555 0.85075801610946655273 0.86053317785263061523 0.86283773183822631836 0.87745457887649536133 0.88708710670471191406 0.88774222135543823242 0.8917782902717590332
0.92955106496810913086 0.9289875030517578125 0.92771548032760620117 0.92212808132171630859 0.92082613706588745117 0.92792671918869018555 0.93023473024368286133 0.92719733715057373047 0.91872555017471313477 0.91036188602447509766 0.92076832056045532227 0.91387569904327392578 0.90643703937530517578 0.88749343156814575195 0.87703520059585571289 0.87220275402069091797 0.85966414213180541992 0.84454077482223510742 0.85097092390060424805 0.84698045253753662109 0.86338675022125244141 0.85745382308959960938 0.84225875139236450195 0.86126506328582763672 0.83834928274154663086 0.85582357645034790039 0.86364763975143432617 0.86934608221054077148 0.85735833644866943359 0.86574500799179077148 0.88121849298477172852 0.8873316645622253418 0.87715125083923339844 0.84958040714263916016 0.8743870854377746582 0.88095045089721679688 0.89299595355987548828 0.89911377429962158203 0.90359169244766235352 0.90984338521957397461
0.93124502897262573242 0.93038207292556762695 0.92929506301879882812 0.92767095565795898438 0.92294400930404663086 0.92015922069549560547 0.92364281415939331055 0.9167887568473815918 0.90104138851165771484 0.90271300077438354492 0.91885560750961303711 0.91987687349319458008 0.91452950239181518555 0.90601623058319091797 0.89913719892501831055 0.8966121673583984375 0.87073528766632080078 0.85659897327423095703 0.86204499006271362305 0.85459995269775390625 0.86611419916152954102 0.87767332792282104492 0.85619932413101196289 0.87241363525390625 0.8507366180419921875 0.85963618755340576172 0.87094473838806152344 0.89194405078887939453 0.84974819421768188477 0.89082247018814086914 0.90097695589065551758 0.90324550867080688477 0.89161068201065063477 0.87409436702728271484 0.88320213556289672852 0.89133638143539428711 0.89603322744369506836 0.89578765630722045898 0.90200281143188476562 0.90736496448516845703
0.93358987569808959961 0.93147683143615722656 0.929759979248046875 0.92957663536071777344 0.92979359626770019531 0.9274927973747253418 0.91799521446228027344 0.8991152644157409668 0.90215790271759033203 0.90818327665328979492 0.9086742401123046875 0.92035067081451416016 0.92674160003662109375 0.92257785797119140625 0.91300445795059204102 0.89097309112548828125 0.88488829135894775391 0.87185990810394287109 0.88067644834518432617 0.87666630744934082031 0.87631452083587646484 0.88266110420227050781 0.87541490793228149414 0.88563096523284912109 0.87365752458572387695 0.87833380699157714844 0.88592141866683959961 0.89683574438095092773 0.85882478952407836914 0.89193379878997802734 0.90549802780151367188 0.90749627351760864258 0.89987063407897949219 0.88595944643020629883 0.88308095932006835938 0.86103618144989013672 0.88884133100509643555 0.89485019445419311523 0.89425545930862426758 0.90534329414367675781
0.93339151144027709961 0.93185251951217651367 0.92692148685455322266 0.92572134733200073242 0.92725527286529541016 0.92775160074234008789 0.92587006092071533203 0.9158547520637512207 0.91241377592086791992 0.90344095230102539062 0.89132362604141235352 0.89702624082565307617 0.92081624269485473633 0.92975986003875732422 0.92635208368301391602 0.90906131267547607422 0.89213293790817260742 0.84880071878433227539 0.87352889776229858398 0.89443826675415039062 0.9009959101676940918 0.89384669065475463867 0.89251339435577392578 0.89535415172576904297 0.89139968156814575195 0.89251106977462768555 0.89499455690383911133 0.90100437402725219727 0.89653158187866210938 0.88458830118179321289 0.90522080659866333008 0.90560036897659301758 0.90208697319030761719 0.89277815818786621094 0.8944714665412902832 0.87043428421020507812 0.88148832321166992188 0.89727270603179931641 0.89429038763046264648 0.89962309598922729492
0.93124407529830932617 0.9267908930778503418 0.92816078662872314453 0.92376887798309326172 0.91870349645614624023 0.9175847172737121582 0.92433470487594604492 0.91834253072738647461 0.9130656123161315918 0.9031581878662109375 0.88852179050445556641 0.87054735422134399414 0.88869041204452514648 0.91658353805541992188 0.93183690309524536133 0.93228507041931152344 0.90568554401397705078 0.86446964740753173828 0.87678217887878417969 0.90425384044647216797 0.90989917516708374023 0.90899729728698730469 0.90750157833099365234 0.8945210576057434082 0.89888197183609008789 0.90065437555313110352 0.90184611082077026367 0.90465784072875976562 0.90227729082107543945 0.88691365718841552734 0.89114338159561157227 0.89497339725494384766 0.89524435997009277344 0.89392721652984619141 0.89344000816345214844 0.88138598203659057617 0.89222818613052368164 0.90105760097503662109 0.89416801929473876953 0.89605003595352172852
0.93061846494674682617 0.92689406871795654297 0.92712736129760742188 0.92497402429580688477 0.92449325323104858398 0.92068600654602050781 0.91225999593734741211 0.92213457822799682617 0.92139744758605957031 0.91496920585632324219 0.89838385581970214844 0.85930639505386352539 0.87021911144256591797 0.88298040628433227539 0.89307999610900878906 0.90481209754943847656 0.90262460708618164062 0.88073074817657470703 0.88113206624984741211 0.90128910541534423828 0.90690511465072631836 0.90992021560668945312 0.90753388404846191406 0.90845715999603271484 0.90719252824783325195 0.90963000059127807617 0.90846902132034301758 0.90697062015533447266 0.90689730644226074219 0.88988184928894042969 0.88122659921646118164 0.89617866277694702148 0.88893872499465942383 0.88135558366775512695 0.87317192554473876953 0.88514232635498046875 0.89710223674774169922 0.88774055242538452148 0.89724510908126831055 0.89218926429748535156
0.92875564098358154297 0.92907106876373291016 0.92833936214447021484 0.92724937200546264648 0.92502647638320922852 0.92255449295043945312 0.92287868261337280273 0.92274528741836547852 0.92181980609893798828 0.91946297883987426758 0.91370576620101928711 0.88564342260360717773 0.88320767879486083984 0.87690788507461547852 0.87334156036376953125 0.87658077478408813477 0.87187939882278442383 0.86962342262268066406 0.88284003734588623047 0.90098798274993896484 0.90543729066848754883 0.90738534927368164062 0.90794783830642700195 0.91439920663833618164 0.91324508190155029297 0.91050714254379272461 0.91179651021957397461 0.91086280345916748047 0.90246671438217163086 0.88872635364532470703 0.88568383455276489258 0.89878195524215698242 0.89810669422149658203 0.89137923717498779297 0.8838812708854675293 0.88940674066543579102 0.89605492353439331055 0.89468050003051757812 0.89342272281646728516 0.89043837785720825195
0.9315554499626159668 0.92955309152603149414 0.9277057647705078125 0.91446107625961303711 0.92361950874328613281 0.92333251237869262695 0.92317163944244384766 0.92236500978469848633 0.92448383569717407227 0.92188739776611328125 0.92055404186248779297 0.91580092906951904297 0.9030850529670715332 0.89978349208831787109 0.89817196130752563477 0.89297699928283691406 0.88549506664276123047 0.88553923368453979492 0.8914769291877746582 0.90397787094116210938 0.9081719517707824707 0.91164898872375488281 0.91224783658981323242 0.91359740495681762695 0.91376262903213500977 0.90258765220642089844 0.90490037202835083008 0.91071313619613647461 0.89715039730072021484 0.8641503453254699707 0.87695783376693725586 0.89645463228225708008 0.89791643619537353516 0.89575332403182983398 0.89543700218200683594 0.89444220066070556641 0.89394295215606689453 0.89330196380615234375 0.89372038841247558594 0.88855397701263427734
0.93192028999328613281 0.93037819862365722656 0.92922937870025634766 0.92692154645919799805 0.92577528953552246094 0.9239152073860168457 0.9217777252197265625 0.91844362020492553711 0.91825896501541137695 0.92457050085067749023 0.92445027828216552734 0.92397511005401611328 0.91973912715911865234 0.91705900430679321289 0.91777569055557250977 0.91841965913772583008 0.91557478904724121094 0.91270142793655395508 0.90829771757125854492 0.91024512052536010742 0.91229343414306640625 0.91355997323989868164 0.89734733104705810547 0.90170311927795410156 0.89201587438583374023 0.89078313112258911133 0.89324909448623657227 0.90242964029312133789 0.89320260286331176758 0.88287073373794555664 0.88846218585968017578 0.890026092529296875 0.893985748291015625 0.88988965749740600586 0.89383709430694580078 0.8956349492073059082 0.89532262086868286133 0.89475077390670776367 0.88696211576461791992 0.8819980621337890625
