OMS_GEOET11/data/Meledrio/5/skyview_5.asc
ncols        439
nrows        381
xllcorner    616702.000000000000
yllcorner    5128528.000000000000
cellsize     30.000000000000
NODATA_value  -9999
[rows 162 to 179 of 381, columns 120 to 159 of 439]
0.82057970762252807617 0.855480194091796875 0.85715019702911376953 0.8430970311164855957 0.83123159408569335938 0.81081229448318481445 0.76446318626403808594 0.71199816465377807617 0.79278379678726196289 0.77713525295257568359 0.80889379978179931641 0.81744885444641113281 0.82604587078094482422 0.82214498519897460938 0.82819640636444091797 0.82692605257034301758 0.82300645112991333008 0.826656341552734375 0.82721322774887084961 0.8284689784049987793 0.82868880033493041992 0.82554113864898681641 0.82430529594421386719 0.82551807165145874023 0.81220281124114990234 0.8210684657096862793 0.81769257783889770508 0.81431251764297485352 0.81276673078536987305 0.80005663633346557617 0.79373019933700561523 0.79179924726486206055 0.78620755672454833984 0.77804225683212280273 0.76841485500335693359 0.76197320222854614258 0.75410592555999755859 0.75214123725891113281 0.74491512775421142578 0.73921871185302734375
0.8353583216667175293 0.85407692193984985352 0.86967098712921142578 0.85637956857681274414 0.83348065614700317383 0.82845610380172729492 0.78808635473251342773 0.75914418697357177734 0.73816436529159545898 0.72890454530715942383 0.78345513343811035156 0.81765902042388916016 0.82363945245742797852 0.82823103666305541992 0.83100605010986328125 0.83041131496429443359 0.82718938589096069336 0.82510745525360107422 0.82745218276977539062 0.8337414860725402832 0.83290147781372070312 0.82422125339508056641 0.82429409027099609375 0.82551223039627075195 0.82047921419143676758 0.82163339853286743164 0.82101011276245117188 0.81639808416366577148 0.81258100271224975586 0.79798918962478637695 0.79683172702789306641 0.78732782602310180664 0.78513377904891967773 0.77649575471878051758 0.77114272117614746094 0.7608897089958190918 0.75136131048202514648 0.74406462907791137695 0.74666291475296020508 0.74041223526000976562
0.8294124603271484375 0.85391432046890258789 0.87217652797698974609 0.85444170236587524414 0.82744020223617553711 0.80163502693176269531 0.76847028732299804688 0.76799172163009643555 0.68320089578628540039 0.71239417791366577148 0.77262437343597412109 0.80699497461318969727 0.82478392124176025391 0.8297240138053894043 0.83370506763458251953 0.8353297114372253418 0.83286905288696289062 0.832744598388671875 0.83165580034255981445 0.83083510398864746094 0.83426678180694580078 0.82951390743255615234 0.82620269060134887695 0.82561296224594116211 0.82508903741836547852 0.8246333003044128418 0.81972479820251464844 0.81337046623229980469 0.80380034446716308594 0.79497438669204711914 0.7970955967903137207 0.79001271724700927734 0.78010082244873046875 0.76869690418243408203 0.76254850625991821289 0.76199924945831298828 0.74911999702453613281 0.74207484722137451172 0.73916828632354736328 0.73617345094680786133
0.85027104616165161133 0.85345125198364257812 0.87092161178588867188 0.87093740701675415039 0.85747158527374267578 0.82034218311309814453 0.7720038294792175293 0.80565172433853149414 0.71872466802597045898 0.66893559694290161133 0.74964249134063720703 0.79867285490036010742 0.82223463058471679688 0.8293316960334777832 0.83303123712539672852 0.83641964197158813477 0.83675116300582885742 0.83500468730926513672 0.83625054359436035156 0.83473700284957885742 0.83278304338455200195 0.82905149459838867188 0.82647138833999633789 0.82558357715606689453 0.82132047414779663086 0.82473355531692504883 0.82022529840469360352 0.81149518489837646484 0.80305969715118408203 0.78781390190124511719 0.78933155536651611328 0.78448796272277832031 0.77946710586547851562 0.76948487758636474609 0.75820821523666381836 0.75213140249252319336 0.74215078353881835938 0.74283623695373535156 0.73518007993698120117 0.72681218385696411133
0.85068482160568237305 0.85391402244567871094 0.87192362546920776367 0.85788476467132568359 0.83247089385986328125 0.80275893211364746094 0.7823486328125 0.81192499399185180664 0.72769170999526977539 0.67251098155975341797 0.75366723537445068359 0.79609334468841552734 0.81762325763702392578 0.82671964168548583984 0.83331435918807983398 0.83599108457565307617 0.83510029315948486328 0.83559000492095947266 0.8362324833869934082 0.83474016189575195312 0.83310335874557495117 0.8310076594352722168 0.82941931486129760742 0.82820266485214233398 0.8279177546501159668 0.82349157333374023438 0.81358873844146728516 0.81052279472351074219 0.79885137081146240234 0.78783327341079711914 0.78851866722106933594 0.78325110673904418945 0.77361351251602172852 0.76639616489410400391 0.75554734468460083008 0.7506892085075378418 0.73769539594650268555 0.73330897092819213867 0.73136705160140991211 0.72679132223129272461
0.84940773248672485352 0.85838228464126586914 0.86184227466583251953 0.83579707145690917969 0.76343387365341186523 0.72602748870849609375 0.73429453372955322266 0.75267070531845092773 0.74268460273742675781 0.70399653911590576172 0.77417385578155517578 0.79351454973220825195 0.81607306003570556641 0.82367837429046630859 0.83222180604934692383 0.83704686164855957031 0.83927553892135620117 0.83672654628753662109 0.83721578121185302734 0.83831703662872314453 0.83769613504409790039 0.83523893356323242188 0.83166444301605224609 0.83125567436218261719 0.83269262313842773438 0.82754552364349365234 0.80227971076965332031 0.80789971351623535156 0.7958418726921081543 0.79089194536209106445 0.78917324542999267578 0.78250539302825927734 0.77319514751434326172 0.76339930295944213867 0.75531947612762451172 0.74129366874694824219 0.7318439483642578125 0.73123770952224731445 0.72399449348449707031 0.71755588054656982422
0.84362733364105224609 0.85867923498153686523 0.85474568605422973633 0.79899871349334716797 0.74706387519836425781 0.75136846303939819336 0.71743494272232055664 0.71912419795989990234 0.74479758739471435547 0.78125226497650146484 0.79385840892791748047 0.80945563316345214844 0.81778287887573242188 0.82059663534164428711 0.83117002248764038086 0.83398920297622680664 0.83820354938507080078 0.83914047479629516602 0.84071618318557739258 0.84148430824279785156 0.84039592742919921875 0.83704483509063720703 0.83722215890884399414 0.83501416444778442383 0.83044070005416870117 0.81649976968765258789 0.78136199712753295898 0.79246926307678222656 0.78362166881561279297 0.78440994024276733398 0.78590279817581176758 0.77850323915481567383 0.7741743922233581543 0.76474297046661376953 0.75082814693450927734 0.73677867650985717773 0.72764045000076293945 0.72509419918060302734 0.72158324718475341797 0.70852953195571899414
0.84516549110412597656 0.84817790985107421875 0.83317679166793823242 0.75198072195053100586 0.67723238468170166016 0.71786808967590332031 0.73991400003433227539 0.77174270153045654297 0.78433662652969360352 0.7993481755256652832 0.79962497949600219727 0.81299090385437011719 0.82773965597152709961 0.82948148250579833984 0.8152453303337097168 0.83265280723571777344 0.83554708957672119141 0.83916139602661132812 0.84094017744064331055 0.84236609935760498047 0.84256660938262939453 0.84117281436920166016 0.84011173248291015625 0.83718609809875488281 0.82550710439682006836 0.80398333072662353516 0.79970055818557739258 0.80031555891036987305 0.78822720050811767578 0.78815770149230957031 0.78193581104278564453 0.77556711435317993164 0.76741313934326171875 0.75990313291549682617 0.74164718389511108398 0.72646057605743408203 0.72086727619171142578 0.71296203136444091797 0.70944035053253173828 0.69976115226745605469
0.79803228378295898438 0.80640268325805664062 0.77715736627578735352 0.72744727134704589844 0.73416024446487426758 0.7645289301872253418 0.77761006355285644531 0.79829901456832885742 0.80082052946090698242 0.79933172464370727539 0.7950484156608581543 0.80899572372436523438 0.82374525070190429688 0.83442026376724243164 0.83373987674713134766 0.81935721635818481445 0.83506447076797485352 0.83805227279663085938 0.8407948613166809082 0.84377121925354003906 0.84330618381500244141 0.84272658824920654297 0.842105865478515625 0.83727729320526123047 0.8263174891471862793 0.79815238714218139648 0.80872464179992675781 0.79866945743560791016 0.79360228776931762695 0.79331761598587036133 0.78536880016326904297 0.77740073204040527344 0.77046543359756469727 0.7598196864128112793 0.74881559610366821289 0.73918592929840087891 0.73335099220275878906 0.72936904430389404297 0.71636289358139038086 0.6985467076301574707
0.76012790203094482422 0.7949778437614440918 0.82151627540588378906 0.78299409151077270508 0.7575327754020690918 0.78585124015808105469 0.802104949951171875 0.80729764699935913086 0.80338209867477416992 0.79420715570449829102 0.79268568754196166992 0.79808306694030761719 0.82214987277984619141 0.83701044321060180664 0.83662164211273193359 0.83399283885955810547 0.83088290691375732422 0.83590644598007202148 0.83831560611724853516 0.83898758888244628906 0.84083580970764160156 0.83874803781509399414 0.83993029594421386719 0.83554869890213012695 0.81359171867370605469 0.80326771736145019531 0.80515342950820922852 0.78542065620422363281 0.79329091310501098633 0.78848832845687866211 0.78410804271697998047 0.77370172739028930664 0.76475805044174194336 0.75323545932769775391 0.7494869232177734375 0.74536293745040893555 0.74148172140121459961 0.73363703489303588867 0.72305417060852050781 0.69177162647247314453
0.74648451805114746094 0.80037009716033935547 0.82476586103439331055 0.82433217763900756836 0.80979204177856445312 0.79353982210159301758 0.81557047367095947266 0.82737427949905395508 0.83228933811187744141 0.83221793174743652344 0.79917293787002563477 0.76160103082656860352 0.82044851779937744141 0.83371430635452270508 0.8390566706657409668 0.83898782730102539062 0.83501571416854858398 0.8358643651008605957 0.83658266067504882812 0.83840757608413696289 0.8373896479606628418 0.84070849418640136719 0.83746260404586791992 0.82654058933258056641 0.8015601038932800293 0.806293487548828125 0.80318629741668701172 0.79584860801696777344 0.79320806264877319336 0.78980302810668945312 0.78223305940628051758 0.77579826116561889648 0.76160281896591186523 0.7513885498046875 0.74384254217147827148 0.73789083957672119141 0.72580420970916748047 0.70560747385025024414 0.71200078725814819336 0.65797859430313110352
0.78353589773178100586 0.73360031843185424805 0.81259369850158691406 0.81285810470581054688 0.80782729387283325195 0.80584311485290527344 0.82033252716064453125 0.8348038792610168457 0.83913552761077880859 0.84701001644134521484 0.813686370849609375 0.75471216440200805664 0.80602222681045532227 0.82961630821228027344 0.83430159091949462891 0.83672475814819335938 0.83786714076995849609 0.83236551284790039062 0.83933860063552856445 0.83999049663543701172 0.83952194452285766602 0.83910888433456420898 0.83809483051300048828 0.82902163267135620117 0.81037545204162597656 0.81124448776245117188 0.79957431554794311523 0.79980587959289550781 0.79881888628005981445 0.7945931553840637207 0.78557246923446655273 0.77403062582015991211 0.75931018590927124023 0.73835134506225585938 0.72105133533477783203 0.7040068507194519043 0.65531826019287109375 0.67115998268127441406 0.68350231647491455078 0.68665736913681030273
0.80556625127792358398 0.74836432933807373047 0.77884441614151000977 0.79456907510757446289 0.76790672540664672852 0.82029378414154052734 0.82314711809158325195 0.83700907230377197266 0.83203136920928955078 0.82997918128967285156 0.83973920345306396484 0.82455945014953613281 0.78241592645645141602 0.79007476568222045898 0.81983047723770141602 0.83493936061859130859 0.83532118797302246094 0.83491039276123046875 0.83780783414840698242 0.83937543630599975586 0.83987069129943847656 0.83986985683441162109 0.83772540092468261719 0.82808935642242431641 0.79991328716278076172 0.81019997596740722656 0.80927002429962158203 0.80292737483978271484 0.79933696985244750977 0.7912604212760925293 0.78474408388137817383 0.77289867401123046875 0.75755190849304199219 0.73935145139694213867 0.73405736684799194336 0.71197450160980224609 0.69021403789520263672 0.6792920231819152832 0.64795988798141479492 0.69903999567031860352
0.76356285810470581055 0.71645772457122802734 0.76810562610626220703 0.7647259831428527832 0.78221547603607177734 0.79185134172439575195 0.79158478975296020508 0.79531466960906982422 0.7981192469596862793 0.80881130695343017578 0.8094279170036315918 0.84335839748382568359 0.80961859226226806641 0.775173187255859375 0.7906513214111328125 0.82550704479217529297 0.83865696191787719727 0.83495450019836425781 0.83891999721527099609 0.84040492773056030273 0.8413181304931640625 0.83830869197845458984 0.83643096685409545898 0.83024996519088745117 0.80395865440368652344 0.81269937753677368164 0.80919241905212402344 0.80572539567947387695 0.80287718772888183594 0.79356199502944946289 0.78512579202651977539 0.77299726009368896484 0.75454193353652954102 0.73930728435516357422 0.73551225662231445312 0.71213388442993164062 0.68994474411010742188 0.65284496545791625977 0.6136239171028137207 0.67434078454971313477
0.73202884197235107422 0.80380851030349731445 0.80462944507598876953 0.7889474034309387207 0.80747872591018676758 0.81491851806640625 0.81527268886566162109 0.82498657703399658203 0.83159840106964111328 0.83470869064331054688 0.8373343348503112793 0.8422343134880065918 0.82654321193695068359 0.77551883459091186523 0.81271570920944213867 0.82230365276336669922 0.83219420909881591797 0.83474242687225341797 0.83580940961837768555 0.8369019627571105957 0.83772987127304077148 0.83845245838165283203 0.83630108833312988281 0.83277350664138793945 0.82412737607955932617 0.81913936138153076172 0.81413573026657104492 0.80885362625122070312 0.80333214998245239258 0.79691869020462036133 0.78526949882507324219 0.77332657575607299805 0.74574160575866699219 0.73221802711486816406 0.70400595664978027344 0.66790318489074707031 0.66236412525177001953 0.63641095161437988281 0.58914816379547119141 0.68087673187255859375
0.84589993953704833984 0.82473886013031005859 0.82111859321594238281 0.80100911855697631836 0.81453204154968261719 0.82786756753921508789 0.83328062295913696289 0.83859962224960327148 0.83780962228775024414 0.8430588841438293457 0.83994781970977783203 0.84492260217666625977 0.83816558122634887695 0.8144232630729675293 0.82679563760757446289 0.82736182212829589844 0.82975715398788452148 0.83304226398468017578 0.83507597446441650391 0.83590358495712280273 0.83816927671432495117 0.83769828081130981445 0.83551454544067382812 0.83325475454330444336 0.82819545269012451172 0.82322990894317626953 0.81969219446182250977 0.81411230564117431641 0.80889344215393066406 0.79571157693862915039 0.78554731607437133789 0.77174317836761474609 0.74770551919937133789 0.73341226577758789062 0.69074147939682006836 0.71178835630416870117 0.72302091121673583984 0.6758168339729309082 0.6617533564567565918 0.72740638256072998047
0.80626678466796875 0.84167379140853881836 0.85038429498672485352 0.84399002790451049805 0.82825416326522827148 0.79568308591842651367 0.79372650384902954102 0.8245995640754699707 0.83554679155349731445 0.84060949087142944336 0.84072870016098022461 0.83785295486450195312 0.83408451080322265625 0.81384652853012084961 0.83191370964050292969 0.82960170507431030273 0.83275419473648071289 0.83221423625946044922 0.83402144908905029297 0.8351497650146484375 0.83759570121765136719 0.83592551946640014648 0.83574390411376953125 0.83188778162002563477 0.82882386445999145508 0.82331788539886474609 0.82005321979522705078 0.81433409452438354492 0.80694693326950073242 0.79745793342590332031 0.78466457128524780273 0.76847231388092041016 0.74606555700302124023 0.73118317127227783203 0.6943804621696472168 0.66559648513793945312 0.71744799613952636719 0.71125584840774536133 0.69062376022338867188 0.69165027141571044922
0.80292159318923950195 0.81192559003829956055 0.82893514633178710938 0.84155452251434326172 0.85521870851516723633 0.8638241887092590332 0.8215325474739074707 0.84424042701721191406 0.84649145603179931641 0.84896558523178100586 0.81524395942687988281 0.81775212287902832031 0.81598138809204101562 0.80747562646865844727 0.81756585836410522461 0.82461845874786376953 0.83264327049255371094 0.83197683095932006836 0.83231931924819946289 0.83642864227294921875 0.83917385339736938477 0.83523505926132202148 0.8355547785758972168 0.83275711536407470703 0.82781118154525756836 0.82545703649520874023 0.82052838802337646484 0.81470012664794921875 0.80936962366104125977 0.80130064487457275391 0.78690892457962036133 0.7706400752067565918 0.74877566099166870117 0.73587888479232788086 0.69679617881774902344 0.60526216030120849609 0.69533520936965942383 0.71335512399673461914 0.74598932266235351562 0.80701649188995361328
