OMS_GEOET11/data/Meledrio/5/skyview_5.asc
ncols        439
nrows        381
xllcorner    616702.000000000000
yllcorner    5128528.000000000000
cellsize     30.000000000000
NODATA_value  -9999
[rows 180 to 197 of 381, columns 80 to 119 of 439]
0.8061701655387878418 0.80206263065338134766 0.79353618621826171875 0.79255723953247070312 0.79101336002349853516 0.7872867584228515625 0.78487598896026611328 0.76966845989227294922 0.72488027811050415039 0.76135998964309692383 0.78719121217727661133 0.81825286149978637695 0.85147672891616821289 0.89649850130081176758 0.8657639622688293457 0.86246550083160400391 0.83060258626937866211 0.83448755741119384766 0.81592696905136108398 0.80930292606353759766 0.81227356195449829102 0.80992031097412109375 0.80676066875457763672 0.75474208593368530273 0.64849901199340820312 0.67111897468566894531 0.76829093694686889648 0.90563702583312988281 0.93165153264999389648 0.8937079310417175293 0.8599408268928527832 0.83826977014541625977 0.83026075363159179688 0.82863032817840576172 0.81891065835952758789 0.81004351377487182617 0.78271508216857910156 0.81145870685577392578 0.80637037754058837891 0.80224591493606567383
0.80912756919860839844 0.80552512407302856445 0.8023650050163269043 0.79715365171432495117 0.79177671670913696289 0.78824025392532348633 0.7906672358512878418 0.76874238252639770508 0.75595718622207641602 0.74480926990509033203 0.76410806179046630859 0.75351572036743164062 0.83255708217620849609 0.89110964536666870117 0.8475735783576965332 0.85678791999816894531 0.85604703426361083984 0.83265590667724609375 0.78965228796005249023 0.80375814437866210938 0.80439722537994384766 0.79664260149002075195 0.78494220972061157227 0.73960012197494506836 0.77028930187225341797 0.83314764499664306641 0.85473799705505371094 0.93294900655746459961 0.92875653505325317383 0.88114303350448608398 0.86047244071960449219 0.85539239645004272461 0.85470974445343017578 0.8600794672966003418 0.84648472070693969727 0.83112353086471557617 0.81732100248336791992 0.81951415538787841797 0.84368473291397094727 0.83233076333999633789
0.81057429313659667969 0.8081524968147277832 0.80424457788467407227 0.8014500737190246582 0.79545098543167114258 0.79214316606521606445 0.78636646270751953125 0.78091567754745483398 0.74243772029876708984 0.72692853212356567383 0.70266139507293701172 0.75099974870681762695 0.80931150913238525391 0.88982576131820678711 0.87124240398406982422 0.87061345577239990234 0.85958313941955566406 0.83230817317962646484 0.8280442357063293457 0.8301232457160949707 0.82409083843231201172 0.79752624034881591797 0.77807229757308959961 0.74501007795333862305 0.68234151601791381836 0.80223619937896728516 0.90075713396072387695 0.94566887617111206055 0.89476341009140014648 0.84844475984573364258 0.83832287788391113281 0.86233496665954589844 0.86650311946868896484 0.88369107246398925781 0.87262129783630371094 0.85071361064910888672 0.84740543365478515625 0.85012412071228027344 0.85416662693023681641 0.86362725496292114258
0.80848753452301025391 0.81054037809371948242 0.80635666847229003906 0.80099880695343017578 0.79077047109603881836 0.78639554977416992188 0.77571618556976318359 0.76401412487030029297 0.74841707944869995117 0.72258287668228149414 0.68951165676116943359 0.69019943475723266602 0.67092460393905639648 0.8817996978759765625 0.87470906972885131836 0.87153637409210205078 0.84889972209930419922 0.86002939939498901367 0.850261688232421875 0.83880263566970825195 0.80561691522598266602 0.78305131196975708008 0.76427507400512695312 0.69724678993225097656 0.75114309787750244141 0.76551866531372070312 0.86435806751251220703 0.94722449779510498047 0.89024692773818969727 0.86195474863052368164 0.84568142890930175781 0.86062234640121459961 0.87702018022537231445 0.88678383827209472656 0.86464393138885498047 0.81436675786972045898 0.83588260412216186523 0.85933464765548706055 0.84424293041229248047 0.86354756355285644531
0.80779421329498291016 0.8080609440803527832 0.79663264751434326172 0.80210167169570922852 0.79378503561019897461 0.78072541952133178711 0.77190071344375610352 0.75974875688552856445 0.75467145442962646484 0.73501431941986083984 0.69439333677291870117 0.68421739339828491211 0.70740950107574462891 0.86614435911178588867 0.88738363981246948242 0.87269878387451171875 0.87356740236282348633 0.86995911598205566406 0.85623860359191894531 0.83152395486831665039 0.8046391606330871582 0.77754604816436767578 0.71668231487274169922 0.66913384199142456055 0.80709898471832275391 0.84901398420333862305 0.93801313638687133789 0.9082667231559753418 0.87492191791534423828 0.86003327369689941406 0.85702037811279296875 0.85787594318389892578 0.85869902372360229492 0.85040456056594848633 0.85355627536773681641 0.83730018138885498047 0.82195818424224853516 0.83322286605834960938 0.84659677743911743164 0.86128640174865722656
0.81055837869644165039 0.80580919981002807617 0.79838985204696655273 0.79205077886581420898 0.7909666895866394043 0.78351002931594848633 0.77709943056106567383 0.77081269025802612305 0.76956892013549804688 0.75818908214569091797 0.73112982511520385742 0.6736246943473815918 0.70864832401275634766 0.88778126239776611328 0.88646483421325683594 0.86029481887817382812 0.86682891845703125 0.87171852588653564453 0.85842263698577880859 0.83756554126739501953 0.79521131515502929688 0.76771908998489379883 0.72344392538070678711 0.79327869415283203125 0.71053487062454223633 0.75675290822982788086 0.95980167388916015625 0.85577106475830078125 0.86728578805923461914 0.84463018178939819336 0.8452466130256652832 0.84129476547241210938 0.84214746952056884766 0.83951395750045776367 0.86318659782409667969 0.86692100763320922852 0.83222800493240356445 0.83676224946975708008 0.8357664942741394043 0.84081506729125976562
0.80815178155899047852 0.8070971369743347168 0.79807305335998535156 0.79426264762878417969 0.78913974761962890625 0.78942912817001342773 0.78668242692947387695 0.77793103456497192383 0.77949625253677368164 0.76398581266403198242 0.73116886615753173828 0.68932664394378662109 0.73655486106872558594 0.86593806743621826172 0.87863534688949584961 0.87954652309417724609 0.83497041463851928711 0.8473421931266784668 0.84355753660202026367 0.82633924484252929688 0.80866372585296630859 0.7921568751335144043 0.75855648517608642578 0.72437632083892822266 0.78905785083770751953 0.85557335615158081055 0.95668262243270874023 0.84368312358856201172 0.85688501596450805664 0.87001097202301025391 0.86374175548553466797 0.86149764060974121094 0.84966337680816650391 0.86268341541290283203 0.86682820320129394531 0.85599863529205322266 0.84156870841979980469 0.79680955410003662109 0.81803560256958007812 0.85304039716720581055
0.80885916948318481445 0.80578052997589111328 0.79892826080322265625 0.79455238580703735352 0.78889471292495727539 0.79237467050552368164 0.78734147548675537109 0.79244184494018554688 0.77910590171813964844 0.76721131801605224609 0.74123090505599975586 0.73507016897201538086 0.72163474559783935547 0.80936640501022338867 0.89440810680389404297 0.87553328275680541992 0.81969314813613891602 0.83542340993881225586 0.83049917221069335938 0.80323040485382080078 0.76365435123443603516 0.78933870792388916016 0.77448040246963500977 0.77985405921936035156 0.79835367202758789062 0.9024658203125 0.92056137323379516602 0.83116859197616577148 0.83810746669769287109 0.84742254018783569336 0.86069029569625854492 0.88424456119537353516 0.88030946254730224609 0.84798347949981689453 0.85277038812637329102 0.86039489507675170898 0.85229718685150146484 0.85754442214965820312 0.86076486110687255859 0.86941254138946533203
0.80708736181259155273 0.80653136968612670898 0.8030567169189453125 0.79524749517440795898 0.79202699661254882812 0.79272741079330444336 0.79293996095657348633 0.79044044017791748047 0.78413981199264526367 0.78345549106597900391 0.76920694112777709961 0.76626354455947875977 0.69696217775344848633 0.77488428354263305664 0.87687551975250244141 0.87116390466690063477 0.83134388923645019531 0.82952147722244262695 0.81527984142303466797 0.71469771862030029297 0.80761694908142089844 0.85095554590225219727 0.83471632003784179688 0.87230384349822998047 0.86905682086944580078 0.88871008157730102539 0.91571313142776489258 0.82566219568252563477 0.83419150114059448242 0.83412772417068481445 0.84011954069137573242 0.8683401942253112793 0.87542724609375 0.85601317882537841797 0.818828582763671875 0.82483553886413574219 0.85331910848617553711 0.87097656726837158203 0.87298125028610229492 0.8713130950927734375
0.80757325887680053711 0.80577129125595092773 0.8042424321174621582 0.8025900721549987793 0.79804944992065429688 0.79599630832672119141 0.79485249519348144531 0.79590690135955810547 0.79763740301132202148 0.79752212762832641602 0.79298186302185058594 0.76170480251312255859 0.72470521926879882812 0.78888547420501708984 0.84250599145889282227 0.84251409769058227539 0.84912872314453125 0.83455687761306762695 0.80192929506301879883 0.71970212459564208984 0.80334657430648803711 0.85619503259658813477 0.84677183628082275391 0.85859018564224243164 0.85073262453079223633 0.8618685603141784668 0.94648557901382446289 0.84257799386978149414 0.78264892101287841797 0.81971192359924316406 0.81893205642700195312 0.84913545846939086914 0.86178171634674072266 0.86619716882705688477 0.84439170360565185547 0.83886760473251342773 0.84305077791213989258 0.8649565577507019043 0.87417948246002197266 0.87524545192718505859
0.811992645263671875 0.80968332290649414062 0.8070424199104309082 0.80699104070663452148 0.80463290214538574219 0.80052495002746582031 0.80438923835754394531 0.80653524398803710938 0.80224150419235229492 0.79231667518615722656 0.77525007724761962891 0.73192775249481201172 0.78765207529067993164 0.81733775138854980469 0.84236502647399902344 0.85124421119689941406 0.81813585758209228516 0.80559867620468139648 0.77265900373458862305 0.71106535196304321289 0.82320284843444824219 0.85808718204498291016 0.81569689512252807617 0.83455795049667358398 0.83188033103942871094 0.82033336162567138672 0.90482735633850097656 0.94662916660308837891 0.82984954118728637695 0.75864303112030029297 0.78287452459335327148 0.79665011167526245117 0.82940703630447387695 0.85678350925445556641 0.86579269170761108398 0.82587033510208129883 0.84225142002105712891 0.85990244150161743164 0.86625969409942626953 0.87675213813781738281
0.81433528661727905273 0.81095737218856811523 0.80956846475601196289 0.80991083383560180664 0.80808889865875244141 0.8069121241569519043 0.80683219432830810547 0.81026417016983032227 0.81109988689422607422 0.80841666460037231445 0.7985083460807800293 0.74171608686447143555 0.83705961704254150391 0.81708508729934692383 0.83420193195343017578 0.86177968978881835938 0.83347779512405395508 0.78953766822814941406 0.69055724143981933594 0.81449586153030395508 0.89152032136917114258 0.85884773731231689453 0.8358485102653503418 0.81754946708679199219 0.82190716266632080078 0.83099991083145141602 0.84566760063171386719 0.84370070695877075195 0.92444312572479248047 0.73985952138900756836 0.74405074119567871094 0.76740670204162597656 0.80693918466567993164 0.82273119688034057617 0.84361886978149414062 0.84097611904144287109 0.84129464626312255859 0.85821080207824707031 0.86881399154663085938 0.87055128812789916992
0.81741833686828613281 0.81593668460845947266 0.81702524423599243164 0.8165385127067565918 0.81313234567642211914 0.81080633401870727539 0.80676710605621337891 0.80092507600784301758 0.80712234973907470703 0.80362027883529663086 0.77047699689865112305 0.80091524124145507812 0.84291070699691772461 0.79134023189544677734 0.78449815511703491211 0.86236095428466796875 0.83114594221115112305 0.78534597158432006836 0.71936136484146118164 0.8311449885368347168 0.85412704944610595703 0.83339887857437133789 0.82134526968002319336 0.78923827409744262695 0.79616641998291015625 0.80166763067245483398 0.76474148035049438477 0.68852329254150390625 0.93812906742095947266 0.79951155185699462891 0.72742211818695068359 0.72136408090591430664 0.75232559442520141602 0.80553495883941650391 0.82507544755935668945 0.83720302581787109375 0.83016997575759887695 0.86173027753829956055 0.86288523674011230469 0.86688792705535888672
0.82416927814483642578 0.82310354709625244141 0.82034081220626831055 0.81948292255401611328 0.81781560182571411133 0.81090468168258666992 0.81279051303863525391 0.81906652450561523438 0.82293748855590820312 0.8203894495964050293 0.79183995723724365234 0.83078342676162719727 0.82472681999206542969 0.80020630359649658203 0.79036700725555419922 0.84751152992248535156 0.85145843029022216797 0.78841352462768554688 0.83765679597854614258 0.89100366830825805664 0.85800546407699584961 0.83005678653717041016 0.81927436590194702148 0.7955824732780456543 0.78637015819549560547 0.78788143396377563477 0.77550977468490600586 0.74392396211624145508 0.90019595623016357422 0.85933417081832885742 0.78829103708267211914 0.74476593732833862305 0.75181990861892700195 0.78784972429275512695 0.83083099126815795898 0.8526013493537902832 0.84613841772079467773 0.86218106746673583984 0.86546528339385986328 0.87475401163101196289
0.82272195816040039062 0.82470840215682983398 0.82378524541854858398 0.82432472705841064453 0.82035177946090698242 0.82606559991836547852 0.82792603969573974609 0.82866168022155761719 0.82960754632949829102 0.82920801639556884766 0.80960261821746826172 0.83773416280746459961 0.80234050750732421875 0.74315369129180908203 0.79031777381896972656 0.86162894964218139648 0.86610734462738037109 0.8167832493782043457 0.89971143007278442383 0.83280968666076660156 0.82342326641082763672 0.8021392822265625 0.80725800991058349609 0.79160332679748535156 0.7872231602668762207 0.77099913358688354492 0.72224205732345581055 0.72688680887222290039 0.90392440557479858398 0.77682363986968994141 0.74278026819229125977 0.74512040615081787109 0.75527334213256835938 0.805267333984375 0.82998877763748168945 0.82053083181381225586 0.81729668378829956055 0.83995169401168823242 0.83843755722045898438 0.87099105119705200195
0.82402426004409790039 0.82658398151397705078 0.82933664321899414062 0.83078420162200927734 0.83341741561889648438 0.83388632535934448242 0.8237774968147277832 0.82570803165435791016 0.82805806398391723633 0.82059305906295776367 0.79657077789306640625 0.79843538999557495117 0.78379148244857788086 0.78141617774963378906 0.83650213479995727539 0.86336487531661987305 0.82544302940368652344 0.80514949560165405273 0.85108935832977294922 0.78606295585632324219 0.81944024562835693359 0.81117367744445800781 0.79814827442169189453 0.77005398273468017578 0.74450832605361938477 0.75913488864898681641 0.726734161376953125 0.78807550668716430664 0.92350006103515625 0.78788346052169799805 0.77902150154113769531 0.80575603246688842773 0.82172989845275878906 0.82577306032180786133 0.80468791723251342773 0.8105030059814453125 0.81966495513916015625 0.84200704097747802734 0.85685044527053833008 0.86609452962875366211
0.82952713966369628906 0.8312714695930480957 0.83332425355911254883 0.83046567440032958984 0.83635115623474121094 0.83632379770278930664 0.83000999689102172852 0.83328700065612792969 0.84643334150314331055 0.83975964784622192383 0.83843523263931274414 0.81901955604553222656 0.78781431913375854492 0.80660909414291381836 0.80062633752822875977 0.79048246145248413086 0.76836466789245605469 0.86915600299835205078 0.84712797403335571289 0.8047574162483215332 0.80751031637191772461 0.80484420061111450195 0.7861811518669128418 0.76765161752700805664 0.69336706399917602539 0.65222495794296264648 0.76112145185470581055 0.93688052892684936523 0.88503032922744750977 0.80153703689575195312 0.81170743703842163086 0.82593590021133422852 0.83192217350006103516 0.83666819334030151367 0.82728862762451171875 0.82038146257400512695 0.82848596572875976562 0.84402680397033691406 0.85391414165496826172 0.86704355478286743164
0.83513689041137695312 0.83278286457061767578 0.83532601594924926758 0.83703589439392089844 0.83883494138717651367 0.83883547782897949219 0.82898426055908203125 0.8403981328010559082 0.85524344444274902344 0.85356682538986206055 0.85170996189117431641 0.84053492546081542969 0.83117437362670898438 0.80419951677322387695 0.80451261997222900391 0.80401074886322021484 0.78180789947509765625 0.89981883764266967773 0.79580467939376831055 0.77842891216278076172 0.80236566066741943359 0.78491699695587158203 0.78018993139266967773 0.7432772517204284668 0.66490393877029418945 0.63100916147232055664 0.75351506471633911133 0.95840334892272949219 0.86542946100234985352 0.83957725763320922852 0.82490789890289306641 0.83200293779373168945 0.84531176090240478516 0.85224527120590209961 0.84114170074462890625 0.83252966403961181641 0.84816342592239379883 0.82336688041687011719 0.85399407148361206055 0.86559504270553588867
