OMS_GEOET11/data/Meledrio/4/DEM_4.asc
ncols        217
nrows        238
xllcorner    642442.000000000000
yllcorner    5128288.000000000000
cellsize     30.000000000000
NODATA_value  -9999
[rows 48 to 71 of 238, columns 55 to 109 of 217]
1307.4429931640625 1314.625 1317.697021484375 1299.239013671875 1292.7509765625 1299.2030029296875 1286.5450439453125 1269.97705078125 1261.9090576171875 1250.48095703125 1240.10302734375 1226.81494140625 1214.0570068359375 1203.72900390625 1198.071044921875 1183.2130126953125 1177.5250244140625 1166.0870361328125 1153.739013671875 1152.720947265625 1158.1529541015625 1158.0050048828125 1171.677001953125 1176.0489501953125 1177.990966796875 1177.2130126953125 1174.9649658203125 1170.7869873046875 1165.448974609375 1158.541015625 1152.10302734375 1144.9940185546875 1133.6259765625 1123.218017578125 1112.7099609375 1104.4720458984375 1096.5340576171875 1090.43603515625 1078.988037109375 1068.8199462890625 1060.501953125 1046.083984375 1032.365966796875 1022.24798583984375 1013.239990234375 1003.10198974609375 991.64398193359375 984.39599609375 976.8480224609375 965.8499755859375 948.76202392578125 934.16400146484375 914.81597900390625 895.968017578125 883.07000732421875
1286.5140380859375 1291.676025390625 1302.7879638671875 1279.8399658203125 1268.001953125 1274.2640380859375 1270.635986328125 1254.7779541015625 1246.97900390625 1238.260986328125 1227.6729736328125 1217.2750244140625 1203.8170166015625 1190.8489990234375 1182.5909423828125 1175.1529541015625 1165.7650146484375 1164.8270263671875 1147.1090087890625 1139.5009765625 1143.79296875 1148.89501953125 1163.987060546875 1165.178955078125 1166.6910400390625 1163.863037109375 1160.7950439453125 1157.467041015625 1152.18896484375 1146.970947265625 1139.4530029296875 1129.4449462890625 1119.616943359375 1110.279052734375 1100.6309814453125 1095.4830322265625 1085.35498046875 1075.7669677734375 1066.4090576171875 1057.740966796875 1044.1629638671875 1032.114990234375 1021.10699462890625 1013.85797119140625 1003.530029296875 994.96197509765625 985.29400634765625 977.19598388671875 966.90802001953125 949.780029296875 932.2020263671875 913.9539794921875 895.5260009765625 880.78802490234375 870.66998291015625
1260.5140380859375 1280.7459716796875 1268.3380126953125 1249.02001953125 1250.112060546875 1247.884033203125 1239.8160400390625 1236.887939453125 1230.97998046875 1223.751953125 1220.3740234375 1207.416015625 1193.677978515625 1182.989990234375 1173.322021484375 1160.364013671875 1154.4659423828125 1154.197998046875 1140.6600341796875 1128.531982421875 1130.9139404296875 1147.906005859375 1156.5980224609375 1154.9200439453125 1154.8509521484375 1153.012939453125 1149.155029296875 1146.9169921875 1140.0589599609375 1131.8909912109375 1126.2230224609375 1115.0450439453125 1105.4969482421875 1097.7490234375 1090.2010498046875 1081.822998046875 1075.425048828125 1066.0069580078125 1058.1689453125 1042.571044921875 1029.3929443359375 1020.4849853515625 1012.87701416015625 1002.0989990234375 995.85101318359375 986.822998046875 978.95501708984375 965.87701416015625 949.80902099609375 931.1610107421875 911.36297607421875 894.85498046875 880.5260009765625 866.447998046875 855.5
1235.4649658203125 1262.9169921875 1233.239013671875 1223.6309814453125 1216.9730224609375 1220.10498046875 1218.22705078125 1215.968017578125 1213.31005859375 1213.58203125 1230.7939453125 1221.176025390625 1201.43798828125 1182.530029296875 1165.491943359375 1153.833984375 1142.2960205078125 1139.0880126953125 1136.6700439453125 1120.56201171875 1123.364013671875 1138.0159912109375 1143.7679443359375 1139.5699462890625 1140.4520263671875 1141.60400390625 1138.595947265625 1130.7080078125 1124.56005859375 1118.7919921875 1111.1639404296875 1102.4759521484375 1094.4580078125 1086.719970703125 1078.73095703125 1071.633056640625 1063.0350341796875 1054.0670166015625 1041.1689453125 1030.740966796875 1022.4329833984375 1012.7349853515625 1005.00701904296875 996.8590087890625 988.83099365234375 979.49298095703125 963.10498046875 948.48699951171875 930.53900146484375 910.34100341796875 894.4429931640625 879.94500732421875 865.906982421875 851.52899169921875 838.82098388671875
1221.3050537109375 1226.386962890625 1215.259033203125 1206.541015625 1200.802978515625 1199.5350341796875 1197.8070068359375 1201.4090576171875 1198.1009521484375 1205.593017578125 1225.9549560546875 1228.68701171875 1212.509033203125 1191.0009765625 1172.1429443359375 1156.9449462890625 1140.8170166015625 1126.6190185546875 1125.3709716796875 1113.9520263671875 1106.803955078125 1123.5159912109375 1127.8079833984375 1127.18994140625 1125.08203125 1125.0439453125 1120.5660400390625 1114.748046875 1109.550048828125 1103.2919921875 1097.7640380859375 1091.156005859375 1082.3680419921875 1075.1600341796875 1067.552001953125 1059.9339599609375 1049.9859619140625 1039.1280517578125 1028.030029296875 1019.6820068359375 1012.53399658203125 1005.31597900390625 998.89697265625 988.92901611328125 980.84100341796875 966.11297607421875 948.60498046875 931.1669921875 911.67901611328125 895.48101806640625 880.302978515625 865.45501708984375 853.83697509765625 842.0889892578125 826.291015625
1221.426025390625 1206.5980224609375 1202.3599853515625 1193.511962890625 1184.0340576171875 1179.3260498046875 1178.45703125 1182.989013671875 1181.490966796875 1191.593017578125 1206.14501953125 1213.18701171875 1215.97900390625 1195.9010009765625 1175.2130126953125 1156.5550537109375 1137.947021484375 1124.5989990234375 1111.2010498046875 1106.133056640625 1092.5550537109375 1106.116943359375 1112.0689697265625 1112.9410400390625 1106.863037109375 1108.1650390625 1103.1070556640625 1097.178955078125 1093.050048828125 1090.1820068359375 1084.634033203125 1076.365966796875 1071.468017578125 1063.030029296875 1055.7020263671875 1044.9539794921875 1036.7159423828125 1026.248046875 1018.469970703125 1012.6820068359375 1007.6939697265625 999.31597900390625 989.0479736328125 980 965.71197509765625 952.4439697265625 933.666015625 913.16802978515625 897.780029296875 883.051025390625 868.99298095703125 852.57501220703125 834.58697509765625 830.16900634765625 818.45098876953125
1235.7060546875 1216.64794921875 1206.4200439453125 1192.10205078125 1183.134033203125 1169.7359619140625 1161.97802734375 1162.8299560546875 1166.3919677734375 1176.60400390625 1184.2960205078125 1190.988037109375 1196.239990234375 1194.862060546875 1173.583984375 1157.156005859375 1142.927001953125 1125.43896484375 1109.9610595703125 1097.262939453125 1087.2049560546875 1087.47705078125 1094.3389892578125 1088.1109619140625 1084.7030029296875 1089.0849609375 1086.2769775390625 1084.1090087890625 1082.0810546875 1078.6729736328125 1072.875 1063.5770263671875 1056.93896484375 1049.6610107421875 1040.613037109375 1030.9649658203125 1021.676025390625 1015.968017578125 1011.010009765625 1006.1719970703125 1000.073974609375 989.0059814453125 978.927978515625 966.04998779296875 952.1719970703125 932.4539794921875 913.81597900390625 897.697998046875 884.3599853515625 872.50201416015625 856.343994140625 833.176025390625 818.3280029296875 814.989990234375 811.59100341796875
1254.5970458984375 1230.6390380859375 1225.6309814453125 1218.762939453125 1183.2349853515625 1171.3270263671875 1163.468017578125 1150.3900146484375 1152.802001953125 1159.833984375 1164.14599609375 1167.2879638671875 1172.9000244140625 1177.4420166015625 1174.9239501953125 1152.4560546875 1139.387939453125 1126.5400390625 1113.81201171875 1101.56396484375 1089.2359619140625 1073.6080322265625 1072.219970703125 1069.6319580078125 1066.1429443359375 1066.344970703125 1071.7469482421875 1073.458984375 1069.510986328125 1067.7130126953125 1058.7349853515625 1051.2869873046875 1042.5389404296875 1035.5009765625 1025.802978515625 1017.45501708984375 1013.24700927734375 1007.76898193359375 1004.27099609375 1000.093017578125 988.2650146484375 977.71697998046875 965.8480224609375 949.78997802734375 927.46197509765625 912.5040283203125 898.44598388671875 885.7080078125 874.510009765625 859.35198974609375 843.17401123046875 824.08599853515625 810.8079833984375 801.3699951171875 798.60198974609375
1260.7669677734375 1251.5989990234375 1242.541015625 1227.133056640625 1193.0050048828125 1175.116943359375 1160.529052734375 1152.260986328125 1138.863037109375 1144.6650390625 1145.39697265625 1145.968994140625 1152.6810302734375 1155.4429931640625 1158.2939453125 1148.0260009765625 1134.3780517578125 1122.489990234375 1108.031982421875 1095.8740234375 1086.3759765625 1082.387939453125 1065.97998046875 1054.241943359375 1044.343994140625 1039.0360107421875 1043.758056640625 1058.8599853515625 1056.8819580078125 1053.89404296875 1047.5260009765625 1039.3470458984375 1030.3990478515625 1021.2509765625 1015.593017578125 1010.905029296875 1006.5770263671875 1002.5689697265625 996.97100830078125 986.6829833984375 976.46502685546875 964.38702392578125 946.93902587890625 927.48101806640625 911.4429931640625 898.405029296875 886.8070068359375 875.968017578125 861.90997314453125 845.23199462890625 828.90399169921875 816.5360107421875 802.718017578125 791.3800048828125 784.802001953125
1274.9580078125 1258.9100341796875 1243.9320068359375 1220.634033203125 1197.7060546875 1181.137939453125 1166.2889404296875 1153.6810302734375 1141.5830078125 1127.7249755859375 1128.366943359375 1129.678955078125 1131.4510498046875 1133.363037109375 1139.81494140625 1141.0770263671875 1132.3289794921875 1120.9610595703125 1109.35302734375 1093.0350341796875 1080.70703125 1074.489013671875 1063.27001953125 1059.031982421875 1059.8740234375 1054.85595703125 1026.7080078125 1044.6099853515625 1043.9119873046875 1038.81396484375 1034.3759765625 1027.2979736328125 1018.95001220703125 1012.9320068359375 1008.03399658203125 1004.09600830078125 1000.14801025390625 993.72900390625 985.34100341796875 973.7030029296875 960.79498291015625 942.4169921875 924.64898681640625 910.96099853515625 898.8330078125 886.385009765625 877.23699951171875 864.198974609375 849.61102294921875 838.26300048828125 819.54498291015625 805.48602294921875 794.75799560546875 784.80999755859375 774.02197265625
1268.0179443359375 1254.0999755859375 1233.7020263671875 1211.60400390625 1196.676025390625 1185.447998046875 1173.739990234375 1157.1820068359375 1141.7740478515625 1131.865966796875 1117.0579833984375 1113.0699462890625 1114.1219482421875 1113.3929443359375 1118.2650146484375 1123.906982421875 1120.3389892578125 1116.8310546875 1109.532958984375 1099.675048828125 1083.45703125 1067.6290283203125 1056.990966796875 1050.9730224609375 1046.094970703125 1044.366943359375 1030.1689453125 1023.70098876953125 1030.3919677734375 1026.31396484375 1021.7760009765625 1015.89801025390625 1010.33001708984375 1005.74200439453125 1002.18402099609375 998.176025390625 990.75799560546875 981.530029296875 969.87200927734375 956.42401123046875 939.2659912109375 923.197021484375 909.52899169921875 897.301025390625 887.822998046875 878.21502685546875 865.20697021484375 851.708984375 837.781005859375 819.843017578125 808.71502685546875 795.0469970703125 783.5989990234375 775.31097412109375 764.9429931640625
1263.7490234375 1242.0909423828125 1228.1429443359375 1215.9849853515625 1204.0870361328125 1190.8389892578125 1179.489990234375 1163.0419921875 1147.9539794921875 1131.8060302734375 1122.64794921875 1109.9300537109375 1098.501953125 1093.384033203125 1097.3160400390625 1105.91796875 1107.989990234375 1104.10205078125 1101.14404296875 1097.125 1080.116943359375 1073.4090576171875 1061.8409423828125 1045.2130126953125 1038.175048828125 1031.886962890625 1025.5889892578125 1011.47100830078125 1017.5830078125 1015.17498779296875 1010.50701904296875 1006.38897705078125 1000.59100341796875 997.61199951171875 995.10400390625 987.19598388671875 977.427978515625 966.41998291015625 951.6820068359375 936.85400390625 921.34600830078125 909.5679931640625 897.72998046875 888.031982421875 879.083984375 865.64501953125 852.38702392578125 833.968994140625 820.0009765625 807.23297119140625 795.594970703125 784.33697509765625 773.64898681640625 763.45098876953125 753.01300048828125
1256.5889892578125 1235.010986328125 1219.1529541015625 1206.864990234375 1197.2869873046875 1187.0789794921875 1175.801025390625 1164.2030029296875 1149.635009765625 1136.886962890625 1126.708984375 1115.510986328125 1105.33203125 1093.7440185546875 1081.666015625 1083.468017578125 1094.760009765625 1093.031982421875 1080.4139404296875 1075.4560546875 1075.3380126953125 1059.5999755859375 1046.2320556640625 1034.1839599609375 1025.4659423828125 1021.906982421875 1014.88897705078125 1006.6209716796875 997.00299072265625 996.2349853515625 991.47698974609375 991.8189697265625 984.9210205078125 981.79302978515625 981.0050048828125 973.88702392578125 962.47900390625 947.010009765625 932.34197998046875 918.7340087890625 907.82598876953125 897.49798583984375 888.3599853515625 878.50201416015625 864.9439697265625 850.21600341796875 833.62799072265625 818.25 804.00201416015625 793.63299560546875 782.83502197265625 772.0369873046875 763.13897705078125 753.21099853515625 744.01300048828125
1242.8199462890625 1226.7320556640625 1211.114013671875 1199.39599609375 1189.2979736328125 1180.009033203125 1172.4110107421875 1162.032958984375 1152.614990234375 1142.5469970703125 1131.1190185546875 1123.5009765625 1113.1729736328125 1102.3349609375 1084.677001953125 1069.9189453125 1072.801025390625 1074.4329833984375 1061.364013671875 1051.3360595703125 1059.6180419921875 1045.5799560546875 1035.112060546875 1023.2139892578125 1019.4959716796875 1013.63800048828125 1004.1500244140625 995.97198486328125 992.68402099609375 991.46600341796875 979.01702880859375 954.5989990234375 956.56097412109375 960.79302978515625 958.32501220703125 946.14697265625 935.3289794921875 927.23101806640625 915.41302490234375 905.94500732421875 896.62701416015625 888.41802978515625 877.22998046875 864.13201904296875 847.823974609375 830.926025390625 815.43798828125 804.08001708984375 791.4219970703125 778.77398681640625 771.73602294921875 762.43798828125 752.77899169921875 742.82098388671875 738.4530029296875
1228.8699951171875 1215.6519775390625 1202.9840087890625 1193.2760009765625 1184.0279541015625 1174.6099853515625 1168.4219970703125 1159.2939453125 1152.18603515625 1141.16796875 1133.949951171875 1133.0810546875 1125.6429443359375 1111.89501953125 1096.136962890625 1080.2490234375 1063.06103515625 1057.77294921875 1046.18505859375 1030.0369873046875 1043.259033203125 1037.260986328125 1022.2230224609375 1012.083984375 1018.23602294921875 1024.758056640625 1007.260009765625 989.72198486328125 978.52398681640625 977.3060302734375 980.87799072265625 966.25 938.4420166015625 935.583984375 932.885009765625 919.197021484375 914.25897216796875 901.86102294921875 903.4730224609375 896.96502685546875 887.87701416015625 875.3790283203125 862.84100341796875 847.78302001953125 832.385009765625 816.3759765625 805.197998046875 792.33001708984375 779.822021484375 769.073974609375 759.8759765625 752.8280029296875 743.17999267578125 737.76202392578125 734.073974609375
1218.6810302734375 1206.79296875 1197.2349853515625 1188.7969970703125 1178.178955078125 1169.3900146484375 1164.02197265625 1156.14404296875 1150.7259521484375 1145.657958984375 1132.3599853515625 1125.552001953125 1126.9139404296875 1122.7060546875 1107.1180419921875 1088.18994140625 1067.970947265625 1029.3330078125 1019.614990234375 1003.64697265625 1030.5489501953125 1021.02099609375 1016.56298828125 1000.655029296875 1004.61700439453125 1016.5889892578125 1008.801025390625 990.322021484375 975.4940185546875 963.2659912109375 957.218017578125 960.32000732421875 943.02197265625 901.92401123046875 898.47601318359375 891.4580078125 883.3499755859375 877.1519775390625 894.79302978515625 886.5150146484375 873.61700439453125 859.6290283203125 842.69097900390625 829.25299072265625 817.135009765625 806.48699951171875 790.93902587890625 778.4310302734375 767.09197998046875 758.9539794921875 751.97601318359375 744.22802734375 737.08001708984375 733.86199951171875 731.7440185546875
1208.281982421875 1199.2540283203125 1190.844970703125 1182.7469482421875 1174.2989501953125 1164.8809814453125 1157.6429443359375 1153.2149658203125 1145.636962890625 1138.3690185546875 1133.291015625 1126.5830078125 1113.2850341796875 1104.3260498046875 1095.2679443359375 1083.47998046875 1068.302001953125 1021.7239990234375 987.8759765625 975.12799072265625 985.70001220703125 992.24200439453125 988.4739990234375 976.66497802734375 986.25701904296875 1000.3690185546875 989.77099609375 977.52301025390625 965.4749755859375 954.00701904296875 940.63897705078125 933.08099365234375 928.4329833984375 920.4639892578125 903.5159912109375 893.63800048828125 851.54998779296875 841.76202392578125 861.2239990234375 863.94598388671875 854.41802978515625 836.010009765625 821.510986328125 809.91302490234375 798.2249755859375 783.36700439453125 771.90899658203125 762.1209716796875 756.6929931640625 748.70501708984375 743.3070068359375 738.03900146484375 735.33001708984375 730.9119873046875 729.66400146484375
1201.3819580078125 1192.114013671875 1185.676025390625 1178.177978515625 1169.760009765625 1162.6519775390625 1154.323974609375 1150.1650390625 1142.8570556640625 1133.6490478515625 1127.9610595703125 1121.383056640625 1112.155029296875 1102.677001953125 1100.178955078125 1086.0909423828125 1068.782958984375 1040.803955078125 1000.0360107421875 965.88800048828125 951.02001953125 947.4219970703125 961.9840087890625 952.11602783203125 978.3179931640625 988.28997802734375 976.302001953125 965.50299072265625 954.60498046875 945.427001953125 935.47900390625 922.6810302734375 914.6829833984375 909.03497314453125 908.26702880859375 896.88897705078125 869.03997802734375 832.76202392578125 830.52398681640625 838.416015625 835.23797607421875 820.3699951171875 806.64202880859375 796.614013671875 781.23602294921875 771.8170166015625 762.0789794921875 757.291015625 751.052978515625 746.29498291015625 740.63702392578125 737.41900634765625 735.33099365234375 731.093017578125 729.2540283203125
1196.4530029296875 1186.7650146484375 1178.7969970703125 1172.39794921875 1164.3499755859375 1157.60205078125 1150.64404296875 1146.115966796875 1139.5780029296875 1131.6099853515625 1126.6419677734375 1118.9439697265625 1106.14501953125 1094.8070068359375 1088.51904296875 1080.3709716796875 1064.85302734375 1035.3349609375 1008.5469970703125 986.6290283203125 958.32098388671875 921.6619873046875 929.53399658203125 936.635986328125 959.8480224609375 972.239990234375 963.85198974609375 953.2039794921875 944.166015625 935.73797607421875 926.0989990234375 917.82098388671875 906.00299072265625 900.7750244140625 895.61700439453125 887.25897216796875 872.11102294921875 844.85302734375 818.125 814.5159912109375 815.23797607421875 808.28997802734375 793.97198486328125 783.2340087890625 774.156005859375 768.0880126953125 759.52001953125 754.10198974609375 749.89300537109375 746.7750244140625 741.10699462890625 738.01898193359375 735.6710205078125 733.10302734375 730.0250244140625
1187.262939453125 1179.864990234375 1171.886962890625 1164.9990234375 1159.02099609375 1152.27294921875 1145.844970703125 1141.5560302734375 1137.427978515625 1128.0400390625 1119.9420166015625 1108.3740234375 1099.5560302734375 1088.5179443359375 1077.489990234375 1069.58203125 1055.322998046875 1029.655029296875 1004.5369873046875 978.1090087890625 954.6209716796875 925.9530029296875 907.0150146484375 932.1669921875 938.458984375 954.0999755859375 950.802001953125 942.43402099609375 935.0159912109375 921.447998046875 914.32000732421875 906.00201416015625 901.06402587890625 890.614990234375 882.927001953125 875.53900146484375 865.031005859375 845.9630126953125 819.39501953125 806.427001953125 801.718994140625 796.83099365234375 788.13201904296875 779.04400634765625 771.36602783203125 765.18798828125 759.96002197265625 755.5419921875 749.93402099609375 745.61602783203125 741.5670166015625 738.3690185546875 734.8709716796875 732.35302734375 730.89501953125
1179.1639404296875 1172.345947265625 1166.387939453125 1158.448974609375 1152.8310546875 1146.012939453125 1141.385009765625 1137.5469970703125 1130.8489990234375 1121.7010498046875 1110.883056640625 1104.073974609375 1091.7659912109375 1079.6180419921875 1069.75 1056.77197265625 1043.4539794921875 1024.4659423828125 1000.427978515625 983.19000244140625 959.22100830078125 928.01300048828125 890.0150146484375 900.23699951171875 920.97900390625 933.82098388671875 936.38299560546875 928.17498779296875 920.0159912109375 911.88800048828125 899 889.36199951171875 887.2039794921875 878.135986328125 871.00799560546875 854.92999267578125 844.21099853515625 829.343017578125 814.864990234375 802.62701416015625 796.9990234375 791.510986328125 784.79302978515625 778.05499267578125 771.697021484375 766.12799072265625 759.67999267578125 754.24200439453125 749.56402587890625 745.385986328125 741.26800537109375 738.55999755859375 734.88201904296875 732.14300537109375 730.5250244140625
-9999 1167.885986328125 1161.3480224609375 1153.9599609375 1145.241943359375 1140.4339599609375 1135.6259765625 1130.7769775390625 1122.2490234375 1114.260986328125 1105.81298828125 1095.344970703125 1084.156982421875 1072.2989501953125 1062.240966796875 1048.781982421875 1022.89398193359375 1003.18597412109375 986.13800048828125 966.17999267578125 948.2020263671875 922.614013671875 898.43597412109375 879.697021484375 900.8590087890625 911.9310302734375 918.29302978515625 912.68499755859375 903.677001953125 895.5789794921875 888.9210205078125 878.552001953125 869.89398193359375 865.33599853515625 846.39801025390625 837.44000244140625 823.4420166015625 812.30401611328125 804.0560302734375 796.0369873046875 791.8289794921875 787.96099853515625 783.29302978515625 778.18499755859375 771.51702880859375 764.88897705078125 759.9010009765625 754.27197265625 749.40399169921875 746.406005859375 741.697998046875 738.510009765625 734.85198974609375 733.4639892578125 730.69598388671875
-9999 -9999 1158.6490478515625 1149.5899658203125 1139.842041015625 1134.39404296875 1127.93603515625 1122.5880126953125 1115.699951171875 1107.9019775390625 1098.7840576171875 1087.074951171875 1074.5970458984375 1062.76904296875 1051.2010498046875 1040.4530029296875 1027.344970703125 1008.13702392578125 975.29901123046875 952.5 928.4520263671875 904.1240234375 886.135986328125 866.427978515625 877.25 886.23199462890625 899.2540283203125 901.31500244140625 890.62701416015625 878.0689697265625 874.510986328125 866.14300537109375 848.2249755859375 846.14697265625 831.0479736328125 819.27001953125 809.75201416015625 802.40399169921875 796.426025390625 790.677978515625 785.5999755859375 782.61199951171875 779.13299560546875 774.7449951171875 769.96697998046875 765.2490234375 760.551025390625 755.86297607421875 751.7650146484375 747.5260009765625 741.47802734375 739.1099853515625 735.4320068359375 733.66400146484375 730.85601806640625
-9999 -9999 1152.9090576171875 1143.791015625 1133.9429931640625 1127.0450439453125 1121.0269775390625 1113.8480224609375 1107.6700439453125 1097.9420166015625 1088.2939453125 1077.135986328125 1064.407958984375 1052.0799560546875 1040.751953125 1031.31298828125 1017.4849853515625 1003.73699951171875 986.66900634765625 968.24102783203125 940.00299072265625 921.57501220703125 899.1259765625 871.60797119140625 854.6500244140625 868.052001953125 883.81402587890625 884.10601806640625 878.87799072265625 860.16998291015625 856.5009765625 849.572998046875 829.71502685546875 820.97698974609375 814.6090087890625 805.781005859375 798.4630126953125 791.30401611328125 786.906005859375 783.65802001953125 780.5999755859375 777.1719970703125 774.7239990234375 771.72601318359375 766.95697021484375 761.15899658203125 757.551025390625 752.9530029296875 749.81500244140625 746.18701171875 742.22900390625 737.91998291015625 737.06201171875 732.81402587890625 731.0260009765625
