OMS_GEOET11/data/Meledrio/4/DEM_4.asc
ncols        217
nrows        238
xllcorner    642442.000000000000
yllcorner    5128288.000000000000
cellsize     30.000000000000
NODATA_value  -9999
[rows 96 to 119 of 238, columns 110 to 164 of 217]
732.72601318359375 732.197021484375 731.50897216796875 731.08099365234375 730.281982421875 731.7440185546875 736.885986328125 745.0780029296875 749.3690185546875 750.9000244140625 755.24200439453125 761.77398681640625 771.29498291015625 774.86700439453125 780.8289794921875 785.20098876953125 792.0419921875 799.79400634765625 803.81597900390625 808.72802734375 816.78900146484375 827.70098876953125 843.9730224609375 860.7239990234375 875.58599853515625 886.26800537109375 899.07000732421875 915.19097900390625 930.4730224609375 951.17498779296875 965.5670166015625 966.49798583984375 944.1400146484375 932.822021484375 948.573974609375 967.41497802734375 1006.0670166015625 1028.72900390625 1053.300048828125 1073.511962890625 1096.5140380859375 1116.0860595703125 1135.7769775390625 1155.279052734375 1176.1810302734375 1193.613037109375 1212.634033203125 1234.2159423828125 1256.8480224609375 1261.6700439453125 1266.8409423828125 1278.9429931640625 1294.2750244140625 1315.7259521484375 1334.16796875
732.78497314453125 733.23699951171875 732.0479736328125 731.70001220703125 730.9420166015625 735.16302490234375 745.155029296875 749.75701904296875 753.40899658203125 755.6300048828125 759.031005859375 766.3330078125 771.9949951171875 779.58599853515625 784.697998046875 791.1199951171875 796.7020263671875 804.41302490234375 812.20501708984375 817.96697998046875 823.208984375 832.32000732421875 845.6820068359375 856.333984375 872.7349853515625 891.59698486328125 904.55902099609375 919.6209716796875 937.84197998046875 956.7340087890625 974.85601806640625 980.03802490234375 964.458984375 941.85101318359375 947.24298095703125 965.125 994.59600830078125 1026.427978515625 1049.27001953125 1068.81103515625 1080.6829833984375 1106.0849609375 1141.0169677734375 1166.5780029296875 1186.0999755859375 1203.9620361328125 1224.323974609375 1237.43505859375 1248.2469482421875 1270.8790283203125 1290.2099609375 1303.06201171875 1321.553955078125 1352.93603515625 1367.2869873046875
733.083984375 734.2459716796875 732.5780029296875 734.15899658203125 735.1610107421875 739.78302001953125 750.2449951171875 754.385986328125 758.48797607421875 760.67901611328125 764.6409912109375 770.2020263671875 776.51397705078125 783.2860107421875 787.38800048828125 795.5889892578125 804.3709716796875 810.4429931640625 817.7440185546875 826.416015625 838.62799072265625 845.57000732421875 851.46099853515625 868.27301025390625 880.70501708984375 893.2459716796875 908.3380126953125 923.010009765625 941.27197265625 956.9329833984375 973.32501220703125 989.5770263671875 973.51898193359375 962.30999755859375 950.59197998046875 960.29400634765625 980.89501953125 999.677001953125 1024.218994140625 1040.5009765625 1061.9720458984375 1088.614013671875 1134.906005859375 1165.7679443359375 1184.5789794921875 1190.1810302734375 1203.623046875 1217.134033203125 1240.7060546875 1294.738037109375 1306.7099609375 1323.4610595703125 1348.1729736328125 1369.5050048828125 1399.5570068359375
737.4739990234375 737.10498046875 735.95697021484375 736.01898193359375 740.3800048828125 751.9019775390625 753.60400390625 757.97601318359375 763.21697998046875 765.5980224609375 771.42999267578125 777.6719970703125 781.86297607421875 787.67498779296875 795.63702392578125 803.04901123046875 814.5 817.802001953125 824.14398193359375 832.08502197265625 847.08697509765625 854.1190185546875 862.20098876953125 873.72198486328125 891.4840087890625 907.166015625 917.68701171875 931.7490234375 943.58099365234375 957.802978515625 972.92401123046875 989.11602783203125 993.8380126953125 979.6199951171875 969.61102294921875 964.73297119140625 969.60498046875 977.84600830078125 1000.62799072265625 1021.69000244140625 1046.241943359375 1072.2530517578125 1099.7550048828125 1137.8170166015625 1166.8990478515625 1168.8199462890625 1188.8819580078125 1229.2440185546875 1260.7449951171875 1273.95703125 1294.7490234375 1311.81103515625 1330.4119873046875 1355.0340576171875 1400.85595703125
735.21197509765625 740.41497802734375 737.98602294921875 746.3480224609375 755.989990234375 755.96197509765625 759.03302001953125 764.67498779296875 770.38702392578125 773.5479736328125 777.64898681640625 784.1409912109375 790.62298583984375 796.76397705078125 803.2860107421875 812.7080078125 824.72998046875 833.06097412109375 831.1729736328125 840.5150146484375 846.5360107421875 859.86798095703125 873.47998046875 886.59197998046875 898.7030029296875 916.39501953125 930.12701416015625 941.14801025390625 952.8499755859375 966.72198486328125 986.18402099609375 993.46502685546875 1007.60699462890625 995.17901611328125 987.4310302734375 987.322021484375 986.6939697265625 988.69598388671875 991.50701904296875 1007.8289794921875 1028.1409912109375 1046.6629638671875 1072.4739990234375 1102.166015625 1135.47802734375 1181.509033203125 1222.6810302734375 1234.3330078125 1241.175048828125 1260.5360107421875 1277.197998046875 1298.010009765625 1320.6710205078125 1341.623046875 1351.6949462890625
741.6519775390625 745.02398681640625 744.0560302734375 757.91802978515625 758.97900390625 759.051025390625 760.843017578125 765.79400634765625 771.82598876953125 776.58697509765625 782.0889892578125 790.6500244140625 798.24200439453125 808.67401123046875 810.19500732421875 823.10699462890625 834.6090087890625 847.20098876953125 843.1920166015625 848.27398681640625 857.14599609375 864.947021484375 879.47900390625 895.5009765625 909.73297119140625 921.13397216796875 937.45599365234375 948.89801025390625 962.8389892578125 979.52099609375 996.64300537109375 1009.16497802734375 1015.4959716796875 1013.0780029296875 1012.8699951171875 1018.47100830078125 1012.6929931640625 1011.7650146484375 1005.35699462890625 1006.98797607421875 1018.469970703125 1037.31201171875 1074.31396484375 1111.81494140625 1156.2469482421875 1188.009033203125 1198.18994140625 1208.83203125 1233.39404296875 1244.2760009765625 1264.177001953125 1286.948974609375 1304.1710205078125 1316.802001953125 1341.1739501953125
746.1519775390625 748.593017578125 750.875 755.406982421875 755.75897216796875 759.82000732421875 762.39202880859375 767.92401123046875 774.53497314453125 778.5159912109375 788.51800537109375 795.52001953125 804.48101806640625 812.74298095703125 824.64501953125 836.5059814453125 848.3179931640625 859.219970703125 862.87200927734375 865.77301025390625 868.29498291015625 878.197021484375 889.468017578125 899.91998291015625 915.77197265625 933.04400634765625 942.28497314453125 955.8070068359375 974.6090087890625 989.510009765625 1011.36199951171875 1020.823974609375 1028.385986328125 1031.2469482421875 1033.93896484375 1052.4510498046875 1061.0419921875 1035.7640380859375 1030.64599609375 1020.7979736328125 1025.8389892578125 1041.98095703125 1060.5830078125 1109.9639892578125 1142.14599609375 1150.3079833984375 1175.3900146484375 1194.27099609375 1212.6629638671875 1225.2349853515625 1247.2860107421875 1265.8780517578125 1292.8199462890625 1314.822021484375 1342.6429443359375
748.70098876953125 755.35302734375 759.53497314453125 758.8060302734375 759.0479736328125 759.280029296875 763.8709716796875 768.88299560546875 778.42498779296875 785.64599609375 793.50701904296875 802.13897705078125 815.1409912109375 827.4420166015625 836.4539794921875 843.71600341796875 858.73699951171875 871.3389892578125 878.58099365234375 885.99298095703125 888.2440185546875 890.60601806640625 899.13800048828125 914.968994140625 925.46099853515625 936.4329833984375 952.0050048828125 965.7960205078125 980.468017578125 999.75 1020.59100341796875 1034.7130126953125 1044.7950439453125 1053.1070556640625 1054.18798828125 1081.9100341796875 1092.052001953125 1088.6729736328125 1059.93505859375 1052.116943359375 1035.0889892578125 1045.260009765625 1065.802001953125 1088.343994140625 1111.2349853515625 1129.947021484375 1150.0489501953125 1167.801025390625 1203.251953125 1226.2139892578125 1242.8060302734375 1269.2869873046875 1300.2490234375 1324.490966796875 1363.802978515625
751.33099365234375 759.4420166015625 762.30401611328125 762.06597900390625 761.8270263671875 763.5989990234375 769.52099609375 779.26202392578125 795.3740234375 800.614990234375 818.83697509765625 818.177978515625 826.739990234375 836.37200927734375 847.85302734375 856.2249755859375 860.86700439453125 876.3380126953125 892.46002197265625 904.1719970703125 907.7239990234375 906.9949951171875 912.0770263671875 920.3590087890625 934.1099853515625 949.1820068359375 959.323974609375 976.3759765625 991.0670166015625 1011.958984375 1029.970947265625 1046.4320068359375 1058.053955078125 1073.0059814453125 1087.1080322265625 1100.759033203125 1121.531005859375 1121.4930419921875 1106.0439453125 1079.0059814453125 1070.387939453125 1053.3800048828125 1069.720947265625 1089.072998046875 1108.56494140625 1127.5860595703125 1160.3580322265625 1187.6199951171875 1214.4210205078125 1253.262939453125 1264.155029296875 1275.987060546875 1299.18798828125 1337.81005859375 1386.0419921875
755.83001708984375 761.302001953125 764.843017578125 765.17498779296875 765.70697021484375 772.0880126953125 783.6300048828125 795.781982421875 814.87298583984375 827.60400390625 831.19598388671875 831.9580078125 839.22900390625 847.1810302734375 857.02301025390625 871.52398681640625 875.73602294921875 882.77801513671875 894.79901123046875 909.86102294921875 923.41302490234375 927.0050048828125 927.0560302734375 934.40802001953125 940.90997314453125 953.6510009765625 972.16302490234375 985.64501953125 1003.22698974609375 1018.677978515625 1038.4000244140625 1057.751953125 1074.133056640625 1093.114990234375 1107.0269775390625 1117.0579833984375 1136.43994140625 1153.56201171875 1146.2039794921875 1132.7249755859375 1098.737060546875 1065.5589599609375 1067.469970703125 1093.8919677734375 1117.4439697265625 1137.7760009765625 1158.7769775390625 1212.18896484375 1243.6510009765625 1284.81201171875 1303.4840087890625 1306.696044921875 1312.5870361328125 1331.1190185546875 1367.260986328125
760.458984375 765.24102783203125 767.52301025390625 768.843994140625 774.8759765625 787.90802001953125 797.25897216796875 812.44097900390625 833.072998046875 839.77398681640625 840.78497314453125 843.0469970703125 847.43902587890625 857.65997314453125 864.11199951171875 877.05401611328125 888.594970703125 898.0469970703125 908.28900146484375 909.83001708984375 928.0419921875 944.593994140625 941.93597412109375 951.8270263671875 959.218994140625 973.9010009765625 993.48199462890625 1003.093994140625 1015.98602294921875 1033.697998046875 1052.3089599609375 1071.31103515625 1086.633056640625 1106.0439453125 1122.385986328125 1138.3780517578125 1152.3990478515625 1169.0909423828125 1173.1829833984375 1164.5350341796875 1140.9659423828125 1080.1280517578125 1075.050048828125 1095.4310302734375 1118.012939453125 1140.5350341796875 1163.93603515625 1193.637939453125 1224.760009765625 1250.822021484375 1280.2230224609375 1333.3349609375 1341.2869873046875 1346.508056640625 1362.1800537109375
765.27899169921875 769.280029296875 771.9320068359375 773.6939697265625 782.69500732421875 800.45697021484375 809.90899658203125 827.28997802734375 838.01202392578125 841.1929931640625 846.67498779296875 853.166015625 860.24798583984375 868.40997314453125 878.21099853515625 887.9630126953125 903.39501953125 914.31597900390625 921.47802734375 926.4000244140625 932.3709716796875 944.093017578125 958.68499755859375 963.927001953125 977.3380126953125 994.030029296875 1011.27197265625 1019.64300537109375 1031.3050537109375 1053.14697265625 1066.3580322265625 1084.6199951171875 1100.552001953125 1117.573974609375 1136.7449951171875 1157.866943359375 1173.5889892578125 1189.68994140625 1192.1419677734375 1165.654052734375 1132.9949951171875 1098.93701171875 1085.239013671875 1102.1710205078125 1122.4820556640625 1144.39404296875 1164.8060302734375 1186.636962890625 1210.4090576171875 1235.1510009765625 1259.2330322265625 1286.053955078125 1338.68603515625 1370.498046875 1412.948974609375
769.7979736328125 773.58001708984375 777.7509765625 781.1729736328125 789.114990234375 812.0360107421875 825.18798828125 832.42999267578125 841.6510009765625 844.6820068359375 851.53399658203125 860.83599853515625 872.35699462890625 882.239013671875 891.260986328125 905.25201416015625 914.9439697265625 924.20599365234375 932.88702392578125 939.43902587890625 949.9110107421875 958.35198974609375 971.27398681640625 981.6259765625 991.3380126953125 1005.458984375 1026.5009765625 1036.633056640625 1047.364013671875 1067.43603515625 1085.488037109375 1098.739013671875 1113.8909912109375 1130.52294921875 1151.81494140625 1175.3260498046875 1190.5780029296875 1205.239990234375 1203.791015625 1174.0030517578125 1143.155029296875 1117.10595703125 1095.5679931640625 1102.949951171875 1122.1319580078125 1142.52294921875 1170.9749755859375 1192.8470458984375 1214.72802734375 1238.0400390625 1261.52197265625 1304.9730224609375 1350.324951171875 1388.2569580078125 1417.6080322265625
775.38702392578125 778.97900390625 784.45098876953125 790.71197509765625 799.60400390625 818.156005859375 830.70697021484375 839.78900146484375 849.08099365234375 852.97198486328125 862.24298095703125 874.094970703125 879.2969970703125 894.197998046875 906.44000244140625 918.6719970703125 928.36297607421875 937.31500244140625 947.8270263671875 953.927978515625 964.65997314453125 975.87200927734375 991.052978515625 995.55499267578125 1013.00701904296875 1025.3590087890625 1039.6800537109375 1053.33203125 1068.114013671875 1083.35498046875 1099.5269775390625 1115.8790283203125 1134.969970703125 1157.10205078125 1165.553955078125 1190.2049560546875 1208.3370361328125 1221.489013671875 1222.760986328125 1192.112060546875 1163.303955078125 1130.2459716796875 1109.886962890625 1109.22900390625 1127.821044921875 1147.802001953125 1171.7340087890625 1197.5860595703125 1225.16796875 1298.9090576171875 1334.1109619140625 1354.1929931640625 1387.4339599609375 1414.365966796875 1432.6080322265625
779.89697265625 785.00799560546875 790.3499755859375 799.10198974609375 808.87298583984375 823.7249755859375 832.2769775390625 845.78802490234375 857.6500244140625 863.9110107421875 872.7130126953125 886.1939697265625 892.84600830078125 905.64801025390625 919.55902099609375 932.10101318359375 942.50299072265625 950.27398681640625 961.09600830078125 970.427978515625 981.51898193359375 993.11102294921875 1008.98297119140625 1014.81402587890625 1029.5560302734375 1042.197998046875 1058.5389404296875 1067.720947265625 1087.4630126953125 1098.155029296875 1115.0059814453125 1131.43798828125 1153.6500244140625 1179.1910400390625 1187.4429931640625 1202.89501953125 1226.85595703125 1238.0479736328125 1240.719970703125 1222.5419921875 1192.52294921875 1146.375 1124.20703125 1115.447998046875 1134.47998046875 1157.761962890625 1181.012939453125 1208.7449951171875 1232.5770263671875 1268.5279541015625 1357.02001953125 1378.2120361328125 1393.5140380859375 1424.5849609375 1459.0870361328125
786.21600341796875 791.11798095703125 800.07000732421875 807.83099365234375 817.62298583984375 825.05401611328125 837.2960205078125 848.7080078125 866.02899169921875 872.21002197265625 884.38201904296875 899.5040283203125 909.30499267578125 918.93701171875 930.3189697265625 945.82000732421875 957.031982421875 967.05401611328125 977.9749755859375 989.09698486328125 1003.3189697265625 1016.760009765625 1034.9820556640625 1042.10400390625 1051.8349609375 1065.2669677734375 1080.3890380859375 1096.25 1105.531982421875 1118.343994140625 1128.5460205078125 1150.406982421875 1176.6390380859375 1201.3709716796875 1216.761962890625 1231.31396484375 1253.3759765625 1260.0870361328125 1252.3990478515625 1231.301025390625 1212.031982421875 1161.634033203125 1133.4560546875 1126.407958984375 1142.3690185546875 1164.1610107421875 1184.843017578125 1212.3740234375 1235.60595703125 1268.3280029296875 1348.1290283203125 1362.1910400390625 1383.04296875 1407.6839599609375 1433.3060302734375
794.2860107421875 797.84698486328125 807.03900146484375 816.9010009765625 829.00201416015625 836.15399169921875 844.18499755859375 859.75701904296875 874.239013671875 882.70001220703125 897.36102294921875 911.052978515625 924.05499267578125 932.385986328125 943.12799072265625 956.92999267578125 970.4310302734375 982.88299560546875 996.9949951171875 1010.5360107421875 1024.3680419921875 1039.3499755859375 1053.970947265625 1063.052978515625 1071.8050537109375 1081.865966796875 1100.2979736328125 1116.1500244140625 1122.8310546875 1137.8330078125 1154.0450439453125 1166.2159423828125 1196.3780517578125 1215.239990234375 1237.072021484375 1259.1529541015625 1271.824951171875 1274.8370361328125 1263.5379638671875 1244.800048828125 1222.4620361328125 1185.623046875 1151.7349853515625 1138.5269775390625 1149.0780029296875 1163.93994140625 1189.6219482421875 1214.0030517578125 1255.4749755859375 1282.116943359375 1327.279052734375 1349.6700439453125 1375.9320068359375 1395.0240478515625 1420.7550048828125
801.7550048828125 804.97698974609375 814.37799072265625 826.3499755859375 836.59197998046875 847.31298828125 855.85498046875 867.70599365234375 884.5980224609375 894.3489990234375 910.9210205078125 925.1719970703125 936.02398681640625 947.0560302734375 957.00701904296875 971.458984375 985.281005859375 1000.4019775390625 1014.4639892578125 1027.926025390625 1041.2569580078125 1055.6490478515625 1068.98095703125 1079.552001953125 1086.89404296875 1099.656005859375 1120.156982421875 1132.8089599609375 1139.031005859375 1156.9119873046875 1173.9739990234375 1185.93603515625 1208.487060546875 1230.208984375 1252.4210205078125 1272.06201171875 1285.083984375 1292.68603515625 1283.5980224609375 1259.509033203125 1237.3509521484375 1191.822998046875 1164.1939697265625 1158.7359619140625 1155.6080322265625 1169.5389404296875 1183.740966796875 1206.4630126953125 1226.9239501953125 1276.916015625 1300.68798828125 1327.3790283203125 1348.9110107421875 1388.81298828125 1407.593994140625
810.7139892578125 814.7659912109375 820.03802490234375 830.03900146484375 846.031005859375 856.1729736328125 871.04400634765625 885.11602783203125 899.8170166015625 906.3179931640625 924.280029296875 942.5419921875 951.50299072265625 960.56500244140625 974.0269775390625 989.22802734375 1002.84002685546875 1017.84100341796875 1032.5830078125 1044.0350341796875 1059.406005859375 1074.738037109375 1086.0899658203125 1095.552001953125 1105.282958984375 1123.635009765625 1138.8070068359375 1149.6280517578125 1160.81005859375 1165.4320068359375 1186.6629638671875 1202.864990234375 1229.72705078125 1249.68798828125 1270.1199951171875 1285.83203125 1298.9630126953125 1308.43505859375 1306.697021484375 1276.5679931640625 1260.9599609375 1230.4320068359375 1183.843994140625 1172.89501953125 1158.947021484375 1169.989013671875 1189.3299560546875 1204.261962890625 1219.39404296875 1239.35498046875 1272.0770263671875 1303.4090576171875 1330.1400146484375 1375.362060546875 1379.9940185546875
818.6240234375 826.125 831.9169921875 833.198974609375 846.45001220703125 865.86199951171875 885.85400390625 911.594970703125 922.34698486328125 928.5880126953125 942.66900634765625 960.9310302734375 970.02301025390625 978.7340087890625 993.656005859375 1007.47802734375 1022.8590087890625 1034.6510009765625 1049.8719482421875 1063.39404296875 1076.8160400390625 1090.7869873046875 1101.22900390625 1111.8310546875 1125.4930419921875 1142.134033203125 1166.2060546875 1170.1280517578125 1180.458984375 1182.73095703125 1197.873046875 1218.134033203125 1245.9859619140625 1271.258056640625 1285.989013671875 1300.990966796875 1316.6929931640625 1324.06396484375 1329.345947265625 1308.14794921875 1266.68896484375 1244.781005859375 1208.093017578125 1188.904052734375 1174.3260498046875 1175.4580078125 1194.8489990234375 1214.77099609375 1225.85302734375 1240.9739990234375 1259.64599609375 1281.3280029296875 1306.489990234375 1342.2010498046875 1350.822998046875
824.4630126953125 836.67498779296875 845.68597412109375 846.3380126953125 854.55999755859375 868.57098388671875 912.39300537109375 929.89398193359375 943.9959716796875 947.59698486328125 963.218994140625 975.16998291015625 986.56201171875 997.6240234375 1013.405029296875 1025.9969482421875 1038.5880126953125 1053.030029296875 1068.991943359375 1080.4730224609375 1092.2249755859375 1104.7869873046875 1114.468017578125 1128.6800537109375 1143.261962890625 1164.6529541015625 1184.85498046875 1193.5570068359375 1199.0379638671875 1200.4100341796875 1211.52197265625 1234.0140380859375 1267.35498046875 1288.8370361328125 1309.9189453125 1323.9200439453125 1334.9620361328125 1340.2840576171875 1347.9649658203125 1320.636962890625 1294.509033203125 1269.050048828125 1225.9620361328125 1206.2840576171875 1187.094970703125 1182.3470458984375 1199.678955078125 1221.27001953125 1243.85205078125 1255.9339599609375 1265.7049560546875 1282.876953125 1302.0789794921875 1321.06005859375 1341.2020263671875
836.99298095703125 841.85400390625 850.72601318359375 859.62701416015625 872.3189697265625 896.260986328125 913.74200439453125 942.28399658203125 959.5050048828125 963.84600830078125 980.10797119140625 989.489990234375 1001.8909912109375 1017.843017578125 1029.14501953125 1044.2459716796875 1054.7779541015625 1068.8690185546875 1084.1710205078125 1098.7430419921875 1110.5140380859375 1121.0260009765625 1131.3580322265625 1150.22900390625 1165.4310302734375 1182.593017578125 1202.7039794921875 1216.416015625 1220.488037109375 1224.718994140625 1226.6710205078125 1247.81298828125 1277.9439697265625 1300.64599609375 1337.407958984375 1346.928955078125 1352.9510498046875 1359.4630126953125 1355.074951171875 1327.635986328125 1295.39794921875 1262.800048828125 1240.02099609375 1219.113037109375 1202.18505859375 1193.8160400390625 1203.0579833984375 1224.68994140625 1251.1309814453125 1279.3330078125 1315.864990234375 1303.3260498046875 1312.157958984375 1324.4200439453125 1337.801025390625
841.98199462890625 856.593994140625 863.0150146484375 869.83697509765625 886.8380126953125 920.09002685546875 938.4520263671875 953.14300537109375 966.85498046875 973.61602783203125 990.2869873046875 1004.43902587890625 1019.041015625 1034.1719970703125 1050.7340087890625 1063.5150146484375 1071.2469482421875 1085.9990234375 1099.1700439453125 1113.251953125 1122.7740478515625 1138.625 1164.3270263671875 1182.739013671875 1183.489990234375 1206.491943359375 1223.5240478515625 1235.31494140625 1245.97705078125 1251.968994140625 1246.7099609375 1262.251953125 1294.803955078125 1325.0350341796875 1348.89697265625 1367.178955078125 1378.260009765625 1379.7220458984375 1361.9139404296875 1332.81494140625 1307.39697265625 1275.678955078125 1249.8599853515625 1232.6920166015625 1213.7540283203125 1205.0050048828125 1210.4969482421875 1227.448974609375 1270.8699951171875 1329.302001953125 1372.134033203125 1381.6650390625 1338.2669677734375 1357.8289794921875 1363.1199951171875
845.781005859375 861.6929931640625 874.01397705078125 880.95599365234375 908.97802734375 932.198974609375 950.4110107421875 965.90301513671875 974.573974609375 983.81500244140625 1002.1669921875 1018.51800537109375 1036.1800537109375 1050.491943359375 1063.863037109375 1077.375 1087.8160400390625 1104.39794921875 1117.1099853515625 1129.510986328125 1141.7130126953125 1169.9150390625 1172.2659912109375 1199.18798828125 1205.8499755859375 1227.52099609375 1247.863037109375 1256.175048828125 1272.0660400390625 1282.3179931640625 1269.489990234375 1278.281005859375 1304.4129638671875 1344.7349853515625 1372.8260498046875 1388.8580322265625 1404.719970703125 1392.52099609375 1362.613037109375 1336.35498046875 1309.095947265625 1283.488037109375 1263.18994140625 1246.541015625 1229.8330078125 1218.0350341796875 1220.8759765625 1234.157958984375 1269.52001953125 1312.031005859375 1361.54296875 1398.9150390625 1361.666015625 1390.47802734375 1412.030029296875
