OMS_GEOET11/data/Meledrio/4/DEM_4.asc
ncols        217
nrows        238
xllcorner    642442.000000000000
yllcorner    5128288.000000000000
cellsize     30.000000000000
NODATA_value  -9999
[rows 72 to 95 of 238, columns 110 to 164 of 217]
730.3280029296875 730.90997314453125 728.81201171875 729.4439697265625 727.635986328125 727.08697509765625 726.93902587890625 726.45098876953125 725.85302734375 725.823974609375 725.656005859375 724.197998046875 723.53997802734375 722.88201904296875 722.302978515625 722.08502197265625 718.49700927734375 717.68902587890625 717.74102783203125 718.28302001953125 717.7139892578125 716.45599365234375 715.718017578125 713 713.781982421875 714.52301025390625 716.7449951171875 723.23699951171875 734.92901611328125 745.73101806640625 742.83197021484375 744.4639892578125 742.81597900390625 746.03802490234375 755.41998291015625 762.89202880859375 770.62298583984375 779.2249755859375 786.5570068359375 792.458984375 802.4210205078125 813.802001953125 824.77398681640625 833.7760009765625 846.10797119140625 857.1099853515625 867.70098876953125 882.56298828125 897.41497802734375 913.3270263671875 930.77899169921875 948.03997802734375 962.74200439453125 980.93402099609375 995.1259765625
730.677978515625 730.29998779296875 729.9420166015625 727.81402587890625 727.45599365234375 727.00799560546875 726.75 725.57098388671875 725.2130126953125 724.91400146484375 724.60601806640625 723.8380126953125 723.260009765625 722.77197265625 722.4940185546875 722.19500732421875 718.3070068359375 719.16900634765625 719.09100341796875 718.31298828125 717.89501953125 718.89599609375 714.11798095703125 714.17999267578125 719.22198486328125 724.10400390625 731.56500244140625 741.23699951171875 751.14898681640625 750.9110107421875 748.41302490234375 746.614013671875 745.93597412109375 754.0880126953125 761.66998291015625 766.35198974609375 778.00299072265625 788.905029296875 795.5369873046875 801.968994140625 809.8809814453125 822.74298095703125 834.30401611328125 845.7559814453125 856.5479736328125 869.53997802734375 882.62200927734375 900.2130126953125 927.68499755859375 939.0670166015625 955.468994140625 974.19097900390625 981.9219970703125 1006.323974609375 1014.46600341796875
730.41900634765625 730.45098876953125 728.59197998046875 728.073974609375 727.58599853515625 727.177978515625 726.17999267578125 725.71197509765625 725.16302490234375 724.33502197265625 724.18597412109375 723.5980224609375 722.95001220703125 723.31201171875 722.2540283203125 721.33599853515625 719.01702880859375 719.26898193359375 718.49102783203125 719.62298583984375 718.83502197265625 715.0570068359375 715.66802978515625 727.47998046875 738.1820068359375 744.41400146484375 755.20599365234375 756.37701416015625 755.218994140625 753.45098876953125 751.14300537109375 754.95501708984375 756.4959716796875 768.5579833984375 775.8599853515625 783.31201171875 788.43402099609375 792.32501220703125 803.3070068359375 813.91900634765625 823.9010009765625 830.76300048828125 846.88397216796875 858.86602783203125 868.7979736328125 884.02001953125 900.08197021484375 921.92401123046875 949.7750244140625 960.7769775390625 974.64898681640625 991.5009765625 1011.7130126953125 1023.93402099609375 1039.9759521484375
731.02899169921875 728.73101806640625 728.49298095703125 728.2540283203125 727.2559814453125 726.3480224609375 726.07000732421875 725.61199951171875 724.88397216796875 724.57501220703125 724.0670166015625 723.8079833984375 723.08001708984375 722.86199951171875 722.7239990234375 719.676025390625 719.697998046875 720.0789794921875 720.301025390625 719.2130126953125 715.60498046875 718.68701171875 728.4990234375 738.9000244140625 749.77197265625 761.02398681640625 761.3759765625 761.0780029296875 759.55902099609375 758.74102783203125 754.54302978515625 761.80499267578125 769.48699951171875 777.697998046875 788.52001953125 799.31201171875 801.30401611328125 804.3060302734375 808.5670166015625 819.01898193359375 833.6409912109375 845.2230224609375 854.0150146484375 871.416015625 884.8079833984375 897.97998046875 917.74200439453125 937.01397705078125 964.0250244140625 977.177001953125 991.698974609375 1010.46099853515625 1031.093017578125 1043.553955078125 1053.0460205078125
729.41900634765625 728.8909912109375 728.29302978515625 728.29498291015625 726.76702880859375 726.49798583984375 726.21002197265625 725.23199462890625 724.79400634765625 724.56500244140625 724.23699951171875 723.64898681640625 723.260986328125 723.25201416015625 721.30401611328125 720.1259765625 720.5679931640625 721.80999755859375 718.010986328125 716.50299072265625 720.125 723.13702392578125 730.50897216796875 740.72998046875 751.81201171875 766.4539794921875 766.176025390625 766.01800537109375 765.8900146484375 766.1309814453125 766.99298095703125 770.03497314453125 779.83697509765625 791.0989990234375 799 811.09197998046875 813.4639892578125 820.2659912109375 821.93798828125 826.3289794921875 838.8709716796875 851.9530029296875 865.53497314453125 879.18701171875 895.427978515625 911.33001708984375 927.14202880859375 946.88397216796875 973.93597412109375 993.2969970703125 1022.739013671875 1040.1810302734375 1046.133056640625 1063.5849609375 1076.4659423828125
729.010009765625 728.5009765625 728.25299072265625 727.69500732421875 727.0770263671875 726.90899658203125 726.20001220703125 725.26202392578125 725.04400634765625 724.56500244140625 724.2969970703125 723.75897216796875 723.60101318359375 723.343017578125 721.573974609375 720.7559814453125 721.16802978515625 718.9000244140625 716.9320068359375 721.4630126953125 722.885009765625 725.0770263671875 729.51898193359375 739.4010009765625 755.75201416015625 770.3740234375 770.5560302734375 771.218017578125 772.70001220703125 774.260986328125 782.85302734375 784.91497802734375 790.8170166015625 800.3590087890625 808.94000244140625 818.302001953125 824.80401611328125 837.31597900390625 839.5679931640625 844.77899169921875 852.291015625 863.29302978515625 873.0150146484375 889.906982421875 909.01800537109375 919.8699951171875 935.802001953125 959.31402587890625 979.885986328125 1001.25799560546875 1035.779052734375 1056.0909423828125 1068.27294921875 1081.344970703125 1101.6070556640625
728.8900146484375 728.00201416015625 727.55499267578125 727.55499267578125 727.72698974609375 727.698974609375 725.791015625 725.4730224609375 724.93402099609375 724.635009765625 724.24700927734375 724.54901123046875 724.291015625 723.572998046875 721.7349853515625 721.0059814453125 722.72802734375 717.40997314453125 721.6519775390625 730.93402099609375 745.614990234375 739.35699462890625 736.8189697265625 738.33099365234375 751.87298583984375 774.68402099609375 776.46600341796875 777.718017578125 780.65997314453125 781.21197509765625 784.572998046875 797.81500244140625 807.2969970703125 813.198974609375 819.11102294921875 828.76202392578125 838.614013671875 851.20599365234375 857.53802490234375 864.44000244140625 873.48101806640625 884.76300048828125 888.7550048828125 908.35699462890625 927.5789794921875 938.83001708984375 953.06201171875 968.6939697265625 983.926025390625 1009.5980224609375 1051.739013671875 1073.06103515625 1094.7530517578125 1107.375 1120.47705078125
728.65997314453125 728.1619873046875 727.81402587890625 728.89501953125 727.71697998046875 726.5889892578125 725.9010009765625 725.5830078125 725.04498291015625 724.93597412109375 725.0980224609375 724.989013671875 724.281005859375 722.99298095703125 722.35498046875 721.62701416015625 718.5479736328125 717.969970703125 733.9119873046875 750.8740234375 763.82598876953125 760.11700439453125 752.3389892578125 747.07098388671875 751.23297119140625 772.44500732421875 781.34600830078125 785.02801513671875 788.33001708984375 790.6920166015625 796.67401123046875 800.7249755859375 814.14697265625 824.489013671875 831.8809814453125 838.2130126953125 848.614013671875 862.95599365234375 872.3079833984375 881.42999267578125 900.22198486328125 911.24298095703125 907.844970703125 920.5469970703125 943.989013671875 957.8809814453125 976.38201904296875 988.6240234375 1000.14599609375 1009.0980224609375 1041.1199951171875 1074.551025390625 1108.1729736328125 1145.9549560546875 1158.22705078125
729.21002197265625 728.71197509765625 728.9739990234375 727.916015625 726.8280029296875 726.51898193359375 726.09100341796875 725.8330078125 725.64501953125 725.45599365234375 725.37799072265625 724.92999267578125 724.531005859375 722.9229736328125 722.2449951171875 718.96697998046875 718.6290283203125 733 751.61199951171875 767.7340087890625 771.916015625 775.5679931640625 767.63897705078125 767.6710205078125 769.16302490234375 769.05499267578125 786.11700439453125 791.91802978515625 795.58001708984375 799.06201171875 806.15399169921875 809.8060302734375 814.447021484375 826.52899169921875 841.99102783203125 851.13299560546875 859.06500244140625 876.0260009765625 887.3079833984375 899.94000244140625 908.62200927734375 922.9539794921875 925.0150146484375 937.18701171875 957.8690185546875 972.9110107421875 990.0419921875 1006.083984375 1024.5560302734375 1037.447998046875 1043.0899658203125 1078.9610595703125 1098.3929443359375 1138.675048828125 1173.386962890625
730.5009765625 729.73199462890625 729.02398681640625 727.34600830078125 726.75799560546875 726.6500244140625 726.260986328125 726.12298583984375 726.0150146484375 725.82598876953125 725.16802978515625 724.719970703125 723.531982421875 723.81298828125 719.364990234375 719.3170166015625 726.1290283203125 751.051025390625 768.09197998046875 771.9840087890625 775.2860107421875 778.85797119140625 781.739990234375 783.10101318359375 786.48297119140625 782.66497802734375 790.61700439453125 799.39898681640625 803.96002197265625 807.9420166015625 810.13397216796875 817.44598388671875 826.65802001953125 837.198974609375 851.3909912109375 862.8330078125 871.45501708984375 883.86602783203125 900.36798095703125 920.47998046875 929.38201904296875 933.93402099609375 938.64501953125 952.3270263671875 971.6090087890625 990.82098388671875 1015.1729736328125 1023.4739990234375 1039.635986328125 1061.718017578125 1074.3199462890625 1082.6920166015625 1123.3929443359375 1139.4549560546875 1160.0369873046875
729.77099609375 729.62298583984375 727.85400390625 727.416015625 726.98797607421875 727.1500244140625 726.52197265625 726.31298828125 726.06500244140625 725.70599365234375 725.0479736328125 724.6400146484375 724.10198974609375 721.2239990234375 719.7650146484375 722.08697509765625 739.1090087890625 765.19097900390625 771.49298095703125 775.14398193359375 778.0560302734375 782.28802490234375 785.6199951171875 787.61199951171875 792.2130126953125 794.57501220703125 789.947021484375 804.8590087890625 811.0009765625 816.7020263671875 820.4439697265625 827.97601318359375 836.64801025390625 848.198974609375 865.35101318359375 877.51300048828125 884.78497314453125 893.38702392578125 916.0479736328125 938.16998291015625 950.302001953125 948.39398193359375 961.36602783203125 970.35699462890625 985.88897705078125 1000.11102294921875 1028.1929931640625 1044.2650146484375 1060.0260009765625 1077.7879638671875 1100.239990234375 1118.052001953125 1144.85400390625 1171.56494140625 1180.2769775390625
729.801025390625 728.4229736328125 727.71502685546875 727.5159912109375 727.5579833984375 726.69000244140625 726.61199951171875 726.28399658203125 725.676025390625 725.5369873046875 724.98797607421875 724.54998779296875 721.572021484375 720.364013671875 722.68597412109375 729.75701904296875 755.51898193359375 770.27099609375 774.14300537109375 778.7550048828125 781.7760009765625 785.97802734375 790.71002197265625 794.552001953125 797.15399169921875 800.06500244140625 798.7869873046875 801.02899169921875 816.32098388671875 823.0419921875 830.30401611328125 843.39599609375 851.197998046875 861.219970703125 875.56097412109375 887.76300048828125 899.4949951171875 909.11700439453125 931.42901611328125 950.3699951171875 964.9420166015625 965.77398681640625 983.8759765625 987.197998046875 1000.27899169921875 1016.8809814453125 1036.072998046875 1060.7349853515625 1080.9560546875 1101.3480224609375 1124.719970703125 1159.6820068359375 1175.323974609375 1195.10498046875 1225.116943359375
728.74102783203125 728.2230224609375 727.9949951171875 727.8170166015625 727.18902587890625 726.70001220703125 726.4119873046875 725.57598876953125 725.57598876953125 725.45697021484375 725.1090087890625 722.6500244140625 720.97198486328125 721.77398681640625 723.156005859375 738.0780029296875 763.208984375 773.041015625 776.60302734375 781.7249755859375 786.70697021484375 789.0579833984375 793.6099853515625 799.37200927734375 803.5040283203125 805.7550048828125 808.0369873046875 801.53900146484375 820.70098876953125 828.90301513671875 839.073974609375 846.1259765625 860.43798828125 872.57000732421875 886.072021484375 897.40301513671875 911.57501220703125 924.48699951171875 938.448974609375 956.74102783203125 975.27197265625 983.9940185546875 996.34600830078125 1004.48797607421875 1016.51898193359375 1033.740966796875 1056.9229736328125 1071.9449462890625 1092.156982421875 1118.8179931640625 1152.969970703125 1181.6820068359375 1206.9139404296875 1214.365966796875 1246.43701171875
728.81201171875 728.343017578125 728.344970703125 728.10699462890625 727.29901123046875 727.32098388671875 726.86199951171875 726.4439697265625 726.166015625 725.84698486328125 722.39898681640625 721.71099853515625 722.99200439453125 724.39398193359375 726.0360107421875 744.5880126953125 770.219970703125 774.801025390625 780.2130126953125 784.67498779296875 789.6669921875 794.0689697265625 797.67999267578125 802.60198974609375 807.02398681640625 812.14599609375 815.01702880859375 808.72900390625 828.22100830078125 842.51300048828125 847.91497802734375 854.7559814453125 861.177978515625 878.72998046875 896.50201416015625 909.573974609375 922.2550048828125 937.427001953125 953.2490234375 966.48101806640625 981.802001953125 996.92401123046875 1013.7659912109375 1029.008056640625 1050.5889892578125 1055.220947265625 1075.5030517578125 1089.614990234375 1106.6259765625 1129.93798828125 1169.469970703125 1193.27197265625 1214.4339599609375 1234.2249755859375 1238.3070068359375
728.96197509765625 728.9639892578125 728.635009765625 728.22698974609375 727.8389892578125 727.47100830078125 726.9420166015625 727.0040283203125 726.7659912109375 722.39898681640625 722.5689697265625 725.45001220703125 724.96197509765625 724.9840087890625 733.32598876953125 754.24798583984375 774.76898193359375 777.9310302734375 780.6829833984375 785.905029296875 790.97601318359375 797.0479736328125 802.8499755859375 805.6519775390625 811.9229736328125 817.614990234375 820.93701171875 816.15899658203125 835.489990234375 853.7020263671875 868.073974609375 865.72601318359375 870.50799560546875 881.40899658203125 901.6309814453125 918.99298095703125 935.875 953.71600341796875 971.8079833984375 979.3599853515625 993.73199462890625 1010.843017578125 1031.364990234375 1049.5069580078125 1067.1290283203125 1078.8299560546875 1099.7919921875 1119.31396484375 1150.2259521484375 1162.43701171875 1192.458984375 1215.760986328125 1238.363037109375 1257.2540283203125 1275.68603515625
729.21099853515625 729.03302001953125 728.7349853515625 728.48602294921875 728.02801513671875 727.96002197265625 727.4019775390625 727.50299072265625 723.03497314453125 723.44598388671875 725.5679931640625 725.08001708984375 724.96197509765625 732.572998046875 749.33502197265625 769.74700927734375 773.92901611328125 778.28997802734375 783.26202392578125 787.60400390625 793.666015625 798.697021484375 803.16900634765625 808.9110107421875 815.6929931640625 821.40399169921875 826.7559814453125 822.177978515625 845.28997802734375 866.051025390625 880.90301513671875 882.125 883.48699951171875 888.38897705078125 905.72998046875 929.98199462890625 951.4840087890625 968.39599609375 990.26702880859375 999.8489990234375 1007.74102783203125 1029.032958984375 1044.6739501953125 1065.095947265625 1078.72802734375 1098.6199951171875 1120.8310546875 1150.123046875 1202.824951171875 1206.5770263671875 1216.1280517578125 1241.52001953125 1260.9119873046875 1284.884033203125 1299.824951171875
729.36102294921875 728.9420166015625 729.53399658203125 728.58599853515625 728.35797119140625 727.8489990234375 724.69097900390625 724.322998046875 724.114990234375 726.35601806640625 726.3070068359375 725.67901611328125 730.59100341796875 749.06298828125 767.2239990234375 770.43597412109375 774.52801513671875 779.3900146484375 783.84100341796875 788.4730224609375 793.0050048828125 798.72698974609375 804.74798583984375 810.6199951171875 817.62200927734375 825.40399169921875 831.44500732421875 829.96697998046875 845.72900390625 867.6209716796875 883.89300537109375 896.38397216796875 896.8060302734375 904.0880126953125 920.1500244140625 948.72100830078125 966.00299072265625 983.03497314453125 1001.3270263671875 1013.677978515625 1023.32000732421875 1044.9119873046875 1060.9639892578125 1077.7449951171875 1097.20703125 1115.9990234375 1149.1009521484375 1193.35205078125 1227.5140380859375 1236.345947265625 1229.8079833984375 1258.6290283203125 1283.281005859375 1304.7330322265625 1325.405029296875
725.5999755859375 725.33197021484375 725.072998046875 725.0150146484375 724.73699951171875 724.69000244140625 724.69000244140625 727.97198486328125 727.2239990234375 726.54498291015625 726.34698486328125 728.02801513671875 743.84002685546875 761.36199951171875 768.15399169921875 768.864990234375 775.0570068359375 778.5989990234375 783.4110107421875 787.552001953125 794.41400146484375 800.58599853515625 806.41802978515625 812.468994140625 818.8709716796875 824.98297119140625 832.93499755859375 840.96600341796875 841.63800048828125 853.5999755859375 872.51202392578125 888.51397705078125 905.364990234375 918.8170166015625 937.75897216796875 959.22100830078125 979.13201904296875 996.65399169921875 1012.19598388671875 1026.197998046875 1042.178955078125 1055.5810546875 1073.4530029296875 1091.2349853515625 1107.8060302734375 1128.5479736328125 1158.550048828125 1202.761962890625 1229.012939453125 1244.135009765625 1251.5269775390625 1271.7889404296875 1296.3299560546875 1317.02197265625 1347.7440185546875
729.90899658203125 729.46099853515625 729.3330078125 728.94500732421875 728.5560302734375 728.15802001953125 727.55999755859375 726.56097412109375 726.54498291015625 726.67401123046875 729.58599853515625 742.72802734375 758.04998779296875 764.45098876953125 768.7030029296875 770.385009765625 773.5369873046875 777.13800048828125 781.53997802734375 786.9420166015625 793.583984375 798.54498291015625 805.01702880859375 814.18902587890625 824.031005859375 829.572021484375 837.593994140625 846.96600341796875 851.8480224609375 854.13897705078125 868.051025390625 886.50299072265625 906.155029296875 927.86602783203125 942.64801025390625 959.469970703125 985.6619873046875 1006.2030029296875 1021.7249755859375 1038.3270263671875 1055.928955078125 1070.260009765625 1083.4520263671875 1102.1839599609375 1119.9959716796875 1139.237060546875 1164.489013671875 1193.4010009765625 1220.383056640625 1245.39404296875 1258.9859619140625 1278.008056640625 1308.4599609375 1333.3310546875 1364.81298828125
730.38897705078125 729.97998046875 729.6519775390625 729.1939697265625 729.0560302734375 728.68701171875 728.05902099609375 727.260986328125 726.99298095703125 727.68402099609375 738.28497314453125 753.48699951171875 760.8189697265625 763.07098388671875 766.4119873046875 769.5040283203125 772.44598388671875 777.0679931640625 781.79901123046875 786.71099853515625 792.6929931640625 800.155029296875 811.82598876953125 825.218017578125 840.45001220703125 846.50201416015625 854.79302978515625 862.114990234375 866.8170166015625 867.0889892578125 882.17999267578125 899.71197509765625 919.52398681640625 941.07598876953125 959.38702392578125 976.30902099609375 990.99102783203125 1005.9630126953125 1020.843994140625 1040.666015625 1061.5279541015625 1080.43994140625 1098.490966796875 1124.4630126953125 1140.39501953125 1158.0460205078125 1177.2879638671875 1196.8800048828125 1222.0419921875 1245.06298828125 1265.06494140625 1286.39697265625 1313.3489990234375 1341.0799560546875 1369.302001953125
730.97802734375 730.719970703125 729.9310302734375 729.48297119140625 728.91497802734375 728.39697265625 728.0679931640625 728.04998779296875 728.31201171875 732.822998046875 745.39501953125 757.35601806640625 760.10797119140625 763.30999755859375 767.48199462890625 769.88299560546875 773.91497802734375 777.61700439453125 782.04901123046875 787.79998779296875 797.23199462890625 806.073974609375 817.70599365234375 833.22698974609375 848.14898681640625 862.6409912109375 873.0830078125 882.3740234375 884.57598876953125 884.5980224609375 868.72998046875 901.02099609375 928.66302490234375 949.5150146484375 966.45697021484375 986.16802978515625 1003.30999755859375 1023.9119873046875 1035.093994140625 1044.2449951171875 1061.8070068359375 1079.5689697265625 1098.7900390625 1118.4520263671875 1135.2740478515625 1155.4959716796875 1173.5469970703125 1196.239013671875 1220.4410400390625 1246.6629638671875 1266.9439697265625 1290.416015625 1313.258056640625 1338.25 1370.5810546875
731.447021484375 730.718994140625 729.801025390625 729.86297607421875 729.79400634765625 728.5260009765625 728.47802734375 728.28997802734375 734.7509765625 741.9320068359375 752.343994140625 756.0460205078125 760.0670166015625 764.239013671875 770.6309814453125 774.302978515625 777.1939697265625 782.68597412109375 784.2080078125 792.219970703125 804.9010009765625 810.86297607421875 824.364990234375 840.38702392578125 853.60797119140625 868.3900146484375 883.9119873046875 895.35400390625 905.864990234375 905.7769775390625 908.468994140625 890.59100341796875 913.86199951171875 960.4739990234375 976.5460205078125 993.85797119140625 1008.51898193359375 1027.1309814453125 1046.623046875 1061.114013671875 1072.4959716796875 1093.9580078125 1109.6500244140625 1129.77099609375 1143.5030517578125 1155.5350341796875 1171.0469970703125 1190.5880126953125 1210.8499755859375 1239.6219482421875 1265.7939453125 1291.074951171875 1320.97705078125 1339.51904296875 1359.801025390625
733.39697265625 730.89801025390625 729.801025390625 729.88201904296875 729.843994140625 729.5150146484375 729.4169921875 734.0989990234375 740.09100341796875 745.9520263671875 754.66302490234375 758.5250244140625 762.09698486328125 767.55902099609375 772.91998291015625 777.88201904296875 782.15399169921875 787.864990234375 790.406982421875 799.64898681640625 808.531005859375 824.47198486328125 829.073974609375 847.89599609375 860.85797119140625 874.18902587890625 888.551025390625 903.98297119140625 919.405029296875 924.85601806640625 923.697998046875 931.55999755859375 903.74200439453125 954.24298095703125 978.85498046875 992.2869873046875 1002.40899658203125 1023.22998046875 1045.27197265625 1064.364013671875 1083.31494140625 1103.5469970703125 1122.8990478515625 1142.4110107421875 1160.4119873046875 1178.0340576171875 1184.196044921875 1194.197998046875 1210.9090576171875 1231.1109619140625 1257.31298828125 1283.2950439453125 1304.89599609375 1329.947998046875 1343.6099853515625
732.58599853515625 732.01800537109375 730.90997314453125 729.99102783203125 729.76300048828125 732.0050048828125 732.44598388671875 740.41802978515625 748.8699951171875 749.9110107421875 754.552978515625 761.31402587890625 766.82598876953125 770.0579833984375 776.09002685546875 781.82098388671875 788.1929931640625 792.9949951171875 797.1259765625 803.2080078125 815.72998046875 831.6719970703125 846.2230224609375 858.2449951171875 870.427001953125 881.8389892578125 894.84002685546875 910.552001953125 926.90399169921875 944.406005859375 944.1669921875 948.90899658203125 941.07098388671875 922.86297607421875 955.093994140625 976.86602783203125 1001.52801513671875 1024.509033203125 1048.6510009765625 1068.85302734375 1089.074951171875 1110.4759521484375 1126.998046875 1148.530029296875 1166.56201171875 1185.633056640625 1204.60498046875 1222.89697265625 1236.6490478515625 1235.43994140625 1250.08203125 1273.4840087890625 1291.18603515625 1310.3570556640625 1331.6590576171875
