OMS_GEOET11/data/Meledrio/4/DEM_4.asc
ncols        217
nrows        238
xllcorner    642442.000000000000
yllcorner    5128288.000000000000
cellsize     30.000000000000
NODATA_value  -9999
[rows 24 to 47 of 238, columns 55 to 109 of 217]
1702.4610595703125 1688.81298828125 1672.4949951171875 1652.5369873046875 1631.2889404296875 1615.1409912109375 1617.093017578125 1614.2149658203125 1609.7679443359375 1602.489990234375 1596.072021484375 1592.7139892578125 1590.4959716796875 1588.637939453125 1584.06005859375 1572.741943359375 1569.6240234375 1566.7760009765625 1560.468017578125 1553.4310302734375 1546.7330322265625 1539.85498046875 1531.626953125 1518.22900390625 1508.77099609375 1497.4229736328125 1482.125 1471.5469970703125 1460.208984375 1451.2509765625 1437.9840087890625 1425.0260009765625 1410.6080322265625 1400.239990234375 1397.342041015625 1382.0340576171875 1362.2659912109375 1340.8580322265625 1313.489990234375 1293.751953125 1264.0140380859375 1257.967041015625 1260.8890380859375 1252.4210205078125 1243.9530029296875 1235.7850341796875 1231.43701171875 1225.0989990234375 1213.5909423828125 1203.623046875 1195.114990234375 1185.43701171875 1166.8389892578125 1152.572021484375 1139.364013671875
1689.740966796875 1680.6429443359375 1670.7149658203125 1649.407958984375 1626.3800048828125 1601.2320556640625 1596.1939697265625 1594.2060546875 1589.41796875 1581.6700439453125 1577.802001953125 1577.14404296875 1575.4759521484375 1571.0579833984375 1564.0909423828125 1556.5030517578125 1552.9549560546875 1550.927001953125 1544.8089599609375 1539.301025390625 1533.363037109375 1527.43505859375 1518.14697265625 1507.3690185546875 1499.220947265625 1488.1739501953125 1469.095947265625 1460.3179931640625 1449.2900390625 1432.06201171875 1420.154052734375 1407.18603515625 1396.748046875 1395.7099609375 1382.2220458984375 1364.1839599609375 1348.1259765625 1327.7889404296875 1303.6810302734375 1282.012939453125 1256.0849609375 1237.4169921875 1241.948974609375 1221.73095703125 1222.4129638671875 1219.7750244140625 1219.5069580078125 1210.6490478515625 1199.041015625 1193.9139404296875 1182.865966796875 1170.3480224609375 1154.27001953125 1137.781982421875 1123.9639892578125
1680.27197265625 1670.803955078125 1657.7060546875 1637.47802734375 1611.8699951171875 1595.6619873046875 1570.14404296875 1575.5860595703125 1569.72802734375 1563.541015625 1560.032958984375 1558.7449951171875 1555.2669677734375 1551.009033203125 1546.3609619140625 1539.2130126953125 1536.2650146484375 1534.9169921875 1527.759033203125 1524.2010498046875 1519.1639404296875 1514.095947265625 1505.8179931640625 1497.5 1487.9620361328125 1470.89404296875 1459.89599609375 1444.39794921875 1430.9000244140625 1411.2320556640625 1402.7540283203125 1395.35595703125 1392.988037109375 1382.48095703125 1366.4329833984375 1339.60498046875 1324.7669677734375 1314.1390380859375 1305.051025390625 1283.1629638671875 1259.4150390625 1233.8270263671875 1210.8389892578125 1202.6109619140625 1202.7030029296875 1201.405029296875 1199.64794921875 1192.719970703125 1187.8819580078125 1178.9940185546875 1170.0159912109375 1161.1080322265625 1137.0799560546875 1121.9219970703125 1107.4739990234375
1669.761962890625 1662.4239501953125 1648.2459716796875 1628.029052734375 1604.9410400390625 1582.29296875 1558.89501953125 1546.876953125 1550.8790283203125 1544.1009521484375 1539.2430419921875 1537.7750244140625 1535.0369873046875 1532.9189453125 1528.6309814453125 1522.4239501953125 1518.0059814453125 1518.387939453125 1512.9599609375 1508.1419677734375 1502.7440185546875 1497.5159912109375 1491.41796875 1482.219970703125 1472.362060546875 1457.6240234375 1449.0460205078125 1430.177978515625 1411.06103515625 1390.9630126953125 1385.675048828125 1390.1070556640625 1383.009033203125 1370.6610107421875 1345.123046875 1320.5250244140625 1302.9169921875 1295.3489990234375 1296.6610107421875 1276.782958984375 1255.9849853515625 1232.656982421875 1213.1300048828125 1190.781982421875 1177.6739501953125 1178.10595703125 1176.5579833984375 1176.3699951171875 1174.4219970703125 1166.884033203125 1152.2960205078125 1137.2679443359375 1122.3499755859375 1109.7120361328125 1096.4139404296875
1658.5030517578125 1649.4150390625 1640.5369873046875 1630.22900390625 1608.781005859375 1576.9429931640625 1551.35498046875 1528.406982421875 1519.6490478515625 1521.862060546875 1518.56396484375 1518.68603515625 1518.258056640625 1514.510009765625 1508.241943359375 1503.2840576171875 1501.7960205078125 1502.5579833984375 1496.8199462890625 1488.572021484375 1483.4739990234375 1479.85595703125 1473.5479736328125 1466.77099609375 1458.343017578125 1450.7149658203125 1439.4169921875 1421.458984375 1402.3310546875 1376.6929931640625 1368.375 1367.177001953125 1355.22900390625 1350.041015625 1332.3330078125 1306.7049560546875 1288.0770263671875 1281.030029296875 1278.781982421875 1265.904052734375 1248.635986328125 1228.3580322265625 1215.8800048828125 1198.7320556640625 1177.9840087890625 1151.0260009765625 1152.41796875 1158.81005859375 1157.4420166015625 1143.573974609375 1138.7259521484375 1125.2080078125 1110.3709716796875 1099.8929443359375 1086.56494140625
1644.7230224609375 1636.7049560546875 1626.8070068359375 1618.3499755859375 1597.4720458984375 1570.5140380859375 1540.2559814453125 1518.5279541015625 1498.1600341796875 1500.1419677734375 1494.9539794921875 1497.926025390625 1498.498046875 1494.3399658203125 1488.9520263671875 1485.2939453125 1487.3060302734375 1484.198974609375 1478.6910400390625 1470.56298828125 1466.4150390625 1459.93701171875 1456.3189697265625 1452.8709716796875 1447.363037109375 1440.875 1428.616943359375 1411.3590087890625 1394.1209716796875 1375.072998046875 1352.2750244140625 1327.7569580078125 1327.8399658203125 1323.9019775390625 1321.7640380859375 1293.93603515625 1277.4580078125 1261.52001953125 1259.08203125 1250.6839599609375 1233.865966796875 1220.5679931640625 1206.3800048828125 1195.2320556640625 1175.4439697265625 1148.1259765625 1132.238037109375 1131.220947265625 1131.4630126953125 1128.0050048828125 1121.7669677734375 1113.208984375 1101.970947265625 1089.7030029296875 1075.39501953125
1630.614013671875 1622.5059814453125 1613.72802734375 1594.6099853515625 1579.4720458984375 1554.4139404296875 1531.7359619140625 1508.468017578125 1488.5699462890625 1476.3819580078125 1471.85498046875 1477.5870361328125 1479.9189453125 1478.041015625 1472.31298828125 1467.2850341796875 1467.7669677734375 1465.0889892578125 1460.9010009765625 1455.822998046875 1448.114990234375 1443.39697265625 1440.3289794921875 1437.8709716796875 1436.29296875 1430.7049560546875 1413.677978515625 1400.1600341796875 1394.112060546875 1377.2840576171875 1353.865966796875 1323.9580078125 1300.27001953125 1299.9720458984375 1298.593994140625 1289.416015625 1264.248046875 1249.22998046875 1240.1820068359375 1231.5040283203125 1222.2659912109375 1210.5980224609375 1198.801025390625 1188.113037109375 1171.9649658203125 1153.5770263671875 1130.22900390625 1112.051025390625 1109.572998046875 1109.2149658203125 1103.89697265625 1093.718994140625 1091.6109619140625 1081.343017578125 1067.074951171875
1615.2440185546875 1607.4859619140625 1599.2989501953125 1584.4310302734375 1562.4530029296875 1546.2950439453125 1524.4969482421875 1501.779052734375 1479.1810302734375 1460.3330078125 1453.14501953125 1457.656982421875 1462.97900390625 1460.6309814453125 1454.35302734375 1449.85498046875 1452.3170166015625 1449.7889404296875 1445.260986328125 1439.4139404296875 1434.85595703125 1431.4580078125 1426.1400146484375 1424.81201171875 1423.843994140625 1414.916015625 1403.697998046875 1396.510009765625 1389.3919677734375 1370.884033203125 1352.166015625 1323.2080078125 1296.530029296875 1272.8719482421875 1273.9840087890625 1269.2259521484375 1256.26904296875 1234.2010498046875 1221.2530517578125 1216.2149658203125 1207.386962890625 1200.18896484375 1191.1409912109375 1180.802978515625 1167.135009765625 1144.906982421875 1130.7490234375 1111.3609619140625 1095.6429443359375 1087.675048828125 1080.18701171875 1075.7490234375 1075.220947265625 1075.2030029296875 1062.425048828125
1599.2750244140625 1590.616943359375 1577.6090087890625 1565.06103515625 1551.29296875 1529.2950439453125 1517.697021484375 1497.9189453125 1474.990966796875 1452.35302734375 1432.2850341796875 1437.41796875 1443.6600341796875 1440.011962890625 1435.3740234375 1435.5360107421875 1437.14794921875 1435.0699462890625 1429.8719482421875 1426.5140380859375 1421.3759765625 1418.488037109375 1408.739990234375 1409.60205078125 1406.5240478515625 1401.7860107421875 1397.738037109375 1390.550048828125 1374.501953125 1355.4739990234375 1332.0269775390625 1309.51904296875 1286.970947265625 1259.6729736328125 1251.6650390625 1244.967041015625 1235.0689697265625 1220.8310546875 1206.60302734375 1195.7249755859375 1193.9169921875 1191.5789794921875 1187.6710205078125 1173.532958984375 1154.7049560546875 1137.4169921875 1123.239013671875 1111.6910400390625 1095.9930419921875 1082.4150390625 1070.6180419921875 1053.5 1056.751953125 1062.2939453125 1059.6259765625
1577.10498046875 1565.93701171875 1557.469970703125 1546.781982421875 1535.4539794921875 1518.89599609375 1499.0279541015625 1488.6700439453125 1472.9320068359375 1447.654052734375 1426.385986328125 1416.14794921875 1421 1423.4320068359375 1420.823974609375 1421.7159423828125 1421.887939453125 1420.3299560546875 1416.761962890625 1412.1240234375 1407.8759765625 1403.8179931640625 1396.8909912109375 1393.8330078125 1393.10498046875 1392.0069580078125 1386.5589599609375 1374.0009765625 1358.6529541015625 1341.4649658203125 1325.14697265625 1301.759033203125 1279.321044921875 1258.7130126953125 1241.43505859375 1222.14697265625 1213.0389404296875 1205.2010498046875 1195.093017578125 1183.2750244140625 1179.136962890625 1178.948974609375 1175.6610107421875 1164.6639404296875 1149.946044921875 1124.157958984375 1111.3800048828125 1098.9820556640625 1089.2740478515625 1083.18603515625 1074.718017578125 1059.6500244140625 1038.501953125 1045.2239990234375 1044.3060302734375
1552.43603515625 1545.998046875 1538.719970703125 1531.031982421875 1518.593994140625 1509.9759521484375 1490.697998046875 1469.449951171875 1457.1219482421875 1444.404052734375 1422.2060546875 1397.998046875 1400.43994140625 1407.1529541015625 1406.364990234375 1405.8470458984375 1409.6590576171875 1408.8509521484375 1402.9329833984375 1394.4449462890625 1390.18701171875 1388.448974609375 1381.031005859375 1381.35302734375 1380.4449462890625 1376.0670166015625 1367.428955078125 1359.260986328125 1346.2230224609375 1332.6949462890625 1317.636962890625 1298.0389404296875 1281.490966796875 1268.4730224609375 1244.18505859375 1222.376953125 1200.260009765625 1190.4119873046875 1181.654052734375 1172.6259765625 1161.248046875 1162.760009765625 1160.1820068359375 1152.1240234375 1133.0059814453125 1109.8079833984375 1100.1600341796875 1091.4620361328125 1075.4139404296875 1067.595947265625 1061.738037109375 1059.510009765625 1039.60205078125 1025.5040283203125 1033.865966796875
1532.5660400390625 1525.3280029296875 1523.3809814453125 1513.5830078125 1503.2750244140625 1495.866943359375 1484.8289794921875 1465.31103515625 1443.2130126953125 1427.614990234375 1415.717041015625 1395.3690185546875 1379.6810302734375 1386.782958984375 1387.93505859375 1386.93701171875 1394.2989501953125 1393.740966796875 1385.383056640625 1378.5250244140625 1374.7869873046875 1374.759033203125 1367.7010498046875 1368.032958984375 1365.824951171875 1360.8570556640625 1353.699951171875 1347.3719482421875 1333.9840087890625 1318.9859619140625 1304.97802734375 1288.1400146484375 1274.2919921875 1259.7540283203125 1242.39599609375 1222.0479736328125 1200.06005859375 1179.612060546875 1169.60400390625 1163.3260498046875 1148.907958984375 1141.969970703125 1140.1419677734375 1131.85400390625 1112.1259765625 1100.0880126953125 1086.9599609375 1080.8719482421875 1068.9339599609375 1055.3060302734375 1045.907958984375 1043.22998046875 1038.7919921875 1020.833984375 1017.21600341796875
1513.967041015625 1513.218994140625 1508.8709716796875 1498.532958984375 1489.64501953125 1481.14697265625 1472.8189697265625 1462.5009765625 1446.9229736328125 1420.9749755859375 1399.5670166015625 1385.198974609375 1364.4210205078125 1368.6729736328125 1375.18505859375 1368.968017578125 1376.02001953125 1372.6719970703125 1368.64404296875 1364.196044921875 1361.1180419921875 1358.9000244140625 1348.3719482421875 1352.154052734375 1349.8060302734375 1344.0880126953125 1336.8699951171875 1328.1319580078125 1316.4539794921875 1304.3360595703125 1288.758056640625 1276.1099853515625 1263.3819580078125 1249.634033203125 1234.7659912109375 1222.248046875 1206.4599609375 1183.001953125 1165.14404296875 1145.3360595703125 1140.66796875 1128.8599853515625 1118.7020263671875 1110.803955078125 1102.89599609375 1088.0880126953125 1074.740966796875 1067.012939453125 1064.3050537109375 1049.0770263671875 1035.72900390625 1025.6610107421875 1024.123046875 1011.2449951171875 999.58697509765625
1502.0369873046875 1498.529052734375 1493.241943359375 1484.303955078125 1476.7359619140625 1469.5880126953125 1460.449951171875 1450.9620361328125 1437.7239990234375 1422.0460205078125 1398.7979736328125 1375.1300048828125 1353.0419921875 1342.7740478515625 1356.2159423828125 1341.89794921875 1355.780029296875 1357.572021484375 1353.9139404296875 1349.4659423828125 1345.64794921875 1343.4000244140625 1330.81201171875 1334.9339599609375 1328.9659423828125 1323.2679443359375 1315.1199951171875 1307.001953125 1298.154052734375 1289.0460205078125 1275.0479736328125 1266.3699951171875 1253.4219970703125 1239.1739501953125 1226.886962890625 1215.3790283203125 1200.490966796875 1187.093017578125 1167.5450439453125 1147.4169921875 1127.6490478515625 1116.31103515625 1105.9029541015625 1096.89501953125 1090.8470458984375 1081.9189453125 1065.48095703125 1055.9730224609375 1050.8050537109375 1049.5469970703125 1031.7490234375 1014.56097412109375 1009.0830078125 1006.08502197265625 973.45697021484375
1483.7879638671875 1482.3499755859375 1479.83203125 1473.9840087890625 1466.8360595703125 1457.8079833984375 1448.0899658203125 1435.85205078125 1425.864013671875 1411.2860107421875 1394.0679931640625 1375.7099609375 1353.092041015625 1324.404052734375 1336.2960205078125 1326.3079833984375 1339.1199951171875 1339.241943359375 1333.2540283203125 1333.2669677734375 1323.3089599609375 1321.23095703125 1308.4530029296875 1309.06494140625 1304.8570556640625 1300.0689697265625 1293.781005859375 1289.8929443359375 1283.31494140625 1273.4169921875 1264.2490234375 1253.8609619140625 1242.6629638671875 1229.655029296875 1220.64697265625 1212.7989501953125 1193.4310302734375 1183.2330322265625 1169.7049560546875 1152.2669677734375 1126.6190185546875 1109.5909423828125 1094.133056640625 1085.0450439453125 1076.95703125 1070.8990478515625 1060.970947265625 1046.093017578125 1037.9549560546875 1037.97705078125 1033.5889892578125 1018.95098876953125 998.90301513671875 989.2550048828125 972.0369873046875
1466.5179443359375 1464.3809814453125 1466.1629638671875 1462.614990234375 1455.866943359375 1448.1590576171875 1434.4510498046875 1422.012939453125 1413.06494140625 1399.656982421875 1383.72900390625 1361.6610107421875 1341.29296875 1314.844970703125 1313.0069580078125 1308.5389404296875 1323.8609619140625 1318.883056640625 1312.625 1308.237060546875 1301.97900390625 1298.531005859375 1290.9029541015625 1289.2650146484375 1287.136962890625 1282.5989990234375 1280.1309814453125 1276.1829833984375 1268.64501953125 1262.7669677734375 1252.5689697265625 1243.510986328125 1232.9429931640625 1223.0550537109375 1212.197021484375 1196.8489990234375 1187.77099609375 1176.2030029296875 1162.7950439453125 1149.5970458984375 1134.5889892578125 1117.2010498046875 1101.04296875 1081.9649658203125 1066.8370361328125 1057.18896484375 1052.041015625 1041.2330322265625 1027.7149658203125 1023.197021484375 1020.8690185546875 1015.041015625 997.1929931640625 980.2760009765625 964.63800048828125
1452.259033203125 1451.9310302734375 1454.282958984375 1450.9649658203125 1445.20703125 1433.989013671875 1419.7110595703125 1407.623046875 1398.60498046875 1384.467041015625 1371.3189697265625 1352.1209716796875 1326.552978515625 1301.8050537109375 1287.2569580078125 1296.68896484375 1304.9410400390625 1299.60302734375 1288.135009765625 1282.5870361328125 1283.218994140625 1278.9110107421875 1274.593017578125 1271.5050048828125 1272.9969482421875 1270.72900390625 1267.3409423828125 1263.2430419921875 1257.9749755859375 1249.89794921875 1240.3800048828125 1233.1219482421875 1225.053955078125 1212.9859619140625 1199.748046875 1191.219970703125 1180.031982421875 1166.9239501953125 1156.5760498046875 1145.1280517578125 1130.1199951171875 1119.83203125 1105.864013671875 1087.2760009765625 1068.258056640625 1053.5999755859375 1036.7220458984375 1033.803955078125 1019.8759765625 1006.0880126953125 1003.45001220703125 1003.12200927734375 992.7239990234375 973.22601318359375 956.468017578125
1441.469970703125 1434.1319580078125 1435.89404296875 1438.0760498046875 1429.0479736328125 1416.219970703125 1405.35205078125 1394.5040283203125 1383.85595703125 1361.5679931640625 1345.1400146484375 1339.6419677734375 1320.0340576171875 1293.7259521484375 1271.6180419921875 1283.97998046875 1285.83203125 1279.4639892578125 1274.0860595703125 1270.248046875 1268.6400146484375 1264.511962890625 1260.5439453125 1258.7159423828125 1260.39794921875 1257.1300048828125 1254.112060546875 1250.85400390625 1244.946044921875 1235.41796875 1230.8299560546875 1222.02197265625 1212.9439697265625 1200.5159912109375 1192.0279541015625 1182.52001953125 1170.302001953125 1161.6639404296875 1152.7559814453125 1140.6280517578125 1128.56005859375 1115.4119873046875 1100.85400390625 1086.166015625 1069.5279541015625 1052.3699951171875 1034.7020263671875 1018.323974609375 1014.95599365234375 996.99798583984375 987.16998291015625 986.96197509765625 986.60400390625 968.43597412109375 952.468017578125
1424.5699462890625 1416.281982421875 1417.0340576171875 1415.885986328125 1408.748046875 1401.3499755859375 1392.4420166015625 1378.553955078125 1361.615966796875 1339.488037109375 1317.9200439453125 1316.862060546875 1299.2039794921875 1281.0460205078125 1257.427978515625 1269.18994140625 1264.9420166015625 1264.654052734375 1259.0059814453125 1255.7879638671875 1253.8499755859375 1248.6319580078125 1245.333984375 1246.5059814453125 1247.3580322265625 1245.1099853515625 1242.511962890625 1236.56396484375 1229.7760009765625 1224.43798828125 1217.9100341796875 1211.77197265625 1200.31396484375 1194.5760498046875 1182.6080322265625 1172.5899658203125 1163.4820556640625 1157.2039794921875 1146.6259765625 1134.14794921875 1119.010009765625 1107.751953125 1093.7239990234375 1080.615966796875 1070.988037109375 1055.1199951171875 1025.592041015625 997.53399658203125 992.416015625 988.8380126953125 976.989990234375 968.24200439453125 974.083984375 968.4959716796875 952.8480224609375
1406.9310302734375 1401.35302734375 1397.2850341796875 1396.3370361328125 1393.3890380859375 1385.470947265625 1374.843017578125 1362.4849853515625 1349.64697265625 1334.0389404296875 1307.6910400390625 1285.782958984375 1275.324951171875 1259.97705078125 1248.708984375 1247.81103515625 1242.072998046875 1243.2850341796875 1242.22705078125 1240.2490234375 1236.8509521484375 1233.1829833984375 1229.175048828125 1233.64697265625 1233.448974609375 1231.010986328125 1224.9530029296875 1222.68505859375 1218.0770263671875 1211.7889404296875 1206.1710205078125 1199.032958984375 1191.0250244140625 1181.0770263671875 1171.5889892578125 1165.220947265625 1158.02294921875 1146.5250244140625 1135.2569580078125 1120.47900390625 1109.8909912109375 1097.54296875 1087.2950439453125 1077.0069580078125 1068.698974609375 1056.7509765625 1040.623046875 1018.05499267578125 998.5469970703125 977.8489990234375 961.21099853515625 957.25299072265625 952.58502197265625 958.21697998046875 947.43902587890625
1389.470947265625 1385.4229736328125 1378.655029296875 1378.72705078125 1376.5589599609375 1365.990966796875 1358.52294921875 1348.385009765625 1336.9169921875 1323.6390380859375 1305.3509521484375 1280.31298828125 1258.614990234375 1243.64697265625 1227.76904296875 1219.1610107421875 1220.883056640625 1224.6650390625 1222.6070556640625 1220.3289794921875 1220.6309814453125 1218.1529541015625 1216.56494140625 1217.47705078125 1217.3389892578125 1215.6409912109375 1213.4129638671875 1213.344970703125 1206.5970458984375 1201.259033203125 1196.1610107421875 1186.6629638671875 1179.1949462890625 1170.947021484375 1164.468994140625 1157.571044921875 1147.9930419921875 1135.9449462890625 1121.39697265625 1109.3990478515625 1101.0009765625 1089.873046875 1080.7249755859375 1073.427001953125 1062.7989501953125 1047.9010009765625 1032.802978515625 1021.2550048828125 1009.85699462890625 993.51898193359375 971.59100341796875 950.552978515625 933.69500732421875 940.49700927734375 939.968994140625
1372.9420166015625 1371.9139404296875 1362.845947265625 1363.6180419921875 1359.3599853515625 1350.35205078125 1342.053955078125 1333.095947265625 1322.968017578125 1303.760009765625 1285.842041015625 1268.9739990234375 1252.666015625 1234.1180419921875 1217.8800048828125 1200.491943359375 1202.7340087890625 1205.0360107421875 1206.3270263671875 1204.8189697265625 1204.4410400390625 1202.3929443359375 1203.2149658203125 1204.8270263671875 1204.0989990234375 1204.4210205078125 1203.873046875 1199.9949951171875 1196.737060546875 1192.218994140625 1183.1409912109375 1175.7330322265625 1169.2149658203125 1163.4969482421875 1155.5389404296875 1148.720947265625 1134.7330322265625 1122.375 1109.5469970703125 1100.708984375 1091.571044921875 1082.27294921875 1076.7149658203125 1065.636962890625 1051.4090576171875 1035.1009521484375 1023.41302490234375 1011.2550048828125 1000.1669921875 991.3189697265625 979.58099365234375 962.26300048828125 943.7650146484375 924.0369873046875 907.76898193359375
1347.2320556640625 1358.9339599609375 1347.885986328125 1344.0479736328125 1339.72998046875 1333.552001953125 1323.114013671875 1313.446044921875 1298.3179931640625 1281.199951171875 1269.35205078125 1256.9840087890625 1241.615966796875 1224.16796875 1211.02001953125 1197.9820556640625 1182.5040283203125 1182.7159423828125 1186.7879638671875 1190.3299560546875 1184.281982421875 1187.114013671875 1190.446044921875 1192.22802734375 1192.8399658203125 1192.862060546875 1192.154052734375 1191.0460205078125 1189.2979736328125 1180.3599853515625 1173.4420166015625 1167.4639892578125 1160.8160400390625 1152.3280029296875 1143.3199462890625 1131.56201171875 1119.9940185546875 1109.5159912109375 1099.887939453125 1092.199951171875 1082.6719970703125 1075.1240234375 1065.906005859375 1049.927978515625 1034.8499755859375 1023.11199951171875 1011.6939697265625 1000.4949951171875 990.697021484375 983.92901611328125 971.6510009765625 958.52301025390625 933.03497314453125 913.93701171875 883.41900634765625
1328.81298828125 1341.06494140625 1334.116943359375 1314.6090087890625 1317.8310546875 1315.79296875 1305.7850341796875 1291.14697265625 1278.0689697265625 1266.4110107421875 1256.27197265625 1243.10400390625 1227.2760009765625 1217.468017578125 1205.1800537109375 1191.362060546875 1186.2039794921875 1169.0660400390625 1167.927978515625 1166.1800537109375 1171.0419921875 1174.7939453125 1178.9959716796875 1185.5179443359375 1184 1184.2220458984375 1184.7840576171875 1181.18603515625 1176.7679443359375 1170.3199462890625 1163.6519775390625 1155.593994140625 1148.8360595703125 1139.0279541015625 1127.22998046875 1116.3919677734375 1107.7840576171875 1099.2960205078125 1091.137939453125 1080.6800537109375 1072.072021484375 1062.333984375 1048.6259765625 1034.407958984375 1023.17999267578125 1013.52197265625 1002.864013671875 991.59600830078125 983.927978515625 975.82000732421875 963.01202392578125 947.3740234375 930.64599609375 910.98797607421875 884.96002197265625
