OMS_GEOET11/data/Meledrio/4/skyview_4.asc
ncols        217
nrows        238
xllcorner    642442.000000000000
yllcorner    5128288.000000000000
cellsize     30.000000000000
NODATA_value  -9999
[rows 154 to 175 of 238, columns 100 to 149 of 217]
-9999 -9999 -9999 -9999 -9999 -9999 -9999 -9999 -9999 -9999 -9999 -9999 0.83507680892944335938 0.76862901449203491211 0.74658304452896118164 0.75932937860488891602 0.75390875339508056641 0.8354644775390625 0.85789734125137329102 0.85230708122253417969 0.83926671743392944336 0.83698070049285888672 0.83904987573623657227 0.82686895132064819336 0.8068682551383972168 0.80651575326919555664 0.81127762794494628906 0.77134042978286743164 0.80397236347198486328 0.83821558952331542969 0.81946939229965209961 0.81576299667358398438 0.81369352340698242188 0.83006107807159423828 0.8255405426025390625 0.81059777736663818359 0.80895704030990600586 0.8093045353889465332 0.79866361618041992188 0.77462875843048095703 0.78356593847274780273 0.8393096923828125 0.78541332483291625977 0.76451385021209716797 0.76009929180145263672 0.74595499038696289062 0.72038823366165161133 0.75449329614639282227 0.78565818071365356445 0.77571034431457519531
-9999 -9999 -9999 -9999 -9999 -9999 -9999 -9999 -9999 -9999 -9999 -9999 0.85738050937652587891 0.80329889059066772461 0.73291110992431640625 0.75510001182556152344 0.75835812091827392578 0.75759482383728027344 0.83425599336624145508 0.85288983583450317383 0.84928870201110839844 0.83429837226867675781 0.8379109501838684082 0.82612687349319458008 0.81836569309234619141 0.80419945716857910156 0.804187774658203125 0.74846351146697998047 0.79077798128128051758 0.8526121973991394043 0.85639834403991699219 0.84410488605499267578 0.83658736944198608398 0.83919936418533325195 0.83949816226959228516 0.83143925666809082031 0.83031463623046875 0.82556384801864624023 0.80981492996215820312 0.80288755893707275391 0.77601224184036254883 0.79189878702163696289 0.80266261100769042969 0.78586012125015258789 0.74104321002960205078 0.76408654451370239258 0.69825398921966552734 0.74966549873352050781 0.80658262968063354492 0.82813763618469238281
-9999 -9999 -9999 -9999 -9999 -9999 -9999 -9999 -9999 -9999 -9999 -9999 0.87174397706985473633 0.83735984563827514648 0.79445701837539672852 0.77725547552108764648 0.76937764883041381836 0.75013220310211181641 0.80529356002807617188 0.83361220359802246094 0.85084295272827148438 0.84235155582427978516 0.83076465129852294922 0.82061612606048583984 0.81386840343475341797 0.79902285337448120117 0.80795025825500488281 0.77041292190551757812 0.77331525087356567383 0.80085462331771850586 0.82305037975311279297 0.82947599887847900391 0.84634834527969360352 0.8516400456428527832 0.85250163078308105469 0.85115617513656616211 0.83741319179534912109 0.81955415010452270508 0.79460245370864868164 0.79176557064056396484 0.78215068578720092773 0.79400962591171264648 0.81744474172592163086 0.79981458187103271484 0.81804561614990234375 0.74133914709091186523 0.75218212604522705078 0.74009102582931518555 0.80425089597702026367 0.80133706331253051758
-9999 -9999 -9999 -9999 -9999 -9999 -9999 -9999 -9999 -9999 -9999 -9999 0.88329637050628662109 0.86428308486938476562 0.83132094144821166992 0.79974478483200073242 0.76604622602462768555 0.76634144783020019531 0.77037447690963745117 0.80565524101257324219 0.82421016693115234375 0.83835256099700927734 0.83197015523910522461 0.82492017745971679688 0.81639111042022705078 0.79580408334732055664 0.79749280214309692383 0.77894765138626098633 0.75215584039688110352 0.74647289514541625977 0.75925564765930175781 0.76131343841552734375 0.80323749780654907227 0.82166093587875366211 0.84112560749053955078 0.80271953344345092773 0.71873575448989868164 0.77589237689971923828 0.7804806828498840332 0.77538633346557617188 0.74396091699600219727 0.80647045373916625977 0.88590252399444580078 0.84385251998901367188 0.81390690803527832031 0.82565402984619140625 0.81073802709579467773 0.77088516950607299805 0.734760284423828125 0.78178989887237548828
-9999 -9999 -9999 -9999 -9999 -9999 -9999 -9999 -9999 -9999 -9999 -9999 0.8857606053352355957 0.87522721290588378906 0.83069044351577758789 0.80336248874664306641 0.78909915685653686523 0.78885883092880249023 0.78317844867706298828 0.77146309614181518555 0.76575130224227905273 0.79646611213684082031 0.79657101631164550781 0.80386269092559814453 0.80495315790176391602 0.78366035223007202148 0.77665662765502929688 0.76249080896377563477 0.76572418212890625 0.74735182523727416992 0.70312708616256713867 0.67023801803588867188 0.73730909824371337891 0.75107395648956298828 0.74571096897125244141 0.61713498830795288086 0.73890668153762817383 0.75220245122909545898 0.74021059274673461914 0.73977875709533691406 0.71743178367614746094 0.76929050683975219727 0.73936825990676879883 0.48612368106842041016 0.67208850383758544922 0.73103421926498413086 0.78856670856475830078 0.86557590961456298828 0.83429729938507080078 0.76258081197738647461
-9999 -9999 -9999 -9999 -9999 -9999 -9999 -9999 -9999 -9999 -9999 -9999 -9999 0.88286709785461425781 0.85850518941879272461 0.81553411483764648438 0.78030550479888916016 0.79221165180206298828 0.79640519618988037109 0.80515283346176147461 0.81236886978149414062 0.81293332576751708984 0.80779999494552612305 0.80083000659942626953 0.79015582799911499023 0.73375678062438964844 0.77772879600524902344 0.78203463554382324219 0.76860642433166503906 0.76056963205337524414 0.73599547147750854492 0.69698667526245117188 0.69779312610626220703 0.69057810306549072266 0.65808308124542236328 0.70464241504669189453 0.73896062374114990234 0.70848321914672851562 0.64358055591583251953 0.70797449350357055664 0.70855915546417236328 0.65883111953735351562 0.56516051292419433594 0.63051617145538330078 0.70466667413711547852 0.66012269258499145508 0.67056506872177124023 0.73940896987915039062 0.82580554485321044922 0.88690316677093505859
-9999 -9999 -9999 -9999 -9999 -9999 -9999 -9999 -9999 -9999 -9999 -9999 -9999 -9999 0.87878060340881347656 0.84522527456283569336 0.78978049755096435547 0.78183633089065551758 0.78855180740356445312 0.80849099159240722656 0.81217885017395019531 0.81444537639617919922 0.81454408168792724609 0.81008893251419067383 0.80067670345306396484 0.77711027860641479492 0.76422590017318725586 0.77818846702575683594 0.76176029443740844727 0.75616878271102905273 0.74591422080993652344 0.73145270347595214844 0.71468108892440795898 0.6957734227180480957 0.71390384435653686523 0.69996047019958496094 0.69878816604614257812 0.69648182392120361328 0.64309823513031005859 0.68867886066436767578 0.70773285627365112305 0.60531079769134521484 0.61926740407943725586 0.63332402706146240234 0.70096254348754882812 0.7031218409538269043 0.64085817337036132812 0.64437925815582275391 0.62994211912155151367 0.70178240537643432617
-9999 -9999 -9999 -9999 -9999 -9999 -9999 -9999 -9999 -9999 -9999 -9999 -9999 -9999 -9999 0.86674839258193969727 0.80775469541549682617 0.78251290321350097656 0.78113031387329101562 0.79434919357299804688 0.80474305152893066406 0.81250351667404174805 0.81180620193481445312 0.80381447076797485352 0.80783849954605102539 0.79725623130798339844 0.79519611597061157227 0.77232193946838378906 0.74979108572006225586 0.7405045628547668457 0.72104430198669433594 0.7195656895637512207 0.72050362825393676758 0.67655950784683227539 0.71837943792343139648 0.71003133058547973633 0.69620537757873535156 0.68575286865234375 0.62171989679336547852 0.69385933876037597656 0.69181638956069946289 0.61692023277282714844 0.67065584659576416016 0.62768733501434326172 0.63187241554260253906 0.63561290502548217773 0.69017779827117919922 0.66729825735092163086 0.65827387571334838867 0.57941353321075439453
-9999 -9999 -9999 -9999 -9999 -9999 -9999 -9999 -9999 -9999 -9999 -9999 -9999 -9999 -9999 0.87917405366897583008 0.83994591236114501953 0.78245812654495239258 0.77221465110778808594 0.78707849979400634766 0.79040956497192382812 0.80638301372528076172 0.8114941716194152832 0.79705160856246948242 0.78542578220367431641 0.78444463014602661133 0.78663134574890136719 0.77312928438186645508 0.74944657087326049805 0.73165136575698852539 0.71768242120742797852 0.71153879165649414062 0.70814150571823120117 0.68965834379196166992 0.70253008604049682617 0.70197051763534545898 0.70159280300140380859 0.69641625881195068359 0.67771804332733154297 0.66878134012222290039 0.63200050592422485352 0.66719633340835571289 0.68092262744903564453 0.66544586420059204102 0.68449169397354125977 0.68359732627868652344 0.68003517389297485352 0.70607161521911621094 0.67763489484786987305 0.72499835491180419922
-9999 -9999 -9999 -9999 -9999 -9999 -9999 -9999 -9999 -9999 -9999 -9999 -9999 -9999 -9999 -9999 0.87137812376022338867 0.82007682323455810547 0.77750486135482788086 0.79690319299697875977 0.76939260959625244141 0.80037271976470947266 0.81215488910675048828 0.79356998205184936523 0.75931549072265625 0.76070457696914672852 0.77660357952117919922 0.76289826631546020508 0.74948620796203613281 0.73215460777282714844 0.71311688423156738281 0.6748752593994140625 0.6844704747200012207 0.67810553312301635742 0.68454366922378540039 0.68905204534530639648 0.69155538082122802734 0.68967580795288085938 0.68953180313110351562 0.68912011384963989258 0.67528533935546875 0.67455583810806274414 0.68277186155319213867 0.6730601191520690918 0.68290191888809204102 0.67422896623611450195 0.68026518821716308594 0.71980887651443481445 0.69842988252639770508 0.71178203821182250977
-9999 -9999 -9999 -9999 -9999 -9999 -9999 -9999 -9999 -9999 -9999 -9999 -9999 -9999 -9999 -9999 -9999 0.8493137359619140625 0.80472457408905029297 0.80065447092056274414 0.78027975559234619141 0.79418522119522094727 0.81463819742202758789 0.80105596780776977539 0.78931432962417602539 0.75410038232803344727 0.75997674465179443359 0.75046449899673461914 0.72462475299835205078 0.70868170261383056641 0.70775645971298217773 0.67819297313690185547 0.66686689853668212891 0.65096497535705566406 0.65989625453948974609 0.66300785541534423828 0.67417103052139282227 0.67884731292724609375 0.69056802988052368164 0.68814629316329956055 0.67799508571624755859 0.67526876926422119141 0.67975533008575439453 0.66915518045425415039 0.64706999063491821289 0.62527501583099365234 0.70435911417007446289 0.69246697425842285156 0.64896869659423828125 0.65760523080825805664
-9999 -9999 -9999 -9999 -9999 -9999 -9999 -9999 -9999 -9999 -9999 -9999 -9999 -9999 -9999 -9999 -9999 0.86792230606079101562 0.83230638504028320312 0.80346775054931640625 0.77024883031845092773 0.7871201634407043457 0.80749684572219848633 0.81333971023559570312 0.79887127876281738281 0.78463524580001831055 0.76922494173049926758 0.74132859706878662109 0.65575385093688964844 0.61559259891510009766 0.61387461423873901367 0.61483585834503173828 0.62369132041931152344 0.64116770029067993164 0.65386968851089477539 0.6334756016731262207 0.63645881414413452148 0.65523445606231689453 0.65823006629943847656 0.66664433479309082031 0.66826117038726806641 0.66340619325637817383 0.67728722095489501953 0.67356753349304199219 0.65790861845016479492 0.63406014442443847656 0.67413514852523803711 0.68703246116638183594 0.63575398921966552734 0.68503850698471069336
-9999 -9999 -9999 -9999 -9999 -9999 -9999 -9999 -9999 -9999 -9999 -9999 -9999 -9999 -9999 -9999 -9999 -9999 0.87019056081771850586 0.83963495492935180664 0.78559756278991699219 0.78603088855743408203 0.78870165348052978516 0.80839848518371582031 0.80975520610809326172 0.79926943778991699219 0.77071136236190795898 0.74029421806335449219 0.72890043258666992188 0.69796514511108398438 0.62310123443603515625 0.63346731662750244141 0.58158779144287109375 0.57295954227447509766 0.61780452728271484375 0.6128743290901184082 0.61978781223297119141 0.61132454872131347656 0.62433326244354248047 0.64987033605575561523 0.64590167999267578125 0.65677690505981445312 0.65013456344604492188 0.63571065664291381836 0.64021623134613037109 0.60017210245132446289 0.55852985382080078125 0.63947212696075439453 0.67155593633651733398 0.59224426746368408203
-9999 -9999 -9999 -9999 -9999 -9999 -9999 -9999 -9999 -9999 -9999 -9999 -9999 -9999 -9999 -9999 -9999 -9999 -9999 0.8685614466667175293 0.84545183181762695312 0.81778031587600708008 0.80837625265121459961 0.79424142837524414062 0.82295995950698852539 0.80380278825759887695 0.82138133049011230469 0.80999320745468139648 0.81809729337692260742 0.81915003061294555664 0.77047431468963623047 0.7045243382453918457 0.57083457708358764648 0.645153045654296875 0.5266348719596862793 0.56272065639495849609 0.63190609216690063477 0.61162650585174560547 0.60973966121673583984 0.63130742311477661133 0.6334788203239440918 0.63862961530685424805 0.64661109447479248047 0.64260756969451904297 0.66191458702087402344 0.66231369972229003906 0.64755666255950927734 0.58224004507064819336 0.66318887472152709961 0.61533743143081665039
-9999 -9999 -9999 -9999 -9999 -9999 -9999 -9999 -9999 -9999 -9999 -9999 -9999 -9999 -9999 -9999 -9999 -9999 -9999 -9999 0.86589765548706054688 0.85042577981948852539 0.8295637965202331543 0.80412709712982177734 0.79297995567321777344 0.82235753536224365234 0.80732417106628417969 0.81734478473663330078 0.82219719886779785156 0.82528632879257202148 0.83613771200180053711 0.78402382135391235352 0.63157057762145996094 0.69388872385025024414 0.62762153148651123047 0.55969226360321044922 0.62641894817352294922 0.61950373649597167969 0.60010087490081787109 0.60223650932312011719 0.61160296201705932617 0.63390386104583740234 0.64024138450622558594 0.64089930057525634766 0.65066570043563842773 0.65683889389038085938 0.64661705493927001953 0.62952899932861328125 0.61253768205642700195 0.65741455554962158203
-9999 -9999 -9999 -9999 -9999 -9999 -9999 -9999 -9999 -9999 -9999 -9999 -9999 -9999 -9999 -9999 -9999 -9999 -9999 -9999 -9999 0.86254632472991943359 0.8277435302734375 0.79786604642868041992 0.77386504411697387695 0.79452627897262573242 0.83801692724227905273 0.83039683103561401367 0.82076245546340942383 0.83259481191635131836 0.83794522285461425781 0.82876646518707275391 0.7260850071907043457 0.75098794698715209961 0.70208972692489624023 0.55031663179397583008 0.58466833829879760742 0.58397424221038818359 0.59402215480804443359 0.59733730554580688477 0.58964121341705322266 0.61743909120559692383 0.62770569324493408203 0.63758194446563720703 0.65066367387771606445 0.63933217525482177734 0.64335554838180541992 0.65045011043548583984 0.62431299686431884766 0.61291557550430297852
-9999 -9999 -9999 -9999 -9999 -9999 -9999 -9999 -9999 -9999 -9999 -9999 -9999 -9999 -9999 -9999 -9999 -9999 -9999 -9999 -9999 -9999 0.85880559682846069336 0.83432626724243164062 0.7988567352294921875 0.78223973512649536133 0.83299618959426879883 0.84131461381912231445 0.82184767723083496094 0.82863581180572509766 0.8329842686653137207 0.83118349313735961914 0.82712113857269287109 0.81331908702850341797 0.81039333343505859375 0.6693986058235168457 0.6052277684211730957 0.60513591766357421875 0.56131941080093383789 0.58497929573059082031 0.58794695138931274414 0.56534469127655029297 0.59172767400741577148 0.60484260320663452148 0.62864255905151367188 0.63689750432968139648 0.62970852851867675781 0.63300174474716186523 0.6245453953742980957 0.56323862075805664062
-9999 -9999 -9999 -9999 -9999 -9999 -9999 -9999 -9999 -9999 -9999 -9999 -9999 -9999 -9999 -9999 -9999 -9999 -9999 -9999 -9999 -9999 -9999 -9999 0.83662015199661254883 0.80107098817825317383 0.80405336618423461914 0.81080138683319091797 0.82674688100814819336 0.82336765527725219727 0.80540603399276733398 0.8004767298698425293 0.79638749361038208008 0.79596579074859619141 0.83186012506484985352 0.78445959091186523438 0.6322129368782043457 0.61265265941619873047 0.58644145727157592773 0.50245106220245361328 0.55534815788269042969 0.57668334245681762695 0.56424373388290405273 0.57078802585601806641 0.57706660032272338867 0.60275000333786010742 0.61351186037063598633 0.61848837137222290039 0.6176242828369140625 0.60899025201797485352
-9999 -9999 -9999 -9999 -9999 -9999 -9999 -9999 -9999 -9999 -9999 -9999 -9999 -9999 -9999 -9999 -9999 -9999 -9999 -9999 -9999 -9999 -9999 -9999 -9999 0.85012108087539672852 0.82123064994812011719 0.80632603168487548828 0.81731998920440673828 0.8332888484001159668 0.83105432987213134766 0.81128901243209838867 0.81181794404983520508 0.79310822486877441406 0.81078940629959106445 0.84585487842559814453 0.706878662109375 0.54509931802749633789 0.63990128040313720703 0.5872898101806640625 0.58639425039291381836 0.53168946504592895508 0.54220116138458251953 0.54808402061462402344 0.55980116128921508789 0.59354573488235473633 0.60515874624252319336 0.60549139976501464844 0.61542910337448120117 0.61641204357147216797
-9999 -9999 -9999 -9999 -9999 -9999 -9999 -9999 -9999 -9999 -9999 -9999 -9999 -9999 -9999 -9999 -9999 -9999 -9999 -9999 -9999 -9999 -9999 -9999 -9999 -9999 -9999 0.84708905220031738281 0.81848156452178955078 0.81396090984344482422 0.82419949769973754883 0.82921129465103149414 0.81918817758560180664 0.7949320673942565918 0.78129410743713378906 0.79296201467514038086 0.80113404989242553711 0.64002048969268798828 0.65986084938049316406 0.66127490997314453125 0.64190208911895751953 0.63243186473846435547 0.55510640144348144531 0.55189108848571777344 0.5390008091926574707 0.52832734584808349609 0.57964444160461425781 0.60367244482040405273 0.59370011091232299805 0.60064542293548583984
-9999 -9999 -9999 -9999 -9999 -9999 -9999 -9999 -9999 -9999 -9999 -9999 -9999 -9999 -9999 -9999 -9999 -9999 -9999 -9999 -9999 -9999 -9999 -9999 -9999 -9999 -9999 -9999 -9999 0.84327369928359985352 0.83011829853057861328 0.81994444131851196289 0.80987596511840820312 0.81021416187286376953 0.78158360719680786133 0.74176132678985595703 0.80338191986083984375 0.67239922285079956055 0.73145645856857299805 0.60126250982284545898 0.62207198143005371094 0.61916249990463256836 0.5685107111930847168 0.55653816461563110352 0.56553483009338378906 0.48987865447998046875 0.51075571775436401367 0.57549136877059936523 0.58249753713607788086 0.58417832851409912109
-9999 -9999 -9999 -9999 -9999 -9999 -9999 -9999 -9999 -9999 -9999 -9999 -9999 -9999 -9999 -9999 -9999 -9999 -9999 -9999 -9999 -9999 -9999 -9999 -9999 -9999 -9999 -9999 -9999 -9999 -9999 0.82418131828308105469 0.81982052326202392578 0.79606258869171142578 0.70640128850936889648 0.78707706928253173828 0.73329687118530273438 0.74584728479385375977 0.7964394688606262207 0.53235143423080444336 0.53177988529205322266 0.55146491527557373047 0.56438881158828735352 0.55248099565505981445 0.57890814542770385742 0.4731057584285736084 0.49295127391815185547 0.46227639913558959961 0.51581239700317382812 0.55638957023620605469
