OMS_GEOET11/data/Meledrio/4/skyview_4.asc
ncols        217
nrows        238
xllcorner    642442.000000000000
yllcorner    5128288.000000000000
cellsize     30.000000000000
NODATA_value  -9999
[rows 198 to 219 of 238, columns 150 to 199 of 217]
-9999 -9999 -9999 -9999 -9999 0.94533777236938476562 0.75838845968246459961 0.6362781524658203125 0.73894637823104858398 0.65172582864761352539 0.74060231447219848633 0.7755311131477355957 0.78531789779663085938 0.79280012845993041992 0.79570162296295166016 0.79839485883712768555 0.76299929618835449219 0.80863779783248901367 0.80960690975189208984 0.87809586524963378906 0.92174685001373291016 0.91614174842834472656 0.89538651704788208008 0.89715093374252319336 0.88190722465515136719 0.88108927011489868164 0.87624782323837280273 0.87365889549255371094 0.87737274169921875 0.86756122112274169922 0.85759693384170532227 0.85288894176483154297 0.84304296970367431641 0.83495807647705078125 0.81305736303329467773 0.77742904424667358398 0.78977102041244506836 0.84761053323745727539 -9999 -9999 -9999 -9999 -9999 -9999 -9999 -9999 -9999 -9999 -9999 -9999
-9999 -9999 -9999 -9999 -9999 0.93345868587493896484 0.74727338552474975586 0.69722479581832885742 0.75507265329360961914 0.73754918575286865234 0.77939552068710327148 0.79576784372329711914 0.80750918388366699219 0.80851900577545166016 0.80499505996704101562 0.79707819223403930664 0.77587783336639404297 0.83334124088287353516 0.8146679997444152832 0.86311429738998413086 0.92220014333724975586 0.9164473414421081543 0.90660762786865234375 0.89712822437286376953 0.8962237238883972168 0.87582159042358398438 0.8582261204719543457 0.86584198474884033203 0.87601131200790405273 0.86915946006774902344 0.85767132043838500977 0.84805697202682495117 0.84118598699569702148 0.83946824073791503906 0.82185316085815429688 0.79818862676620483398 0.7773335576057434082 0.82843494415283203125 -9999 -9999 -9999 -9999 -9999 -9999 -9999 -9999 -9999 -9999 -9999 -9999
-9999 -9999 -9999 -9999 -9999 0.84581106901168823242 0.71889895200729370117 0.73635017871856689453 0.72771054506301879883 0.75302851200103759766 0.78069072961807250977 0.79847937822341918945 0.80896466970443725586 0.81513321399688720703 0.81480866670608520508 0.81453251838684082031 0.81551849842071533203 0.8355452418327331543 0.80916953086853027344 0.79637092351913452148 0.91568344831466674805 0.91689866781234741211 0.90716207027435302734 0.89739203453063964844 0.89747899770736694336 0.89017784595489501953 0.84416997432708740234 0.83469063043594360352 0.85977518558502197266 0.86265486478805541992 0.85511726140975952148 0.84864753484725952148 0.84143400192260742188 0.83417677879333496094 0.81836295127868652344 0.78782731294631958008 0.76429361104965209961 0.82102799415588378906 -9999 -9999 -9999 -9999 -9999 -9999 -9999 -9999 -9999 -9999 -9999 -9999
-9999 -9999 -9999 -9999 -9999 0.82448917627334594727 0.7533009648323059082 0.76939439773559570312 0.78769707679748535156 0.79983276128768920898 0.81289255619049072266 0.82646763324737548828 0.83384031057357788086 0.84292995929718017578 0.8439648747444152832 0.81938385963439941406 0.84320861101150512695 0.85493028163909912109 0.825023651123046875 0.73018169403076171875 0.88112461566925048828 0.91743707656860351562 0.90606021881103515625 0.90043228864669799805 0.89955753087997436523 0.90341544151306152344 0.87996506690979003906 0.85921823978424072266 0.85528242588043212891 0.86458623409271240234 0.85641247034072875977 0.85014134645462036133 0.84384906291961669922 0.83268493413925170898 0.81964141130447387695 0.8141867518424987793 0.8004462122917175293 0.82705187797546386719 -9999 -9999 -9999 -9999 -9999 -9999 -9999 -9999 -9999 -9999 -9999 -9999
-9999 -9999 -9999 -9999 -9999 0.88718241453170776367 0.83798491954803466797 0.83496105670928955078 0.8175843358039855957 0.80135214328765869141 0.81098151206970214844 0.82606965303421020508 0.83556604385375976562 0.84499186277389526367 0.84434974193572998047 0.83261168003082275391 0.78589051961898803711 0.85865688323974609375 0.86357772350311279297 0.74882429838180541992 0.86898207664489746094 0.91529762744903564453 0.90618675947189331055 0.88813078403472900391 0.88940787315368652344 0.90843170881271362305 0.90052676200866699219 0.88720887899398803711 0.87305486202239990234 0.86528575420379638672 0.85679608583450317383 0.85321635007858276367 0.84391176700592041016 0.8344389796257019043 0.80905508995056152344 0.7709992527961730957 0.7923793792724609375 -9999 -9999 -9999 -9999 -9999 -9999 -9999 -9999 -9999 -9999 -9999 -9999 -9999
-9999 -9999 -9999 -9999 -9999 0.91273677349090576172 0.83720403909683227539 0.87226396799087524414 0.87564790248870849609 0.84915578365325927734 0.80583482980728149414 0.83240300416946411133 0.83883631229400634766 0.84204012155532836914 0.84448570013046264648 0.83273416757583618164 0.83133274316787719727 0.83706110715866088867 0.85982537269592285156 0.75952315330505371094 0.87457430362701416016 0.91186237335205078125 0.90492284297943115234 0.84761780500411987305 0.88636320829391479492 0.90980899333953857422 0.9029967188835144043 0.89426022768020629883 0.87812143564224243164 0.86754316091537475586 0.86608844995498657227 0.85197114944458007812 0.84055310487747192383 0.83065849542617797852 0.81638264656066894531 0.78547334671020507812 0.81345087289810180664 -9999 -9999 -9999 -9999 -9999 -9999 -9999 -9999 -9999 -9999 -9999 -9999 -9999
-9999 -9999 -9999 -9999 -9999 0.92669093608856201172 0.80611449480056762695 0.86041861772537231445 0.88076686859130859375 0.86536133289337158203 0.82919973134994506836 0.84575664997100830078 0.85066121816635131836 0.8477840423583984375 0.82967174053192138672 0.81416189670562744141 0.84843486547470092773 0.83695739507675170898 0.85625803470611572266 0.74372774362564086914 0.87515228986740112305 0.90702843666076660156 0.8952763676643371582 0.7861995697021484375 0.89351660013198852539 0.90699970722198486328 0.89904654026031494141 0.89245420694351196289 0.87896400690078735352 0.86697614192962646484 0.8660290837287902832 0.85508930683135986328 0.83912438154220581055 0.8340587615966796875 0.81516742706298828125 0.81015419960021972656 0.81654477119445800781 -9999 -9999 -9999 -9999 -9999 -9999 -9999 -9999 -9999 -9999 -9999 -9999 -9999
-9999 -9999 -9999 -9999 -9999 0.92841309309005737305 0.79691845178604125977 0.85036492347717285156 0.88653337955474853516 0.86594384908676147461 0.84774130582809448242 0.84616070985794067383 0.85679811239242553711 0.85906594991683959961 0.83824014663696289062 0.8262767791748046875 0.84791636466979980469 0.85024857521057128906 0.85708415508270263672 0.77544164657592773438 0.85576486587524414062 0.90454369783401489258 0.8853963017463684082 0.79450833797454833984 0.90006262063980102539 0.908405303955078125 0.89611214399337768555 0.88998353481292724609 0.87296164035797119141 0.8659210205078125 0.86062252521514892578 0.8529383540153503418 0.83947151899337768555 0.82560765743255615234 0.81547391414642333984 0.80511415004730224609 -9999 -9999 -9999 -9999 -9999 -9999 -9999 -9999 -9999 -9999 -9999 -9999 -9999 -9999
-9999 -9999 -9999 -9999 -9999 0.92168277502059936523 0.81086981296539306641 0.83423864841461181641 0.89969432353973388672 0.87288075685501098633 0.85393202304840087891 0.85865134000778198242 0.86657643318176269531 0.86521399021148681641 0.87166059017181396484 0.87221932411193847656 0.86554372310638427734 0.85462540388107299805 0.83593255281448364258 0.81665605306625366211 0.77168291807174682617 0.89621424674987792969 0.86696416139602661133 0.84606641530990600586 0.9084046483039855957 0.90714335441589355469 0.89357203245162963867 0.88319510221481323242 0.87010902166366577148 0.86345493793487548828 0.8506755828857421875 0.84319090843200683594 0.83531260490417480469 0.82450884580612182617 0.81242972612380981445 0.77487826347351074219 -9999 -9999 -9999 -9999 -9999 -9999 -9999 -9999 -9999 -9999 -9999 -9999 -9999 -9999
-9999 -9999 -9999 -9999 -9999 0.90949225425720214844 0.81812256574630737305 0.84047144651412963867 0.89537841081619262695 0.87602686882019042969 0.85494846105575561523 0.8631884455680847168 0.8662522435188293457 0.8609873652458190918 0.85380506515502929688 0.86933386325836181641 0.88237792253494262695 0.83254301548004150391 0.85889166593551635742 0.83560556173324584961 0.78668099641799926758 0.86216723918914794922 0.86789029836654663086 0.8430315852165222168 0.88710922002792358398 0.90377134084701538086 0.87949085235595703125 0.87424421310424804688 0.86411762237548828125 0.85353058576583862305 0.84817218780517578125 0.83907419443130493164 0.82791459560394287109 0.82529318332672119141 0.80041134357452392578 0.77677875757217407227 -9999 -9999 -9999 -9999 -9999 -9999 -9999 -9999 -9999 -9999 -9999 -9999 -9999 -9999
-9999 -9999 -9999 -9999 -9999 0.8931376338005065918 0.82061553001403808594 0.84845268726348876953 0.87290978431701660156 0.87433218955993652344 0.8575999140739440918 0.86685442924499511719 0.86408329010009765625 0.8548094630241394043 0.85468649864196777344 0.86011523008346557617 0.88245737552642822266 0.87814718484878540039 0.87526029348373413086 0.84305852651596069336 0.82555413246154785156 0.77698844671249389648 0.88043802976608276367 0.80023610591888427734 0.85949492454528808594 0.90071517229080200195 0.88394212722778320312 0.87292575836181640625 0.86071735620498657227 0.84674894809722900391 0.83356750011444091797 0.83717799186706542969 0.83095890283584594727 0.80691164731979370117 0.80764973163604736328 -9999 -9999 -9999 -9999 -9999 -9999 -9999 -9999 -9999 -9999 -9999 -9999 -9999 -9999 -9999
-9999 -9999 -9999 -9999 -9999 0.87448990345001220703 0.83027541637420654297 0.84842944145202636719 0.87037283182144165039 0.86722052097320556641 0.86391234397888183594 0.87137609720230102539 0.87819683551788330078 0.86118084192276000977 0.84508001804351806641 0.864528656005859375 0.88247245550155639648 0.87491858005523681641 0.87043821811676025391 0.84699964523315429688 0.83594059944152832031 0.73872876167297363281 0.85487377643585205078 0.86686891317367553711 0.84054261445999145508 0.88545513153076171875 0.88443940877914428711 0.86966788768768310547 0.85664141178131103516 0.84282296895980834961 0.82407641410827636719 0.81908077001571655273 0.82930397987365722656 0.79355502128601074219 -9999 -9999 -9999 -9999 -9999 -9999 -9999 -9999 -9999 -9999 -9999 -9999 -9999 -9999 -9999 -9999
-9999 -9999 -9999 -9999 -9999 0.88608258962631225586 0.83339661359786987305 0.84504210948944091797 0.86098122596740722656 0.85948270559310913086 0.86530828475952148438 0.87285590171813964844 0.87432432174682617188 0.87729787826538085938 0.8426361083984375 0.85409307479858398438 0.87129884958267211914 0.87503206729888916016 0.8771266937255859375 0.86204284429550170898 0.85176384449005126953 0.79614031314849853516 0.7339013218879699707 0.87867194414138793945 0.86445087194442749023 0.86626923084259033203 0.88139373064041137695 0.86451250314712524414 0.84601634740829467773 0.83238464593887329102 0.81193137168884277344 0.78386706113815307617 0.75999087095260620117 0.728923797607421875 -9999 -9999 -9999 -9999 -9999 -9999 -9999 -9999 -9999 -9999 -9999 -9999 -9999 -9999 -9999 -9999
-9999 -9999 -9999 -9999 -9999 0.90246558189392089844 0.82932776212692260742 0.82917624711990356445 0.83882850408554077148 0.85791867971420288086 0.85587519407272338867 0.86022996902465820312 0.87538790702819824219 0.87845021486282348633 0.83524709939956665039 0.82879233360290527344 0.86668980121612548828 0.87424772977828979492 0.87233090400695800781 0.86542469263076782227 0.85217303037643432617 0.80941885709762573242 0.71830785274505615234 0.8496863245964050293 0.8724829554557800293 0.85693776607513427734 0.87653344869613647461 0.85891550779342651367 0.84207677841186523438 0.82033312320709228516 0.78225100040435791016 0.69188845157623291016 0.75593006610870361328 -9999 -9999 -9999 -9999 -9999 -9999 -9999 -9999 -9999 -9999 -9999 -9999 -9999 -9999 -9999 -9999 -9999
-9999 -9999 -9999 -9999 -9999 0.90585893392562866211 0.82699322700500488281 0.82178521156311035156 0.84036117792129516602 0.85131072998046875 0.85981374979019165039 0.86145782470703125 0.86475592851638793945 0.87535816431045532227 0.85064768791198730469 0.85069477558135986328 0.86638796329498291016 0.86566883325576782227 0.86163496971130371094 0.86504530906677246094 0.85214751958847045898 0.81636714935302734375 0.73611164093017578125 0.80829250812530517578 0.87037843465805053711 0.86367577314376831055 0.84959417581558227539 0.84862434864044189453 0.84046423435211181641 0.81306809186935424805 0.74433434009552001953 0.75501835346221923828 0.80477505922317504883 -9999 -9999 -9999 -9999 -9999 -9999 -9999 -9999 -9999 -9999 -9999 -9999 -9999 -9999 -9999 -9999 -9999
-9999 -9999 -9999 -9999 -9999 0.90739864110946655273 0.80692869424819946289 0.82857030630111694336 0.84174942970275878906 0.85120600461959838867 0.85262912511825561523 0.85956710577011108398 0.86259073019027709961 0.8764451146125793457 0.86602795124053955078 0.85469138622283935547 0.86505609750747680664 0.85556107759475708008 0.85834968090057373047 0.85359948873519897461 0.84560567140579223633 0.8260707855224609375 0.7880522608757019043 0.62574189901351928711 0.82764893770217895508 0.86899036169052124023 0.85326105356216430664 0.80682295560836791992 0.82565271854400634766 0.80915659666061401367 0.71016156673431396484 0.78123354911804199219 0.81322902441024780273 -9999 -9999 -9999 -9999 -9999 -9999 -9999 -9999 -9999 -9999 -9999 -9999 -9999 -9999 -9999 -9999 -9999
-9999 -9999 -9999 -9999 -9999 0.924892425537109375 0.82658368349075317383 0.8007252812385559082 0.82564616203308105469 0.83726447820663452148 0.8428751826286315918 0.84251821041107177734 0.85434359312057495117 0.86896294355392456055 0.86917901039123535156 0.86448907852172851562 0.86178582906723022461 0.85890287160873413086 0.8486817479133605957 0.84845018386840820312 0.83177173137664794922 0.81738096475601196289 0.79598385095596313477 0.70337373018264770508 0.79788649082183837891 0.8692976832389831543 0.85154122114181518555 0.81594258546829223633 0.8407122492790222168 0.81621909141540527344 0.78598374128341674805 0.77805471420288085938 -9999 -9999 -9999 -9999 -9999 -9999 -9999 -9999 -9999 -9999 -9999 -9999 -9999 -9999 -9999 -9999 -9999 -9999
-9999 -9999 -9999 -9999 -9999 0.91187232732772827148 0.81789475679397583008 0.80910694599151611328 0.82875382900238037109 0.82757896184921264648 0.82686984539031982422 0.83456200361251831055 0.84218847751617431641 0.85266107320785522461 0.85366779565811157227 0.85028290748596191406 0.85312372446060180664 0.86385393142700195312 0.85165888071060180664 0.84383165836334228516 0.83002251386642456055 0.7948099970817565918 0.78975689411163330078 0.7698395848274230957 0.76982223987579345703 0.86095196008682250977 0.85782736539840698242 0.83171612024307250977 0.83241564035415649414 0.79559463262557983398 0.78933858871459960938 0.82155746221542358398 -9999 -9999 -9999 -9999 -9999 -9999 -9999 -9999 -9999 -9999 -9999 -9999 -9999 -9999 -9999 -9999 -9999 -9999
-9999 -9999 -9999 -9999 -9999 -9999 0.82338875532150268555 0.82297354936599731445 0.82973003387451171875 0.82628029584884643555 0.82798999547958374023 0.82949709892272949219 0.83058029413223266602 0.84308421611785888672 0.85283744335174560547 0.84598940610885620117 0.85664576292037963867 0.85772800445556640625 0.83887684345245361328 0.83989125490188598633 0.83775436878204345703 0.8334839940071105957 0.79430603981018066406 0.83539205789566040039 0.83907979726791381836 0.8475697636604309082 0.85283350944519042969 0.84147202968597412109 0.83801442384719848633 0.79674470424652099609 0.79279649257659912109 0.81312406063079833984 -9999 -9999 -9999 -9999 -9999 -9999 -9999 -9999 -9999 -9999 -9999 -9999 -9999 -9999 -9999 -9999 -9999 -9999
-9999 -9999 -9999 -9999 -9999 -9999 0.82717818021774291992 0.7922770380973815918 0.80718249082565307617 0.81047910451889038086 0.81267392635345458984 0.81543081998825073242 0.8241850733757019043 0.83377403020858764648 0.85283583402633666992 0.84108024835586547852 0.84536492824554443359 0.85009843111038208008 0.84061431884765625 0.83512020111083984375 0.8039748072624206543 0.83847343921661376953 0.84456652402877807617 0.85322093963623046875 0.86536449193954467773 0.84987044334411621094 0.83756101131439208984 0.83094292879104614258 0.83284497261047363281 0.80114597082138061523 0.80367040634155273438 -9999 -9999 -9999 -9999 -9999 -9999 -9999 -9999 -9999 -9999 -9999 -9999 -9999 -9999 -9999 -9999 -9999 -9999 -9999
-9999 -9999 -9999 -9999 -9999 -9999 0.86637759208679199219 0.81612288951873779297 0.81831121444702148438 0.81262302398681640625 0.81671118736267089844 0.82179772853851318359 0.82753020524978637695 0.83434641361236572266 0.84705883264541625977 0.84729856252670288086 0.85059142112731933594 0.81752359867095947266 0.83683115243911743164 0.83807432651519775391 0.8203818202018737793 0.75752633810043334961 0.83524274826049804688 0.75165480375289916992 0.83341228961944580078 0.85450965166091918945 0.847270965576171875 0.82966500520706176758 0.82795584201812744141 0.78005784749984741211 0.80356746912002563477 -9999 -9999 -9999 -9999 -9999 -9999 -9999 -9999 -9999 -9999 -9999 -9999 -9999 -9999 -9999 -9999 -9999 -9999 -9999
-9999 -9999 -9999 -9999 -9999 -9999 0.85427230596542358398 0.79864603281021118164 0.80477541685104370117 0.80743974447250366211 0.80723392963409423828 0.81542348861694335938 0.820262908935546875 0.83123040199279785156 0.83737468719482421875 0.84026235342025756836 0.84096819162368774414 0.8002446293830871582 0.8312733769416809082 0.83412510156631469727 0.8280321955680847168 0.81402444839477539062 0.78342813253402709961 0.79352474212646484375 0.73744606971740722656 0.80868047475814819336 0.83150696754455566406 0.83697551488876342773 0.83243930339813232422 0.80502033233642578125 0.74965775012969970703 -9999 -9999 -9999 -9999 -9999 -9999 -9999 -9999 -9999 -9999 -9999 -9999 -9999 -9999 -9999 -9999 -9999 -9999 -9999
