OMS_GEOET11/data/Meledrio/4/skyview_4.asc
ncols        217
nrows        238
xllcorner    642442.000000000000
yllcorner    5128288.000000000000
cellsize     30.000000000000
NODATA_value  -9999
[rows 88 to 109 of 238, columns 50 to 99 of 217]
-9999 -9999 -9999 -9999 -9999 -9999 -9999 -9999 0.87373501062393188477 0.87449336051940917969 0.87260419130325317383 0.87193137407302856445 0.87266528606414794922 0.86942434310913085938 0.87214177846908569336 0.87056553363800048828 0.87197309732437133789 0.87314474582672119141 0.87713730335235595703 0.87481361627578735352 0.86539500951766967773 0.87520658969879150391 0.87667840719223022461 0.87661033868789672852 0.87892740964889526367 0.88121324777603149414 0.88190388679504394531 0.88444870710372924805 0.88646906614303588867 0.88810765743255615234 0.88929319381713867188 0.89082771539688110352 0.89126169681549072266 0.89032351970672607422 0.89291155338287353516 0.8933569788932800293 0.89491856098175048828 0.8948764801025390625 0.89448940753936767578 0.89473265409469604492 0.89438635110855102539 0.89460927248001098633 0.89442163705825805664 0.89548850059509277344 0.8955478668212890625 0.89443647861480712891 0.89558720588684082031 0.89426410198211669922 0.89489018917083740234 0.89331227540969848633
-9999 -9999 -9999 -9999 -9999 -9999 -9999 -9999 -9999 0.87753212451934814453 0.88014280796051025391 0.87792122364044189453 0.87790441513061523438 0.87879264354705810547 0.87902343273162841797 0.87736421823501586914 0.8771584630012512207 0.87869930267333984375 0.88047319650650024414 0.87271016836166381836 0.85518562793731689453 0.87567877769470214844 0.88068020343780517578 0.88153052330017089844 0.88357865810394287109 0.88351958990097045898 0.88497024774551391602 0.88682055473327636719 0.88720774650573730469 0.89011204242706298828 0.89059162139892578125 0.89258778095245361328 0.89330184459686279297 0.89271944761276245117 0.89401698112487792969 0.8937587738037109375 0.89513450860977172852 0.89437192678451538086 0.89453107118606567383 0.89425718784332275391 0.8946399688720703125 0.89492470026016235352 0.89494442939758300781 0.89479333162307739258 0.89390534162521362305 0.89375936985015869141 0.89521348476409912109 0.89500719308853149414 0.89412200450897216797 0.89468151330947875977
-9999 -9999 -9999 -9999 -9999 -9999 -9999 -9999 -9999 -9999 0.88237184286117553711 0.88255536556243896484 0.8822612762451171875 0.8834660649299621582 0.88262343406677246094 0.88262248039245605469 0.88287252187728881836 0.88402956724166870117 0.88283318281173706055 0.86825203895568847656 0.86590057611465454102 0.87771737575531005859 0.8808606266975402832 0.88354784250259399414 0.8852354884147644043 0.88632881641387939453 0.88690716028213500977 0.88925337791442871094 0.8905652165412902832 0.8908589482307434082 0.89165246486663818359 0.89363127946853637695 0.89254474639892578125 0.89330148696899414062 0.89441293478012084961 0.89446598291397094727 0.89502453804016113281 0.89395982027053833008 0.89396452903747558594 0.89410620927810668945 0.89501172304153442383 0.8950735926628112793 0.89456737041473388672 0.89378982782363891602 0.89464920759201049805 0.89568179845809936523 0.8950678706169128418 0.89339751005172729492 0.89459282159805297852 0.89461791515350341797
-9999 -9999 -9999 -9999 -9999 -9999 -9999 -9999 -9999 -9999 -9999 0.88396978378295898438 0.88490480184555053711 0.88588845729827880859 0.88636493682861328125 0.8840071558952331543 0.88518136739730834961 0.88729608058929443359 0.87810122966766357422 0.83751308917999267578 0.86548525094985961914 0.87814754247665405273 0.88251787424087524414 0.88485074043273925781 0.88631027936935424805 0.88690185546875 0.88840436935424804688 0.89018434286117553711 0.89119291305541992188 0.89190757274627685547 0.89183032512664794922 0.89279204607009887695 0.89323008060455322266 0.89454758167266845703 0.89465504884719848633 0.89417678117752075195 0.8941949009895324707 0.89419955015182495117 0.89466100931167602539 0.89445519447326660156 0.89542400836944580078 0.89408832788467407227 0.89380055665969848633 0.89466512203216552734 0.8952172398567199707 0.8944644927978515625 0.89383232593536376953 0.89430999755859375 0.89460736513137817383 0.89424616098403930664
-9999 -9999 -9999 -9999 -9999 -9999 -9999 -9999 -9999 -9999 -9999 -9999 0.88738715648651123047 0.88803434371948242188 0.88582241535186767578 0.88728886842727661133 0.8883673548698425293 0.88989818096160888672 0.87611764669418334961 0.84119260311126708984 0.87195366621017456055 0.88184887170791625977 0.88537859916687011719 0.88740420341491699219 0.88797348737716674805 0.88984781503677368164 0.89016306400299072266 0.89130675792694091797 0.89204967021942138672 0.89244174957275390625 0.89256829023361206055 0.89351099729537963867 0.89463537931442260742 0.89466190338134765625 0.89511972665786743164 0.89547479152679443359 0.89425116777420043945 0.8950532078742980957 0.89443874359130859375 0.89496666193008422852 0.89514946937561035156 0.89412838220596313477 0.89489787817001342773 0.8950074315071105957 0.89428424835205078125 0.89374971389770507812 0.89396524429321289062 0.89291155338287353516 0.8938185572624206543 0.89310741424560546875
-9999 -9999 -9999 -9999 -9999 -9999 -9999 -9999 -9999 -9999 -9999 -9999 -9999 0.88924449682235717773 0.88927733898162841797 0.88941043615341186523 0.88990342617034912109 0.88863682746887207031 0.87389653921127319336 0.84926497936248779297 0.87911581993103027344 0.88667523860931396484 0.88859856128692626953 0.88892638683319091797 0.88981431722640991211 0.89058262109756469727 0.89091324806213378906 0.89210927486419677734 0.89254468679428100586 0.89433521032333374023 0.89399057626724243164 0.8944676518440246582 0.89465278387069702148 0.89500445127487182617 0.89336574077606201172 0.89508652687072753906 0.89462202787399291992 0.8949210047721862793 0.89483755826950073242 0.89507323503494262695 0.89464223384857177734 0.8942934870719909668 0.89421558380126953125 0.89444780349731445312 0.89308768510818481445 0.89312547445297241211 0.89347052574157714844 0.89423662424087524414 0.89485973119735717773 0.89430159330368041992
-9999 -9999 -9999 -9999 -9999 -9999 -9999 -9999 -9999 -9999 -9999 -9999 -9999 -9999 0.8904215693473815918 0.88950628042221069336 0.88794714212417602539 0.85775196552276611328 0.85093843936920166016 0.87019211053848266602 0.88673174381256103516 0.88880324363708496094 0.89007669687271118164 0.89080911874771118164 0.89141976833343505859 0.89203375577926635742 0.89268189668655395508 0.89261305332183837891 0.89449059963226318359 0.89491629600524902344 0.89447331428527832031 0.89472717046737670898 0.89468622207641601562 0.89514786005020141602 0.89498239755630493164 0.89515119791030883789 0.8958835601806640625 0.89507323503494262695 0.89477217197418212891 0.89419931173324584961 0.89351946115493774414 0.89419215917587280273 0.89474356174468994141 0.89370495080947875977 0.89414221048355102539 0.89378625154495239258 0.8943042755126953125 0.8940410614013671875 0.89298415184020996094 0.89340180158615112305
-9999 -9999 -9999 -9999 -9999 -9999 -9999 -9999 -9999 -9999 -9999 -9999 -9999 -9999 -9999 0.8905951380729675293 0.88011789321899414062 0.85467898845672607422 0.87917190790176391602 0.88656324148178100586 0.88953512907028198242 0.89041918516159057617 0.89171057939529418945 0.89244467020034790039 0.89343988895416259766 0.89345449209213256836 0.89329761266708374023 0.89291685819625854492 0.89353227615356445312 0.89571547508239746094 0.89557307958602905273 0.8949375152587890625 0.89589154720306396484 0.89567685127258300781 0.8951981663703918457 0.89539963006973266602 0.89537245035171508789 0.89482706785202026367 0.89357924461364746094 0.89419531822204589844 0.89414334297180175781 0.89413726329803466797 0.89380174875259399414 0.89339959621429443359 0.89303660392761230469 0.89430344104766845703 0.89461469650268554688 0.89333176612854003906 0.89278811216354370117 0.89231103658676147461
-9999 -9999 -9999 -9999 -9999 -9999 -9999 -9999 -9999 -9999 -9999 -9999 -9999 -9999 -9999 -9999 0.85828310251235961914 0.86393713951110839844 0.88601410388946533203 0.88974452018737792969 0.89075899124145507812 0.89198642969131469727 0.89228004217147827148 0.89133411645889282227 0.89338850975036621094 0.89429908990859985352 0.89397406578063964844 0.89400088787078857422 0.89515894651412963867 0.89572966098785400391 0.8960418701171875 0.89531874656677246094 0.89570218324661254883 0.89557784795761108398 0.89600765705108642578 0.89543771743774414062 0.89445680379867553711 0.89557272195816040039 0.89495742321014404297 0.89502626657485961914 0.89487445354461669922 0.89458352327346801758 0.89344716072082519531 0.89334702491760253906 0.89409857988357543945 0.89497357606887817383 0.89402723312377929688 0.89250767230987548828 0.89281415939331054688 0.89198470115661621094
-9999 -9999 -9999 -9999 -9999 -9999 -9999 -9999 -9999 -9999 -9999 -9999 -9999 -9999 -9999 -9999 -9999 0.88887566328048706055 0.89119356870651245117 0.89084511995315551758 0.89307492971420288086 0.89344358444213867188 0.89233630895614624023 0.89461171627044677734 0.89497280120849609375 0.89467400312423706055 0.89455646276473999023 0.89469754695892333984 0.89552605152130126953 0.89560472965240478516 0.89556610584259033203 0.8962853550910949707 0.89585590362548828125 0.89526236057281494141 0.89619839191436767578 0.89601331949234008789 0.89625072479248046875 0.89595782756805419922 0.89515846967697143555 0.89528805017471313477 0.89472228288650512695 0.89382404088973999023 0.8942902684211730957 0.89387464523315429688 0.89383453130722045898 0.89387041330337524414 0.89344966411590576172 0.89151322841644287109 0.89166408777236938477 0.89179503917694091797
-9999 -9999 -9999 -9999 -9999 -9999 -9999 -9999 -9999 -9999 -9999 -9999 -9999 -9999 -9999 -9999 -9999 -9999 -9999 -9999 0.89442282915115356445 0.8938191533088684082 0.893840789794921875 0.89450365304946899414 0.89557343721389770508 0.89512729644775390625 0.89521783590316772461 -9999 0.89605975151062011719 0.89638411998748779297 0.89578098058700561523 0.89650160074234008789 0.89696651697158813477 0.8961384892463684082 0.89717376232147216797 0.8968684077262878418 0.89676988124847412109 0.89544045925140380859 0.89531344175338745117 0.89525616168975830078 0.89439564943313598633 0.89412134885787963867 0.89438778162002563477 0.8941326141357421875 0.89305233955383300781 0.89358597993850708008 0.8927211761474609375 0.89144080877304077148 0.89169967174530029297 0.89165836572647094727
-9999 -9999 -9999 -9999 -9999 -9999 -9999 -9999 -9999 -9999 -9999 -9999 -9999 -9999 -9999 -9999 -9999 -9999 -9999 -9999 0.89498126506805419922 0.89051467180252075195 -9999 -9999 -9999 -9999 -9999 -9999 -9999 0.896396636962890625 0.89697349071502685547 0.89630186557769775391 0.89649802446365356445 0.89694136381149291992 0.89760923385620117188 0.89804464578628540039 0.89714914560317993164 0.89552384614944458008 0.89574885368347167969 0.89597171545028686523 0.89649170637130737305 0.89431077241897583008 0.89384824037551879883 0.89307242631912231445 0.89336264133453369141 0.89275139570236206055 0.89241844415664672852 0.89182066917419433594 0.8920809626579284668 0.8908659815788269043
-9999 -9999 -9999 -9999 -9999 -9999 -9999 -9999 -9999 -9999 -9999 -9999 -9999 -9999 -9999 -9999 -9999 -9999 -9999 -9999 -9999 -9999 -9999 -9999 -9999 -9999 -9999 -9999 -9999 -9999 0.89632719755172729492 0.89615690708160400391 0.89627367258071899414 0.89726215600967407227 0.89805465936660766602 0.89750593900680541992 0.89600670337677001953 0.89613753557205200195 0.89683455228805541992 0.89569360017776489258 0.89554578065872192383 0.89434456825256347656 0.89319318532943725586 0.89341521263122558594 0.89272749423980712891 0.89334756135940551758 0.89236593246459960938 0.89184719324111938477 0.89094954729080200195 0.89060693979263305664
-9999 -9999 -9999 -9999 -9999 -9999 -9999 -9999 -9999 -9999 -9999 -9999 -9999 -9999 -9999 -9999 -9999 -9999 -9999 -9999 -9999 -9999 -9999 -9999 -9999 -9999 -9999 -9999 -9999 -9999 0.8952700495719909668 0.89663523435592651367 0.8975149989128112793 0.8972568511962890625 0.897449493408203125 0.89657497406005859375 0.89673340320587158203 0.89659953117370605469 0.8968372344970703125 0.8953297734260559082 0.89398229122161865234 0.89418464899063110352 0.89298295974731445312 0.89357990026473999023 0.89229506254196166992 0.89204263687133789062 0.8911851048469543457 0.89095360040664672852 0.89112937450408935547 0.8903560638427734375
-9999 -9999 -9999 -9999 -9999 -9999 -9999 -9999 -9999 -9999 -9999 -9999 -9999 -9999 -9999 -9999 -9999 -9999 -9999 -9999 -9999 -9999 -9999 -9999 -9999 -9999 -9999 -9999 -9999 -9999 0.89678341150283813477 0.89734989404678344727 0.89795410633087158203 0.89662826061248779297 0.89579814672470092773 0.89607489109039306641 0.89611685276031494141 0.89647138118743896484 0.89632749557495117188 0.89528578519821166992 0.89467358589172363281 0.89420366287231445312 0.89409881830215454102 0.89368355274200439453 0.89379912614822387695 0.89136588573455810547 0.89252007007598876953 0.89024972915649414062 0.89041912555694580078 0.88964849710464477539
-9999 -9999 -9999 -9999 -9999 -9999 -9999 -9999 -9999 -9999 -9999 -9999 -9999 -9999 -9999 -9999 -9999 -9999 -9999 -9999 -9999 -9999 -9999 -9999 -9999 -9999 -9999 -9999 -9999 -9999 -9999 -9999 -9999 0.89555054903030395508 0.89642828702926635742 0.89718127250671386719 0.89680075645446777344 0.89706218242645263672 0.89576268196105957031 0.89599531888961791992 0.89446079730987548828 0.89448159933090209961 0.89434301853179931641 0.89272451400756835938 0.89258021116256713867 0.88910639286041259766 0.89131838083267211914 0.89002203941345214844 0.89029133319854736328 0.88858866691589355469
-9999 -9999 -9999 -9999 -9999 -9999 -9999 -9999 -9999 -9999 -9999 -9999 -9999 -9999 -9999 -9999 -9999 -9999 -9999 -9999 -9999 -9999 -9999 -9999 -9999 -9999 -9999 -9999 -9999 -9999 -9999 -9999 -9999 0.89627045392990112305 0.89666843414306640625 0.89741629362106323242 0.89692187309265136719 0.8963947296142578125 0.89637917280197143555 0.89632552862167358398 0.89555650949478149414 0.89316803216934204102 0.89307957887649536133 0.8926442265510559082 0.89176207780838012695 0.89102953672409057617 0.89119619131088256836 0.89024549722671508789 0.88976520299911499023 0.88950645923614501953
-9999 -9999 -9999 -9999 -9999 -9999 -9999 -9999 -9999 -9999 -9999 -9999 -9999 -9999 -9999 -9999 -9999 -9999 -9999 -9999 -9999 -9999 -9999 -9999 -9999 -9999 -9999 -9999 -9999 -9999 -9999 -9999 -9999 -9999 0.89675009250640869141 0.89636731147766113281 0.89608311653137207031 0.89630866050720214844 0.89692127704620361328 0.89660674333572387695 0.89486664533615112305 0.89312344789505004883 0.89331454038619995117 0.89207494258880615234 0.89115148782730102539 0.89020258188247680664 0.88826310634613037109 0.88348948955535888672 0.87600636482238769531 0.87853640317916870117
-9999 -9999 -9999 -9999 -9999 -9999 -9999 -9999 -9999 -9999 -9999 -9999 -9999 -9999 -9999 -9999 -9999 -9999 -9999 -9999 -9999 -9999 -9999 -9999 -9999 -9999 -9999 -9999 -9999 -9999 -9999 -9999 -9999 -9999 0.89704298973083496094 0.89648294448852539062 0.8961461186408996582 0.89600062370300292969 0.89517331123352050781 0.89552259445190429688 0.89442247152328491211 0.89419215917587280273 0.89341956377029418945 0.89215105772018432617 0.89087522029876708984 0.88540858030319213867 0.86972767114639282227 0.85116899013519287109 0.88434815406799316406 0.8899008631706237793
-9999 -9999 -9999 -9999 -9999 -9999 -9999 -9999 -9999 -9999 -9999 -9999 -9999 -9999 -9999 -9999 -9999 -9999 -9999 -9999 -9999 -9999 -9999 -9999 -9999 -9999 -9999 -9999 -9999 -9999 -9999 -9999 -9999 -9999 0.89621239900588989258 0.89634042978286743164 0.89568054676055908203 0.89646744728088378906 0.89491605758666992188 0.89485746622085571289 0.89511412382125854492 0.89389693737030029297 0.89298593997955322266 0.89058083295822143555 0.88616979122161865234 0.85304838418960571289 0.85558116436004638672 0.88944602012634277344 0.88939380645751953125 0.8823540806770324707
-9999 -9999 -9999 -9999 -9999 -9999 -9999 -9999 -9999 -9999 -9999 -9999 -9999 -9999 -9999 -9999 -9999 -9999 -9999 -9999 -9999 -9999 -9999 -9999 -9999 -9999 -9999 -9999 -9999 -9999 -9999 -9999 -9999 0.89665085077285766602 0.89626854658126831055 0.896793365478515625 0.89722943305969238281 0.89635348320007324219 0.89525359869003295898 0.89411109685897827148 0.89399701356887817383 0.88961398601531982422 0.8824367523193359375 0.88535356521606445312 0.85060697793960571289 0.84930974245071411133 0.88935607671737670898 0.87589663267135620117 0.87257492542266845703 0.88059282302856445312
-9999 -9999 -9999 -9999 -9999 -9999 -9999 -9999 -9999 -9999 -9999 -9999 -9999 -9999 -9999 -9999 -9999 -9999 -9999 -9999 -9999 -9999 -9999 -9999 -9999 -9999 -9999 -9999 -9999 -9999 -9999 -9999 0.89649558067321777344 0.89704900979995727539 0.89651608467102050781 0.89733904600143432617 0.89654409885406494141 0.8961150050163269043 0.89605253934860229492 0.88903218507766723633 0.85388648509979248047 0.82324582338333129883 0.83667224645614624023 0.86726438999176025391 0.88379818201065063477 0.8943093419075012207 0.89083755016326904297 0.85066455602645874023 0.88799822330474853516 0.87620979547500610352
