OMS_GEOET11/data/Meledrio/4/skyview_4.asc
ncols        217
nrows        238
xllcorner    642442.000000000000
yllcorner    5128288.000000000000
cellsize     30.000000000000
NODATA_value  -9999
[rows 176 to 197 of 238, columns 150 to 199 of 217]
0.56854879856109619141 0.56323081254959106445 0.57209503650665283203 0.56072008609771728516 0.53160154819488525391 0.53651970624923706055 0.5444405674934387207 0.63554883003234863281 0.78031432628631591797 0.80877709388732910156 0.88752198219299316406 0.92081552743911743164 0.90674179792404174805 0.94975250959396362305 0.96091002225875854492 0.95775264501571655273 0.95830583572387695312 0.93737125396728515625 0.93330645561218261719 0.90845143795013427734 0.9420299530029296875 0.94768482446670532227 0.94831830263137817383 0.94502210617065429688 0.91272711753845214844 0.85858708620071411133 0.86322724819183349609 0.88633865118026733398 0.89784997701644897461 0.90123766660690307617 0.86634123325347900391 0.9135977625846862793 0.93319541215896606445 0.92888724803924560547 0.91519820690155029297 0.93478941917419433594 0.92145967483520507812 0.86781096458435058594 0.86900317668914794922 0.87528717517852783203 0.87975996732711791992 0.89121556282043457031 0.89120054244995117188 0.89676100015640258789 0.90059572458267211914 0.90201407670974731445 0.9089514613151550293 0.91302007436752319336 0.91245132684707641602 0.91125518083572387695
0.56042903661727905273 0.56309854984283447266 0.56161254644393920898 0.56218320131301879883 0.522357940673828125 0.52539867162704467773 0.56220567226409912109 0.58902281522750854492 0.66619700193405151367 0.75728303194046020508 0.82431632280349731445 0.89550364017486572266 0.86494410037994384766 0.93508011102676391602 0.96117812395095825195 0.96107244491577148438 0.95532149076461791992 0.95223236083984375 0.94472426176071166992 0.89089751243591308594 0.93995684385299682617 0.94991976022720336914 0.93279087543487548828 0.93168556690216064453 0.91460394859313964844 0.87421929836273193359 0.84909731149673461914 0.88436478376388549805 0.88528418540954589844 0.87911325693130493164 0.89741826057434082031 0.92542326450347900391 0.92106294631958007812 0.90125674009323120117 0.90287202596664428711 0.91118299961090087891 0.90716117620468139648 0.83980786800384521484 0.82783550024032592773 0.8531500697135925293 0.87195909023284912109 0.87603104114532470703 0.87976527214050292969 0.88234817981719970703 0.88995146751403808594 0.89813667535781860352 0.89937108755111694336 0.90593481063842773438 0.90839868783950805664 0.90970110893249511719
0.5501124262809753418 0.56603300571441650391 0.54944437742233276367 0.55184435844421386719 0.53387451171875 0.53389942646026611328 0.59333360195159912109 0.57895094156265258789 0.64396333694458007812 0.69756805896759033203 0.77719104290008544922 0.84042519330978393555 0.84123969078063964844 0.9177544713020324707 0.96006906032562255859 0.9600098729133605957 0.94989073276519775391 0.94858938455581665039 0.94491124153137207031 0.94611775875091552734 0.95165163278579711914 0.94638234376907348633 0.91962593793869018555 0.87899637222290039062 0.89646142721176147461 0.83706796169281005859 0.84756797552108764648 0.87352067232131958008 0.88279128074645996094 0.87825614213943481445 0.89336544275283813477 0.91149842739105224609 0.89752233028411865234 0.87913888692855834961 0.88123995065689086914 0.89908128976821899414 0.89670586585998535156 0.83585238456726074219 0.81002205610275268555 0.83333063125610351562 0.85667055845260620117 0.87162172794342041016 0.86646825075149536133 0.87125229835510253906 0.88089901208877563477 0.88954675197601318359 0.89564949274063110352 0.90000522136688232422 0.9029890894889831543 0.90018534660339355469
0.54294312000274658203 0.55265915393829345703 0.53080004453659057617 0.53585249185562133789 0.53559774160385131836 0.56040251255035400391 0.63950860500335693359 0.57082074880599975586 0.59519541263580322266 0.67472249269485473633 0.6860408782958984375 0.79733002185821533203 0.8259150385856628418 0.87241768836975097656 0.94589912891387939453 0.95771884918212890625 0.93956357240676879883 0.92307466268539428711 0.91827160120010375977 0.94874542951583862305 0.95698392391204833984 0.95154052972793579102 0.91723418235778808594 0.87747055292129516602 0.84189820289611816406 0.79972136020660400391 0.84829223155975341797 0.86726486682891845703 0.867763519287109375 0.8781960606575012207 0.89270639419555664062 0.89234954118728637695 0.88656663894653320312 0.86177587509155273438 0.86490172147750854492 0.89137727022171020508 0.89182186126708984375 0.82826250791549682617 0.81235873699188232422 0.82570064067840576172 0.84624338150024414062 0.86144274473190307617 0.86902338266372680664 0.86472946405410766602 0.87362611293792724609 0.87996822595596313477 0.88739657402038574219 0.88587439060211181641 0.8898321986198425293 0.88963037729263305664
0.50295174121856689453 0.53624314069747924805 0.54482531547546386719 0.53100907802581787109 0.57639962434768676758 0.59447616338729858398 0.61391144990921020508 0.63571029901504516602 0.64830666780471801758 0.62617802619934082031 0.68016362190246582031 0.75793325901031494141 0.77802318334579467773 0.77678340673446655273 0.88213652372360229492 0.88696295022964477539 0.88698267936706542969 0.87012565135955810547 0.88376390933990478516 0.93668854236602783203 0.95705139636993408203 0.95535874366760253906 0.92938518524169921875 0.87970370054244995117 0.85943508148193359375 0.82803517580032348633 0.83741092681884765625 0.86299103498458862305 0.86718946695327758789 0.884136199951171875 0.87026762962341308594 0.88027530908584594727 0.87262815237045288086 0.85023629665374755859 0.85820400714874267578 0.89762121438980102539 0.88672238588333129883 0.83150213956832885742 0.81184637546539306641 0.81523036956787109375 0.8374455571174621582 0.8499228358268737793 0.86673635244369506836 0.85789018869400024414 0.85425269603729248047 0.86980539560317993164 0.87085539102554321289 0.8669598698616027832 0.87567210197448730469 0.87620085477828979492
0.49883982539176940918 0.48818534612655639648 0.53218370676040649414 0.5242595672607421875 0.56115633249282836914 0.57627785205841064453 0.63617062568664550781 0.68572801351547241211 0.6931641697883605957 0.70861405134201049805 0.70172899961471557617 0.73563045263290405273 0.74181365966796875 0.72148633003234863281 0.77169018983840942383 0.71541744470596313477 0.78748369216918945312 0.82763659954071044922 0.87612581253051757812 0.91843146085739135742 0.94570273160934448242 0.95330405235290527344 0.9462992548942565918 0.90816342830657958984 0.86318594217300415039 0.83107531070709228516 0.83868628740310668945 0.84490001201629638672 0.87238425016403198242 0.87307822704315185547 0.87383431196212768555 0.86143118143081665039 0.85750377178192138672 0.83391094207763671875 0.84803068637847900391 0.90776133537292480469 0.88789921998977661133 0.79477018117904663086 0.79660952091217041016 0.78608381748199462891 0.82936942577362060547 0.83804911375045776367 0.85256552696228027344 0.85849606990814208984 0.85335546731948852539 0.86267477273941040039 0.84760385751724243164 0.85802090167999267578 0.85990881919860839844 0.86133795976638793945
0.56960600614547729492 0.47269433736801147461 0.5176480412483215332 0.5208575129508972168 0.51219511032104492188 0.55465155839920043945 0.52466797828674316406 0.60044729709625244141 0.63100022077560424805 0.6511198878288269043 0.67673504352569580078 0.71878063678741455078 0.70244419574737548828 0.66791927814483642578 0.69876271486282348633 0.64322519302368164062 0.73783355951309204102 0.75739425420761108398 0.82412087917327880859 0.87325727939605712891 0.90686565637588500977 0.94500911235809326172 0.95103591680526733398 0.9273427128791809082 0.8792807459831237793 0.83438926935195922852 0.83878248929977416992 0.87473779916763305664 0.87470972537994384766 0.85144829750061035156 0.82307606935501098633 0.81006264686584472656 0.84956276416778564453 0.84472954273223876953 0.84162569046020507812 0.88939768075942993164 0.89422374963760375977 0.81535190343856811523 0.78360575437545776367 0.80054992437362670898 0.83577579259872436523 0.8400809168815612793 0.85260522365570068359 0.85078960657119750977 0.84459441900253295898 0.84903889894485473633 0.84418809413909912109 0.84645742177963256836 0.8487110137939453125 0.84772908687591552734
0.55786478519439697266 0.52265006303787231445 0.49928671121597290039 0.47980865836143493652 0.50981634855270385742 0.54710787534713745117 0.54308903217315673828 0.58259743452072143555 0.59695494174957275391 0.61507189273834228516 0.68854129314422607422 0.69530302286148071289 0.71548092365264892578 0.71284079551696777344 0.70652371644973754883 0.68186861276626586914 0.68807172775268554688 0.66885334253311157227 0.74836170673370361328 0.78009885549545288086 0.8611399531364440918 0.91438043117523193359 0.95025920867919921875 0.93285000324249267578 0.90098738670349121094 0.85244256258010864258 0.85206788778305053711 0.86788362264633178711 0.86460918188095092773 0.8408177495002746582 0.80587673187255859375 0.82365113496780395508 0.85414707660675048828 0.84638231992721557617 0.853649139404296875 0.87334978580474853516 0.88892859220504760742 0.83577865362167358398 0.78375947475433349609 0.80359488725662231445 0.83208000659942626953 0.84424060583114624023 0.84735327959060668945 0.84283244609832763672 0.83336406946182250977 0.83946311473846435547 0.83734840154647827148 0.83542621135711669922 0.83882534503936767578 0.83836245536804199219
0.51145386695861816406 0.43328899145126342773 0.51139181852340698242 0.44899904727935791016 0.46098855137825012207 0.47777733206748962402 0.54724031686782836914 0.59838122129440307617 0.63665461540222167969 0.67288100719451904297 0.71303385496139526367 0.73029440641403198242 0.73888391256332397461 0.73677259683609008789 0.73626315593719482422 0.7322794795036315918 0.72244405746459960938 0.7097466588020324707 0.66677504777908325195 0.74168145656585693359 0.80174535512924194336 0.8269755244255065918 0.92320418357849121094 0.94011127948760986328 0.92156136035919189453 0.86611807346343994141 0.8975842595100402832 0.87938964366912841797 0.86423712968826293945 0.85533845424652099609 0.83571422100067138672 0.85019266605377197266 0.87830001115798950195 0.85892730951309204102 0.85780340433120727539 0.87177145481109619141 0.87648940086364746094 0.82364523410797119141 0.81038546562194824219 0.7939135432243347168 0.83217716217041015625 0.83690947294235229492 0.84273427724838256836 0.83636099100112915039 0.82418811321258544922 0.83779764175415039062 0.82979208230972290039 0.82784330844879150391 0.8208720088005065918 0.82124990224838256836
0.46516126394271850586 0.6134052276611328125 0.59247159957885742188 0.57565784454345703125 0.54839360713958740234 0.5344562530517578125 0.45393466949462890625 0.55101579427719116211 0.56286185979843139648 0.70314568281173706055 0.72854131460189819336 0.73509991168975830078 0.7432339787483215332 0.7387186884880065918 0.74153983592987060547 0.73028272390365600586 0.72728657722473144531 0.72948211431503295898 0.70602297782897949219 0.67598390579223632812 0.72122645378112792969 0.76291269063949584961 0.84655708074569702148 0.93299138545989990234 0.93381577730178833008 0.93081456422805786133 0.92380797863006591797 0.90670925378799438477 0.88452690839767456055 0.87111461162567138672 0.86151754856109619141 0.88448244333267211914 0.87471288442611694336 0.85583990812301635742 0.83757895231246948242 0.8519585728645324707 0.86851221323013305664 0.79627877473831176758 0.77945691347122192383 0.80517941713333129883 0.82545262575149536133 0.83310759067535400391 0.8340594172477722168 0.82858169078826904297 0.8292827606201171875 0.83066129684448242188 0.81866335868835449219 0.81532770395278930664 0.80388426780700683594 0.80723482370376586914
0.56892538070678710938 0.69719028472900390625 0.67556166648864746094 0.67740726470947265625 0.66730272769927978516 0.61216461658477783203 0.58136165142059326172 0.58203107118606567383 0.64617997407913208008 0.72013741731643676758 0.72043901681900024414 0.74017721414566040039 0.74608057737350463867 0.74529743194580078125 0.73433053493499755859 0.72839325666427612305 0.73732274770736694336 0.73764801025390625 0.74370682239532470703 0.7272116541862487793 0.73552709817886352539 0.70556128025054931641 0.76307332515716552734 0.86013972759246826172 0.92609655857086181641 0.9305680394172668457 0.92190557718276977539 0.89769744873046875 0.89790946245193481445 0.90337973833084106445 0.8827991485595703125 0.89922851324081420898 0.89138877391815185547 0.86773830652236938477 0.84477001428604125977 0.83073431253433227539 0.84993940591812133789 0.78769499063491821289 0.74532282352447509766 0.78751075267791748047 0.82088792324066162109 0.82179510593414306641 0.81209892034530639648 0.80915027856826782227 0.82201611995697021484 0.81431859731674194336 0.79890239238739013672 0.79052048921585083008 0.7819703221321105957 0.79689377546310424805
0.56101745367050170898 0.69644814729690551758 0.77194982767105102539 0.82778501510620117188 0.83581393957138061523 0.72328430414199829102 0.63342320919036865234 0.61884635686874389648 0.68731111288070678711 0.74039936065673828125 0.73985713720321655273 0.74052143096923828125 0.74787312746047973633 0.75162035226821899414 0.75296711921691894531 0.74983263015747070312 0.74322968721389770508 0.74072355031967163086 0.76295799016952514648 0.77037978172302246094 0.78145134449005126953 0.77107757329940795898 0.70643466711044311523 0.77400600910186767578 0.86131364107131958008 0.91751557588577270508 0.91247671842575073242 0.89208382368087768555 0.89195019006729125977 0.90579932928085327148 0.89736413955688476562 0.90217000246047973633 0.89385873079299926758 0.86998498439788818359 0.86848592758178710938 0.86186546087265014648 0.87515127658843994141 0.82039701938629150391 0.73467558622360229492 0.75654703378677368164 0.79685002565383911133 0.80438047647476196289 0.81129616498947143555 0.80810034275054931641 0.79034405946731567383 0.78723514080047607422 0.76875311136245727539 0.75641781091690063477 0.750720977783203125 0.76951396465301513672
0.55102455615997314453 0.7413762211799621582 0.86557501554489135742 0.87785053253173828125 0.86281502246856689453 0.82052618265151977539 0.68634796142578125 0.59373754262924194336 0.68946474790573120117 0.73262447118759155273 0.74312978982925415039 0.74148529767990112305 0.75456976890563964844 0.76049846410751342773 0.76145720481872558594 0.757762908935546875 0.73331683874130249023 0.76266652345657348633 0.78254514932632446289 0.78571641445159912109 0.79961639642715454102 0.78663468360900878906 0.75793766975402832031 0.70491176843643188477 0.82218980789184570312 0.90754234790802001953 0.90259319543838500977 0.87683475017547607422 0.86861175298690795898 0.87583303451538085938 0.88453590869903564453 0.88575202226638793945 0.87944799661636352539 0.86669778823852539062 0.8647696375846862793 0.88162618875503540039 0.90592634677886962891 0.91163271665573120117 0.79125994443893432617 0.73148989677429199219 0.78789347410202026367 0.81209582090377807617 0.81578278541564941406 0.80566465854644775391 0.78009802103042602539 0.76537293195724487305 0.68945705890655517578 0.68325328826904296875 0.67203336954116821289 0.69024324417114257812
0.62081485986709594727 0.76747733354568481445 0.88472944498062133789 0.84944939613342285156 0.86053317785263061523 0.87234395742416381836 0.71949672698974609375 0.56804072856903076172 0.66824322938919067383 0.71912330389022827148 0.7414715886116027832 0.74768519401550292969 0.75571966171264648438 0.76901358366012573242 0.7704098820686340332 0.77139109373092651367 0.71650481224060058594 0.78556877374649047852 0.81239306926727294922 0.80119073390960693359 0.80760347843170166016 0.78127902746200561523 0.76746970415115356445 0.72603905200958251953 0.7902901768684387207 0.88865768909454345703 0.89734828472137451172 0.88390940427780151367 0.86970531940460205078 0.8502241969108581543 0.83882707357406616211 0.84666752815246582031 0.85402929782867431641 0.84531325101852416992 0.84028619527816772461 0.86300867795944213867 0.88651126623153686523 0.93883460760116577148 0.86298507452011108398 0.77031576633453369141 0.77216136455535888672 0.80575907230377197266 0.72889238595962524414 -9999 -9999 -9999 -9999 -9999 -9999 -9999
0.7262401580810546875 0.77224749326705932617 0.85919463634490966797 0.83287209272384643555 0.85330176353454589844 0.85702228546142578125 0.76463454961776733398 0.57956653833389282227 0.64612275362014770508 0.71407014131546020508 0.73012953996658325195 0.74837380647659301758 0.76422429084777832031 0.77455216646194458008 0.776744842529296875 0.77972590923309326172 0.77751266956329345703 0.77680003643035888672 0.82464402914047241211 0.81487429141998291016 0.80666553974151611328 0.79036229848861694336 0.78260332345962524414 0.76397091150283813477 0.76272588968276977539 0.8500887751579284668 0.90053081512451171875 0.88551360368728637695 0.87429910898208618164 0.85735994577407836914 0.83682489395141601562 0.83649241924285888672 0.84401410818099975586 0.83569616079330444336 0.83264821767807006836 0.84584158658981323242 0.86796492338180541992 0.89475327730178833008 -9999 -9999 -9999 -9999 -9999 -9999 -9999 -9999 -9999 -9999 -9999 -9999
0.761325836181640625 0.75154703855514526367 0.86952298879623413086 0.81287825107574462891 0.7952912449836730957 0.83392995595932006836 0.82484024763107299805 0.68609338998794555664 0.58183997869491577148 0.67781025171279907227 0.72161245346069335938 0.74144178628921508789 0.75879007577896118164 0.77121871709823608398 0.76316088438034057617 0.77560466527938842773 0.78627747297286987305 0.78545778989791870117 0.82152968645095825195 0.81950849294662475586 0.81179636716842651367 0.80217957496643066406 0.79342347383499145508 0.77789491415023803711 0.76853030920028686523 0.85700041055679321289 0.88522881269454956055 0.88202965259552001953 0.86968588829040527344 0.85895371437072753906 0.83993113040924072266 0.82159626483917236328 0.83174347877502441406 0.83028846979141235352 0.81431692838668823242 0.83412498235702514648 0.85196769237518310547 0.86220383644104003906 -9999 -9999 -9999 -9999 -9999 -9999 -9999 -9999 -9999 -9999 -9999 -9999
0.69483935832977294922 0.71317279338836669922 0.86492228507995605469 0.85225695371627807617 0.77477341890335083008 0.79403865337371826172 0.82710856199264526367 0.76537531614303588867 0.68355756998062133789 0.66918474435806274414 0.71223533153533935547 0.74489539861679077148 0.75848025083541870117 0.78251212835311889648 0.79068815708160400391 0.79134219884872436523 0.79971414804458618164 0.81148451566696166992 0.81516969203948974609 0.80557656288146972656 0.81036609411239624023 0.80976688861846923828 0.78021740913391113281 0.74150097370147705078 0.83735418319702148438 0.8595485687255859375 0.87623941898345947266 0.87814235687255859375 0.87049752473831176758 0.86274892091751098633 0.84560626745223999023 0.8322651982307434082 0.80936646461486816406 0.82546341419219970703 0.81726557016372680664 0.83249777555465698242 0.84880584478378295898 0.85568767786026000977 -9999 -9999 -9999 -9999 -9999 -9999 -9999 -9999 -9999 -9999 -9999 -9999
0.80768048763275146484 0.82855576276779174805 0.89684540033340454102 0.90460425615310668945 0.81166207790374755859 0.75798898935317993164 0.77333158254623413086 0.81007379293441772461 0.70341831445693969727 0.65912145376205444336 0.70208096504211425781 0.7362168431282043457 0.74381124973297119141 0.76776492595672607422 0.81723129749298095703 0.81966572999954223633 0.80158722400665283203 0.8160368800163269043 0.81410062313079833984 0.80080902576446533203 0.81823760271072387695 0.82645571231842041016 0.78541064262390136719 0.72174733877182006836 0.85472321510314941406 0.89330208301544189453 0.88268524408340454102 0.87602484226226806641 0.87223017215728759766 0.86236178874969482422 0.84755247831344604492 0.84576243162155151367 0.83274751901626586914 0.79182982444763183594 0.79857653379440307617 0.82889258861541748047 0.84796792268753051758 0.85844534635543823242 -9999 -9999 -9999 -9999 -9999 -9999 -9999 -9999 -9999 -9999 -9999 -9999
-9999 -9999 -9999 0.95026481151580810547 0.86681163311004638672 0.78841441869735717773 0.76379859447479248047 0.79121643304824829102 0.74654167890548706055 0.68830317258834838867 0.67050778865814208984 0.72871476411819458008 0.77089321613311767578 0.78519439697265625 0.82284879684448242188 0.81580615043640136719 0.79764586687088012695 0.80752664804458618164 0.79994380474090576172 0.77698409557342529297 0.78372722864151000977 0.81485903263092041016 0.78724020719528198242 0.74009966850280761719 0.87415373325347900391 0.88755774497985839844 0.88328665494918823242 0.87880676984786987305 0.87194502353668212891 0.86881911754608154297 0.85108810663223266602 0.84078609943389892578 0.83127421140670776367 0.82086014747619628906 0.75730985403060913086 0.80614858865737915039 0.8371232151985168457 0.8478832244873046875 -9999 -9999 -9999 -9999 -9999 -9999 -9999 -9999 -9999 -9999 -9999 -9999
-9999 -9999 -9999 -9999 0.92845541238784790039 0.82737708091735839844 0.74888283014297485352 0.77075552940368652344 0.76229310035705566406 0.68178325891494750977 0.69740021228790283203 0.74456703662872314453 0.76613485813140869141 0.7800617218017578125 0.8051922917366027832 0.80526894330978393555 0.80251413583755493164 0.78336191177368164062 0.75828349590301513672 0.72511750459671020508 0.77233469486236572266 0.80096513032913208008 0.76916915178298950195 0.83629769086837768555 0.89380955696105957031 0.88906186819076538086 0.88474643230438232422 0.87763839960098266602 0.87584638595581054688 0.86798840761184692383 0.85307282209396362305 0.84649389982223510742 0.83291339874267578125 0.81265687942504882812 0.75724869966506958008 0.78179901838302612305 0.83000177145004272461 0.84747201204299926758 -9999 -9999 -9999 -9999 -9999 -9999 -9999 -9999 -9999 -9999 -9999 -9999
-9999 -9999 -9999 -9999 0.95994269847869873047 0.85935443639755249023 0.75974237918853759766 0.76895081996917724609 0.76897889375686645508 0.71811264753341674805 0.71659106016159057617 0.77196234464645385742 0.77808260917663574219 0.7768567204475402832 0.78978312015533447266 0.80145931243896484375 0.7799396514892578125 0.76470696926116943359 0.78282123804092407227 0.75572317838668823242 0.71258646249771118164 0.70816242694854736328 0.77651083469390869141 0.87298905849456787109 0.89073503017425537109 0.88654029369354248047 0.88230413198471069336 0.88310760259628295898 0.8770281672477722168 0.87050002813339233398 0.85604047775268554688 0.84614294767379760742 0.83317619562149047852 0.82193517684936523438 0.79227483272552490234 0.74772715568542480469 0.81309419870376586914 0.85483920574188232422 -9999 -9999 -9999 -9999 -9999 -9999 -9999 -9999 -9999 -9999 -9999 -9999
-9999 -9999 -9999 -9999 -9999 0.90990144014358520508 0.76823693513870239258 0.71464955806732177734 0.75344526767730712891 0.71590745449066162109 0.74473732709884643555 0.78229737281799316406 0.78890877962112426758 0.78701919317245483398 0.79141461849212646484 0.80310070514678955078 0.77292770147323608398 0.77729278802871704102 0.81491768360137939453 0.84382599592208862305 0.8408514857292175293 0.830051422119140625 0.83423382043838500977 0.84953594207763671875 0.89322274923324584961 0.88367378711700439453 0.88188600540161132812 0.88407468795776367188 0.87862366437911987305 0.86756056547164916992 0.85536235570907592773 0.84633809328079223633 0.84277933835983276367 0.82646811008453369141 0.80499833822250366211 0.74292892217636108398 0.79978674650192260742 0.86252152919769287109 -9999 -9999 -9999 -9999 -9999 -9999 -9999 -9999 -9999 -9999 -9999 -9999
