OMS_GEOET11/data/Meledrio/3/DEM_3.asc
ncols        499
nrows        494
xllcorner    629842.000000000000
yllcorner    5121898.000000000000
cellsize     30.000000000000
NODATA_value  -9999
[rows 440 to 461 of 494, columns 100 to 149 of 499]
2442.405029296875 2466.24609375 2487.636962890625 2515.458984375 2500.949951171875 2500.949951171875 2491.4609375 2477.031982421875 2448.343994140625 2420.97509765625 2397.406005859375 2381.68798828125 2370.118896484375 2363.050048828125 2357.930908203125 2362.202880859375 2347.674072265625 2330.31494140625 2316.756103515625 2306.298095703125 2300.868896484375 2295 2286.672119140625 2279.613037109375 2276.694091796875 2281.68505859375 2285.116943359375 2288.697998046875 2287.739990234375 2290.612060546875 2295.992919921875 2296.60498046875 2279.2470703125 2270.097900390625 2254.699951171875 2257.422119140625 2271.623046875 2282.60498046875 2294.406982421875 2302.51806640625 2310.31005859375 2324.65087890625 2334.98291015625 2351.675048828125 2369.916015625 2408.298095703125 2417.219970703125 2423.281005859375 2433.822998046875 2444.56494140625
2449.554931640625 2486.055908203125 2507.9580078125 2526.85888671875 2515.31005859375 2515.31005859375 2498.81201171875 2475.79296875 2446.89404296875 2424.965087890625 2407.47705078125 2392.508056640625 2384.12890625 2376.739990234375 2371.802001953125 2377.403076171875 2359.18408203125 2341.865966796875 2326.7470703125 2317.16796875 2314.458984375 2305.381103515625 2297.761962890625 2293.31298828125 2289.824951171875 2294.166015625 2296.76708984375 2301.7490234375 2302.1708984375 2306.931884765625 2310.1640625 2303.705078125 2289.9970703125 2278.698974609375 2271.699951171875 2278.302001953125 2290.803955078125 2296.4951171875 2305.507080078125 2315.779052734375 2324.52001953125 2339.612060546875 2360.35400390625 2367.77490234375 2380.636962890625 2434.948974609375 2447.06005859375 2443.072021484375 2450.52294921875 2460.4951171875
2469.10595703125 2499.93701171875 2527.818115234375 2542.8291015625 2519.041015625 2519.041015625 2492.922119140625 2471.593017578125 2449.7548828125 2431.49609375 2416.576904296875 2404.387939453125 2397.510009765625 2390.94091796875 2385.751953125 2384.04296875 2369.35498046875 2352.51611328125 2340.06689453125 2332.908935546875 2327.860107421875 2317.4609375 2310.1630859375 2304.364013671875 2304.56494140625 2307.74609375 2308.008056640625 2312.698974609375 2315.06103515625 2314.492919921875 2314.75390625 2302.595947265625 2295.028076171875 2287.138916015625 2286.77099609375 2293.863037109375 2300.114013671875 2309.97607421875 2317.876953125 2328.279052734375 2339.220947265625 2352.342041015625 2367.593994140625 2381.14599609375 2398.717041015625 2444.549072265625 2465.02099609375 2460.35205078125 2466.98388671875 2478.18505859375
2489.0458984375 2504.297119140625 2530.72802734375 2559.739990234375 2536.14111328125 2536.14111328125 2509.152099609375 2481.714111328125 2456.43505859375 2442.216064453125 2428.717041015625 2419.64892578125 2412.510009765625 2405.77099609375 2398.742919921875 2390.35400390625 2376.465087890625 2360.006103515625 2350.837890625 2343.319091796875 2338.52001953125 2335.112060546875 2321.863037109375 2320.39404296875 2315.035888671875 2317.20703125 2318.968017578125 2323.699951171875 2324.9619140625 2323.822998046875 2322.5849609375 2309.01611328125 2309.10791015625 2299.949951171875 2297.7109375 2308.77294921875 2312.705078125 2320.416015625 2329.258056640625 2340.3798828125 2351.200927734375 2363.492919921875 2385.81396484375 2395.035888671875 2409.76806640625 2458.59912109375 2476.0810546875 2470.843017578125 2483.52392578125 2493.5458984375
2497.486083984375 2525.9580078125 2546.658935546875 2574.85009765625 2550.89111328125 2550.89111328125 2513.60302734375 2486.283935546875 2464.97509765625 2450.697021484375 2440.14794921875 2433.8291015625 2427.75 2420.781982421875 2412.462890625 2405.533935546875 2394.72607421875 2376.427001953125 2364.468017578125 2354.47998046875 2352.7509765625 2345.531982421875 2333.0439453125 2330.074951171875 2328.325927734375 2329.927001953125 2336.60888671875 2339.429931640625 2337.39208984375 2329.593994140625 2329.594970703125 2315.4970703125 2321.9990234375 2316.5400390625 2316.011962890625 2322.863037109375 2318.425048828125 2328.95703125 2339.258056640625 2350.10009765625 2362.31201171875 2374.85302734375 2387.534912109375 2406.3369140625 2420.077880859375 2454.320068359375 2473.551025390625 2487.742919921875 2499.175048828125 2508.85595703125
2506.18701171875 2533.528076171875 2571.259033203125 2594.4599609375 2561.7919921875 2561.7919921875 2534.18310546875 2500.52392578125 2475.5859375 2462.886962890625 2456.137939453125 2450.1201171875 2443.56103515625 2438.241943359375 2437.81298828125 2422.27490234375 2410.615966796875 2392.70703125 2378.029052734375 2369.5 2364.9208984375 2357.012939453125 2348.43408203125 2345.905029296875 2340.797119140625 2343.248046875 2348.93896484375 2355.180908203125 2350.89306640625 2346.993896484375 2339.49609375 2325.89697265625 2331.12890625 2333.131103515625 2329.261962890625 2334.10400390625 2330.68603515625 2340.717041015625 2347.9990234375 2361.030029296875 2372.802001953125 2386.533935546875 2401.074951171875 2413.547119140625 2433.22900390625 2452.030029296875 2470.56201171875 2489.693115234375 2505.3349609375 2519.596923828125
2493.197021484375 2530.008056640625 2568.929931640625 2614.89111328125 2583.73193359375 2583.73193359375 2543.23291015625 2503.705078125 2488.006103515625 2478.89697265625 2470.958984375 2466.56005859375 2459.6708984375 2458.962890625 2459.9140625 2436.7451171875 2422.007080078125 2407.318115234375 2395.62890625 2384.090087890625 2382.64208984375 2374.02294921875 2359.52490234375 2356.2958984375 2354.376953125 2354.988037109375 2360.739990234375 2365.52099609375 2366.383056640625 2360.215087890625 2347.216064453125 2342.2080078125 2349.7900390625 2360.31103515625 2349.693115234375 2344.06396484375 2350.595947265625 2352.43798828125 2355.22900390625 2371.381103515625 2385.14306640625 2399.093994140625 2415.2958984375 2427.007080078125 2442.759033203125 2460.06103515625 2473.56201171875 2489.134033203125 2508.9951171875 2525.507080078125
2458.81689453125 2493.509033203125 2553.39990234375 2595.091064453125 2588.962890625 2588.962890625 2553.50390625 2516.52490234375 2505.115966796875 2493.468017578125 2488.68896484375 2483.510009765625 2480.912109375 2474.153076171875 2465.31396484375 2452.756103515625 2438.527099609375 2425.778076171875 2412.580078125 2401.910888671875 2398.592041015625 2387.68408203125 2371.135009765625 2366.6259765625 2364.367919921875 2366.09912109375 2368.330078125 2376.1220703125 2382.7041015625 2372.574951171875 2358.257080078125 2363.14794921875 2373.840087890625 2379.471923828125 2365.93310546875 2355.945068359375 2363.677001953125 2366.35791015625 2393.929931640625 2419.551025390625 2397.79296875 2411.43505859375 2427.72607421875 2442.64794921875 2454.299072265625 2472.77099609375 2492.43310546875 2496.964111328125 2506.095947265625 2523.758056640625
2437.80810546875 2500.069091796875 2571.449951171875 2605.092041015625 2597.35302734375 2597.35302734375 2558.39404296875 2534.406005859375 2521.156982421875 2509.39794921875 2506.179931640625 2501.3310546875 2496.5419921875 2489.43310546875 2489.4150390625 2469.805908203125 2457.35693359375 2444.60888671875 2442.719970703125 2422.73095703125 2413.472900390625 2404.013916015625 2382.966064453125 2378.656982421875 2373.447998046875 2377.60009765625 2386.5810546875 2391.04296875 2395.864013671875 2385.39599609375 2379.72705078125 2379.5791015625 2392.410888671875 2397.362060546875 2377.743896484375 2375.554931640625 2381.177001953125 2386.198974609375 2423.60009765625 2423.912109375 2416.722900390625 2419.925048828125 2437.656982421875 2456.318115234375 2470.199951171875 2481.152099609375 2512.5830078125 2518.784912109375 2521.06591796875 2535.117919921875
2440.1279296875 2491.2890625 2575.430908203125 2626.241943359375 2598.43310546875 2598.43310546875 2573.445068359375 2551.926025390625 2534.697021484375 2528.198974609375 2525.780029296875 2519.4609375 2511.7529296875 2504.674072265625 2512.804931640625 2511.2470703125 2481.677978515625 2466.37890625 2459.9208984375 2454.302001953125 2430.532958984375 2416.1650390625 2397.196044921875 2391.06689453125 2389.658935546875 2394.919921875 2399.410888671875 2406.52294921875 2404.72509765625 2391.986083984375 2393.14794921875 2409.968994140625 2421.9208984375 2405.512939453125 2394.00390625 2395.10595703125 2393.68701171875 2404.34912109375 2415.44091796875 2430.85205078125 2437.5439453125 2447.095947265625 2484.636962890625 2480.509033203125 2486.9599609375 2499.572021484375 2535.9140625 2536.485107421875 2534.7470703125 2542.028076171875
2439.35791015625 2478.219970703125 2552.291015625 2610.02197265625 2609.50390625 2609.50390625 2582.8349609375 2584.825927734375 2552.718017578125 2546.569091796875 2544.2099609375 2536.7119140625 2526.693115234375 2521.513916015625 2529.5458984375 2536.427001953125 2516.55810546875 2488.35009765625 2477.87109375 2468.912109375 2464.714111328125 2430.824951171875 2412.297119140625 2404.077880859375 2405.428955078125 2410.1708984375 2412.06201171875 2421.833984375 2417.68505859375 2407.177001953125 2419.41796875 2429.929931640625 2432.322021484375 2414.373046875 2418.514892578125 2411.72607421875 2410.798095703125 2415.330078125 2420.94091796875 2435.863037109375 2463.18408203125 2504.595947265625 2515.087890625 2517.51904296875 2514.90087890625 2521.58203125 2561.243896484375 2554.216064453125 2553.076904296875 2558.759033203125
2437.05908203125 2490.820068359375 2544.2109375 2599.822998046875 2636.60400390625 2636.60400390625 2627.31494140625 2597.507080078125 2573.468017578125 2566.01904296875 2562.65087890625 2553.572021484375 2539.383056640625 2540.455078125 2548.966064453125 2553.31689453125 2526.76904296875 2505.5 2492.60205078125 2480.222900390625 2481.593994140625 2449.51611328125 2428.967041015625 2419.068115234375 2423.330078125 2427.8310546875 2428.912109375 2436.8740234375 2432.35595703125 2426.737060546875 2431.47900390625 2431.81005859375 2431.181884765625 2422.243896484375 2430.5849609375 2427.06689453125 2423.218017578125 2427.919921875 2434.612060546875 2449.322998046875 2507.864990234375 2516.416015625 2530.637939453125 2548.679931640625 2542.81103515625 2543.29296875 2584.404052734375 2582.68603515625 2572.008056640625 2565.178955078125
2453.47900390625 2494.139892578125 2562.681884765625 2616.702880859375 2658.52392578125 2658.52392578125 2653.51611328125 2623.7470703125 2598.617919921875 2586.389892578125 2581.861083984375 2568.0419921875 2561.31396484375 2561.445068359375 2563.656982421875 2564.39794921875 2543.6689453125 2521.361083984375 2507.652099609375 2496.173095703125 2491.7451171875 2454.7958984375 2438.39794921875 2433.049072265625 2437.56005859375 2442.261962890625 2445.843017578125 2449.425048828125 2432.666015625 2444.637939453125 2453.76904296875 2451.381103515625 2440.54296875 2437.81396484375 2438.51611328125 2435.47705078125 2434.14892578125 2441.989990234375 2448.342041015625 2462.833984375 2515.044921875 2524.93701171875 2541.677978515625 2575.570068359375 2573.902099609375 2578.77294921875 2602.885009765625 2608.0458984375 2588.26806640625 2574.669921875
2437.259033203125 2505.220947265625 2570.422119140625 2602.202880859375 2623.655029296875 2623.655029296875 2657.6259765625 2644.43701171875 2623.388916015625 2604.179931640625 2599.672119140625 2612.9130859375 2589.64404296875 2583.02587890625 2577.18701171875 2569.068115234375 2552.219970703125 2547.781005859375 2556.19189453125 2524.343994140625 2493.68505859375 2464.467041015625 2446.14794921875 2450.208984375 2453.051025390625 2455.342041015625 2456.5029296875 2459.43505859375 2457.136962890625 2467.248046875 2467.090087890625 2461.781005859375 2461.29296875 2458.625 2453.156005859375 2443.677978515625 2440.47900390625 2454.281005859375 2465.373046875 2510.464111328125 2524.18603515625 2535.007080078125 2551.2890625 2593.27001953125 2611.89208984375 2604.583984375 2634.554931640625 2636.35693359375 2593.91796875 2582.780029296875
2479.739990234375 2508.4208984375 2550.511962890625 2584.323974609375 2613.7451171875 2613.7451171875 2654.756103515625 2662.117919921875 2635.968994140625 2625.410888671875 2675.201904296875 2647.54296875 2608.294921875 2602.676025390625 2590.93701171875 2578.198974609375 2569.260009765625 2575.052001953125 2578.93310546875 2535.013916015625 2497.166015625 2474.7470703125 2455.89794921875 2463.159912109375 2466.02099609375 2465.73291015625 2477.23388671875 2462.176025390625 2479.037109375 2480.2890625 2478.659912109375 2474.221923828125 2470.14404296875 2467.014892578125 2456.326904296875 2450.528076171875 2457.669921875 2466.23095703125 2481.02294921875 2522.2548828125 2538.555908203125 2550.238037109375 2588.468994140625 2629.10107421875 2664.072998046875 2663.81396484375 2671.8759765625 2643.51708984375 2602.85888671875 2589.050048828125
2497.3701171875 2522.5009765625 2562.202880859375 2604.0439453125 2640.054931640625 2640.054931640625 2669.616943359375 2681.89794921875 2662.889892578125 2662.89111328125 2698.491943359375 2677.35400390625 2632.985107421875 2619.14599609375 2605.197998046875 2589.09912109375 2579.62109375 2587.44189453125 2577.822998046875 2532.97509765625 2503.85595703125 2479.85791015625 2465.2890625 2477.60009765625 2483.842041015625 2481.4130859375 2491.985107421875 2470.47607421875 2483.55810546875 2488.948974609375 2486.77099609375 2482.7119140625 2476.174072265625 2465.825927734375 2465.2470703125 2457.87890625 2468.840087890625 2481.39208984375 2512.10302734375 2535.4951171875 2553.376953125 2571.488037109375 2607.409912109375 2663.381103515625 2692.883056640625 2701.074951171875 2678.656005859375 2641.01806640625 2616.0791015625 2602.06103515625
2498.9599609375 2538.971923828125 2572.27294921875 2625.553955078125 2653.615966796875 2653.615966796875 2702.43701171875 2699.8291015625 2679.2099609375 2711.35107421875 2720.322998046875 2695.303955078125 2665.135986328125 2639.116943359375 2627.697998046875 2612.340087890625 2595.200927734375 2594.02197265625 2557.634033203125 2527.18505859375 2505.507080078125 2487.6279296875 2476.118896484375 2496.450927734375 2501.73193359375 2492.93408203125 2492.364990234375 2491.447021484375 2494.407958984375 2494.219970703125 2494.821044921875 2488.722900390625 2481.705078125 2470.555908203125 2466.97802734375 2466.62890625 2482.0009765625 2496.23193359375 2521.7939453125 2551.426025390625 2564.136962890625 2582.569091796875 2636.080078125 2681.362060546875 2712.032958984375 2724.034912109375 2684.4169921875 2649.157958984375 2632.06005859375 2620.52099609375
2464.19091796875 2551.10205078125 2586.873046875 2628.985107421875 2647.696044921875 2647.696044921875 2698.087890625 2727.739013671875 2707.5 2766.052001953125 2746.06298828125 2712.715087890625 2687.805908203125 2686.737060546875 2656.14892578125 2626.800048828125 2591.261962890625 2564.242919921875 2544.884033203125 2522.68603515625 2503.26708984375 2490.2080078125 2495.3701171875 2510.0009765625 2512.6630859375 2510.513916015625 2510.0859375 2503.14697265625 2502.62890625 2501.590087890625 2496.531982421875 2493.383056640625 2484.844970703125 2472.68701171875 2472.637939453125 2479.169921875 2497.52099609375 2515.29296875 2533.72412109375 2569.595947265625 2580.657958984375 2608.239013671875 2654.341064453125 2691.342041015625 2727.384033203125 2717.77490234375 2685.576904296875 2663.64892578125 2644.85009765625 2638.431884765625
2458.281005859375 2529.322021484375 2570.884033203125 2612.294921875 2638.326904296875 2638.326904296875 2691.657958984375 2733.01904296875 2770.10107421875 2769.89208984375 2743.98388671875 2700.8349609375 2668.345947265625 2649.2080078125 2636.069091796875 2600.4208984375 2580.672119140625 2556.93310546875 2539.18505859375 2522.365966796875 2507.867919921875 2505.68896484375 2516.669921875 2516.672119140625 2514.693115234375 2510.875 2511.24609375 2511.35791015625 2506.60888671875 2501.87109375 2499.882080078125 2493.35400390625 2481.284912109375 2481.116943359375 2481.138916015625 2496.219970703125 2513.2919921875 2536.472900390625 2573.864990234375 2582.1259765625 2595.837890625 2642.31005859375 2662.39111328125 2700.762939453125 2741.783935546875 2708.7060546875 2686.537109375 2664.158935546875 2654.75 2651.132080078125
2475.510986328125 2545.5029296875 2576.303955078125 2610.8759765625 2644.096923828125 2644.096923828125 2682.827880859375 2728.489990234375 2733.1708984375 2735.39306640625 2701.8740234375 2670.054931640625 2644.777099609375 2628.577880859375 2607.72998046875 2590.571044921875 2569.662109375 2550.964111328125 2531.1650390625 2520.5869140625 2512.14794921875 2521.5390625 2519.2509765625 2517.072021484375 2513.243896484375 2510.735107421875 2509.467041015625 2508.8779296875 2504.52001953125 2507.62109375 2500.282958984375 2492.194091796875 2489.535888671875 2491.5380859375 2493.89892578125 2514.0810546875 2534.181884765625 2564.18408203125 2589.675048828125 2595.306884765625 2612.2080078125 2642.219970703125 2671.73193359375 2717.322998046875 2729.794921875 2701.946044921875 2686.8779296875 2674.34912109375 2666.611083984375 2661.4619140625
2499.33203125 2552.27294921875 2578.464111328125 2606.64599609375 2642.507080078125 2642.507080078125 2704.51904296875 2744.0400390625 2728.501953125 2699.222900390625 2672.89404296875 2652.696044921875 2632.4169921875 2616.4189453125 2598.989990234375 2580.5810546875 2564.23291015625 2545.43408203125 2529.406005859375 2523.97705078125 2523.80908203125 2524.02001953125 2520.910888671875 2516.992919921875 2513.134033203125 2509.416015625 2503.83203125 2503.83203125 2503.83203125 2505.862060546875 2499.98291015625 2490.445068359375 2493.595947265625 2504.7080078125 2510.090087890625 2529.8310546875 2545.89306640625 2562.1640625 2597.916015625 2613.2470703125 2624.678955078125 2650.5 2704.5419921875 2726.343994140625 2720.31494140625 2700.97705078125 2694.818115234375 2689.179931640625 2680.40087890625 2672.383056640625
2528.3720703125 2559.383056640625 2600.324951171875 2641.075927734375 2656.218017578125 2656.218017578125 2689.759033203125 2732.23095703125 2737.001953125 2696.443115234375 2662.10498046875 2641.426025390625 2623.7080078125 2606.509033203125 2591.2099609375 2574.152099609375 2556.81298828125 2538.955078125 2526.656005859375 2534.367919921875 2536.198974609375 2527.4599609375 2522.19189453125 2519.653076171875 2512.4150390625 2505.89599609375 2503.83203125 2503.83203125 2503.83203125 2503.83203125 2501.64404296875 2504.7451171875 2507.717041015625 2514.22900390625 2524.139892578125 2538.931884765625 2559.093017578125 2574.824951171875 2602.06591796875 2630.0380859375 2638.319091796875 2668.5009765625 2715.2919921875 2724.35400390625 2717.555908203125 2700.22705078125 2699.0791015625 2705.820068359375 2694.471923828125 2689.173095703125
