OMS_GEOET11/data/Meledrio/3/DEM_3.asc
ncols        499
nrows        494
xllcorner    629842.000000000000
yllcorner    5121898.000000000000
cellsize     30.000000000000
NODATA_value  -9999
[rows 154 to 175 of 494, columns 300 to 349 of 499]
1430.739013671875 1447.48095703125 1459.863037109375 1473.2449951171875 1480.237060546875 1485.3089599609375 1489.77099609375 1489.7130126953125 1490.2550048828125 1491.5970458984375 1492.51904296875 1491.6309814453125 1497.6929931640625 1497.7349853515625 1498.967041015625 1500.6090087890625 1498.0909423828125 1500.85302734375 1505.594970703125 1511.987060546875 1515.93896484375 1516.3509521484375 1523.262939453125 1526.43505859375 1529.68701171875 1529.259033203125 1523.4510498046875 1517.27294921875 1512.9549560546875 1507.22705078125 1498.8089599609375 1496.6209716796875 1483.5830078125 1461.6650390625 1439.22705078125 1436.1190185546875 1450.5810546875 1464.29296875 1470.4749755859375 1468.3170166015625 1473.779052734375 1471.5009765625 1462.6429443359375 1453.7550048828125 1438.126953125 1422.2889404296875 1404.98095703125 1383.373046875 1361.2550048828125 1344.7969970703125
1428.1800537109375 1441.862060546875 1454.823974609375 1462.0860595703125 1468.1180419921875 1469.9000244140625 1470.8719482421875 1473.053955078125 1475.2559814453125 1475.41796875 1475.4300537109375 1477.9019775390625 1483.884033203125 1484.345947265625 1484.5780029296875 1486.219970703125 1486.112060546875 1491.7440185546875 1495.85595703125 1494.5880126953125 1499.68994140625 1506.1619873046875 1507.654052734375 1513.2960205078125 1513.2879638671875 1512.9000244140625 1512.33203125 1507.9940185546875 1504.89599609375 1497.137939453125 1486.9200439453125 1479.4320068359375 1474.6739501953125 1455.885986328125 1433.508056640625 1416.47998046875 1432.9420166015625 1449.2139892578125 1453.9859619140625 1452.3079833984375 1452.97998046875 1452.8819580078125 1443.1939697265625 1433.2559814453125 1421.6180419921875 1405.75 1387.56201171875 1366.7840576171875 1354.0059814453125 1331.18798828125
1428.8599853515625 1441.9019775390625 1446.553955078125 1449.885986328125 1454.8280029296875 1452.239990234375 1452.4219970703125 1454.573974609375 1457.5360107421875 1456.488037109375 1457.550048828125 1461.741943359375 1465.9339599609375 1468.5860595703125 1469.43798828125 1468.9100341796875 1476.1319580078125 1483.093994140625 1483.5260009765625 1481.927978515625 1481.3699951171875 1487.281982421875 1493.1240234375 1494.7659912109375 1494.5379638671875 1493.5799560546875 1493.302001953125 1492.35400390625 1488.2659912109375 1484.218017578125 1477.4000244140625 1465.2020263671875 1453.7640380859375 1447.89599609375 1426.218017578125 1401.5899658203125 1416.031982421875 1431.5040283203125 1436.7559814453125 1435.907958984375 1432.25 1431.741943359375 1426.4539794921875 1414.4659423828125 1401.5279541015625 1391.949951171875 1374.862060546875 1356.4840087890625 1332.885986328125 1318.3280029296875
1421.800048828125 1435.342041015625 1437.4840087890625 1438.696044921875 1438.3280029296875 1437.3399658203125 1435.302001953125 1436.14404296875 1439.7359619140625 1441.697998046875 1443.2900390625 1443.862060546875 1447.7540283203125 1453.4560546875 1454.8079833984375 1456.4000244140625 1461.822021484375 1471.7039794921875 1466.156005859375 1462.66796875 1458.239990234375 1468.6920166015625 1475.4940185546875 1477.5260009765625 1478.3580322265625 1477.8199462890625 1473.3819580078125 1473.343994140625 1471.0560302734375 1467.39794921875 1460.780029296875 1455.741943359375 1445.083984375 1426.7459716796875 1415.7080078125 1396.199951171875 1399.7320556640625 1412.884033203125 1418.416015625 1423.3780517578125 1415.7099609375 1416.822021484375 1407.7239990234375 1397.1259765625 1384.238037109375 1373.1500244140625 1362.822021484375 1343.583984375 1320.0059814453125 1300.8580322265625
1411.6099853515625 1427.011962890625 1426.4339599609375 1425.0159912109375 1423.5980224609375 1421.5 1419.6719970703125 1419.9739990234375 1422.9759521484375 1425.2779541015625 1426.6300048828125 1428.4320068359375 1432.9239501953125 1438.845947265625 1443.0980224609375 1449.9100341796875 1447.302001953125 1455.803955078125 1446.7459716796875 1433.407958984375 1434.18994140625 1444.1419677734375 1455.4339599609375 1461.365966796875 1460.008056640625 1455.449951171875 1445.7220458984375 1448.154052734375 1451.7860107421875 1446.718017578125 1443.030029296875 1438.322021484375 1427.2340087890625 1413.845947265625 1404.14794921875 1384.449951171875 1381.9420166015625 1397.303955078125 1404.0059814453125 1408.3280029296875 1400.239990234375 1399.592041015625 1388.7939453125 1378.5059814453125 1366.68798828125 1354.81005859375 1343.6920166015625 1328.56396484375 1309.9659423828125 1289.64794921875
1409.9510498046875 1414.10302734375 1413.385009765625 1413.217041015625 1410.6590576171875 1407.6409912109375 1406.282958984375 1406.0250244140625 1407.7869873046875 1410.198974609375 1412.5810546875 1414.843017578125 1420.10498046875 1424.95703125 1433.1090087890625 1437.9010009765625 1434.6829833984375 1440.125 1423.5770263671875 1409.208984375 1413.760986328125 1421.9129638671875 1434.64501953125 1438.3270263671875 1437.678955078125 1429.821044921875 1422.873046875 1427.85498046875 1430.68701171875 1428.18896484375 1426.6910400390625 1422.133056640625 1415.125 1396.8370361328125 1383.958984375 1372.2110595703125 1369.2030029296875 1382.2650146484375 1392.1070556640625 1392.448974609375 1388.3809814453125 1382.31298828125 1372.31494140625 1361.3070068359375 1350.2490234375 1337.27099609375 1323.1429443359375 1311.094970703125 1295.386962890625 1273.9990234375
1398.510986328125 1400.02294921875 1401.2550048828125 1400.39697265625 1398.5789794921875 1396.3709716796875 1394.8330078125 1395.114990234375 1396.95703125 1397.509033203125 1399.8409423828125 1403.7230224609375 1407.14501953125 1414.2769775390625 1421.279052734375 1421.0909423828125 1421.2330322265625 1418.385009765625 1409.136962890625 1389.0789794921875 1390.220947265625 1399.4830322265625 1414.594970703125 1417.0770263671875 1416.2889404296875 1406.8310546875 1399.54296875 1407.2850341796875 1408.2569580078125 1406.01904296875 1408.0009765625 1404.863037109375 1399.9549560546875 1381.677001953125 1366.0489501953125 1353.301025390625 1361.4930419921875 1370.2650146484375 1377.5670166015625 1374.4990234375 1369.470947265625 1362.0830078125 1353.56494140625 1345.5570068359375 1334.948974609375 1321.2110595703125 1304.04296875 1289.1650390625 1276.3470458984375 1258.218994140625
1390.2509765625 1389.7430419921875 1390.635009765625 1389.0169677734375 1385.3990478515625 1383.8609619140625 1384.02294921875 1385.1949462890625 1385.9969482421875 1383.198974609375 1388.98095703125 1388.10302734375 1392.655029296875 1403.4169921875 1406.6490478515625 1405.81103515625 1404.863037109375 1405.925048828125 1386.64697265625 1367.279052734375 1368.7110595703125 1384.012939453125 1394.324951171875 1392.7669677734375 1389.448974609375 1381.571044921875 1375.633056640625 1384.675048828125 1385.7969970703125 1384.1390380859375 1386.4110107421875 1384.4029541015625 1381.2349853515625 1366.717041015625 1349.4990234375 1337.551025390625 1349.072998046875 1352.9549560546875 1356.927001953125 1354.68896484375 1347.6409912109375 1342.7030029296875 1340.56494140625 1330.8170166015625 1317.1090087890625 1299.1009521484375 1282.1929931640625 1270.35498046875 1255.6669921875 1240.7989501953125
1375.8909912109375 1378.1629638671875 1379.3050537109375 1377.5670166015625 1374.6490478515625 1373.490966796875 1373.6829833984375 1374.68505859375 1373.697021484375 1373.1090087890625 1372.4210205078125 1372.56298828125 1380.135009765625 1389.43701171875 1390.3189697265625 1388.4310302734375 1389.54296875 1387.0450439453125 1370.7869873046875 1347.7889404296875 1348.5810546875 1365.56298828125 1374.2049560546875 1364.177001953125 1361.97900390625 1355.0810546875 1354.4429931640625 1361.2650146484375 1362.18701171875 1363.448974609375 1366.3310546875 1364.9830322265625 1360.125 1349.116943359375 1333.029052734375 1327.8509521484375 1325.2430419921875 1333.9949951171875 1338.5069580078125 1334.2989501953125 1332.510986328125 1327.81298828125 1324.125 1309.97705078125 1294.718994140625 1278.4510498046875 1264.31298828125 1249.2950439453125 1234.427001953125 1220.448974609375
1363.8819580078125 1364.6639404296875 1365.5260009765625 1368.16796875 1364.6700439453125 1363.3719482421875 1363.7239990234375 1363.7760009765625 1360.3680419921875 1360.0799560546875 1358.9320068359375 1360.85400390625 1370.4659423828125 1372.1180419921875 1371.9000244140625 1371.60205078125 1369.10400390625 1366.68603515625 1347.988037109375 1330.77001953125 1328.1319580078125 1345.10400390625 1349.7159423828125 1337.8780517578125 1338.25 1332.52197265625 1333.384033203125 1339.0260009765625 1338.5279541015625 1343.2900390625 1348.9320068359375 1347.5240478515625 1339.824951171875 1332.0069580078125 1316.759033203125 1310.3709716796875 1305.81298828125 1324.574951171875 1321.5970458984375 1319.0889892578125 1317.260986328125 1313.9530029296875 1301.135009765625 1285.927001953125 1271.6590576171875 1256.781005859375 1240.85302734375 1222.844970703125 1213.6070556640625 1200.76904296875
1349.822021484375 1349.0439453125 1348.926025390625 1349.2879638671875 1350.93994140625 1352.7320556640625 1353.89404296875 1348.3759765625 1346.64794921875 1348.2900390625 1347.781982421875 1352.7640380859375 1355.4859619140625 1354.5479736328125 1354.1099853515625 1352.4720458984375 1350.5240478515625 1349.3160400390625 1327.3280029296875 1303.4599609375 1305.7320556640625 1320.833984375 1321.5660400390625 1310.3380126953125 1312.3800048828125 1310.4820556640625 1311.634033203125 1316.8160400390625 1315.498046875 1326.3199462890625 1327.011962890625 1330.333984375 1325.5860595703125 1314.7979736328125 1300.8499755859375 1290.58203125 1293.0340576171875 1305.2459716796875 1296.14794921875 1296.030029296875 1298.011962890625 1294.803955078125 1270.5760498046875 1261.3580322265625 1246.1099853515625 1228.31201171875 1215.4139404296875 1200.406005859375 1189.3380126953125 1177.4100341796875
1339.8719482421875 1338.0240478515625 1337.2559814453125 1338.3580322265625 1341.550048828125 1339.6219482421875 1337.2740478515625 1334.3160400390625 1333.0679931640625 1332.780029296875 1334.072021484375 1338.2840576171875 1340.10595703125 1338.6080322265625 1336.72998046875 1333.241943359375 1332.56396484375 1332.135986328125 1299.637939453125 1292.43994140625 1282.27197265625 1292.4840087890625 1294.0760498046875 1283.8780517578125 1284.050048828125 1282.4119873046875 1288.39404296875 1292.4659423828125 1297.988037109375 1309.699951171875 1307.4320068359375 1309.7239990234375 1309.5460205078125 1299.2779541015625 1282.93994140625 1271.4320068359375 1284.053955078125 1289.0560302734375 1273.488037109375 1268.739990234375 1265.56201171875 1262.5140380859375 1241.2760009765625 1229.8780517578125 1216.780029296875 1207.572021484375 1195.7440185546875 1182.345947265625 1170.8580322265625 1161.0699462890625
1328.56201171875 1325.114013671875 1324.9659423828125 1328.508056640625 1328.5699462890625 1325.1519775390625 1320.7039794921875 1321.5460205078125 1320.0880126953125 1313.68994140625 1319.6219482421875 1322.404052734375 1325.635986328125 1322.8480224609375 1321.1400146484375 1316.6619873046875 1315.4739990234375 1306.9659423828125 1289.5780029296875 1261.9100341796875 1257.362060546875 1272.803955078125 1267.5260009765625 1260.0780029296875 1258.3900146484375 1259.9219970703125 1265.64404296875 1274.2259521484375 1282.447998046875 1293.8900146484375 1289.761962890625 1289.654052734375 1284.0860595703125 1277.738037109375 1267.8800048828125 1256.7919921875 1265.833984375 1264.916015625 1256.7779541015625 1246.0899658203125 1240.33203125 1230.2139892578125 1218.7459716796875 1208.2879638671875 1200.0799560546875 1189.2120361328125 1176.56396484375 1164.89599609375 1154.9580078125 1144.0999755859375
1314.282958984375 1312.7550048828125 1314.0069580078125 1313.9090576171875 1311.781005859375 1308.02294921875 1304.925048828125 1307.737060546875 1307.0489501953125 1301.8709716796875 1302.6529541015625 1302.574951171875 1303.406982421875 1301.448974609375 1301.6209716796875 1289.6729736328125 1282.625 1282.1070556640625 1273.259033203125 1238.7110595703125 1238.85302734375 1248.405029296875 1246.2869873046875 1237.718994140625 1235.2099609375 1242.592041015625 1253.2039794921875 1260.365966796875 1265.8580322265625 1274.97998046875 1272.1820068359375 1268.31396484375 1265.176025390625 1258.177978515625 1243.81005859375 1236.501953125 1245.4639892578125 1238.0460205078125 1239.508056640625 1227.050048828125 1216.9320068359375 1207.2039794921875 1195.4959716796875 1187.7779541015625 1180.1500244140625 1170.6319580078125 1160.4639892578125 1148.7359619140625 1139.16796875 1132.219970703125
1301.373046875 1301.824951171875 1299.8070068359375 1294.3990478515625 1291.510986328125 1288.6729736328125 1289.2249755859375 1292.0369873046875 1289.468994140625 1287.6009521484375 1284.5830078125 1286.8050537109375 1285.0269775390625 1283.1390380859375 1276.8409423828125 1269.10302734375 1259.925048828125 1260.0870361328125 1255.698974609375 1224.990966796875 1213.623046875 1229.4749755859375 1222.18701171875 1213.3389892578125 1214.1610107421875 1230.6829833984375 1242.875 1244.3070068359375 1249.0389404296875 1255.801025390625 1253.633056640625 1250.2449951171875 1244.947021484375 1238.6590576171875 1217.740966796875 1205.2030029296875 1220.5849609375 1219.5369873046875 1214.01904296875 1205.4110107421875 1194.282958984375 1183.405029296875 1174.927001953125 1166.3590087890625 1160.22998046875 1152.741943359375 1144.2039794921875 1132.3160400390625 1125.0179443359375 1119.02001953125
1289.3929443359375 1288.0350341796875 1284.197021484375 1281.239013671875 1277.990966796875 1277.262939453125 1275.625 1276.3470458984375 1274.0989990234375 1272.9210205078125 1268.093017578125 1271.1949462890625 1268.3370361328125 1263.448974609375 1255.02099609375 1247.9029541015625 1238.0250244140625 1236.8170166015625 1228.5489501953125 1209.6710205078125 1183.8330078125 1199.8050537109375 1197.3370361328125 1189.1490478515625 1197.3609619140625 1215.35302734375 1219.175048828125 1220.3370361328125 1231.428955078125 1229.791015625 1230.4830322265625 1226.655029296875 1223.487060546875 1216.4189453125 1194.3609619140625 1183.012939453125 1192.2750244140625 1202.68701171875 1189.72900390625 1184.4310302734375 1174.613037109375 1164.4449462890625 1154.4169921875 1147.18896484375 1139.8509521484375 1135.0030517578125 1124.7650146484375 1113.7769775390625 1105.5889892578125 1104.740966796875
1279.6429443359375 1274.594970703125 1273.70703125 1268.43896484375 1262.5909423828125 1258.79296875 1260.2349853515625 1260.5069580078125 1259.9990234375 1252.6209716796875 1252.4730224609375 1252.56494140625 1246.3570556640625 1238.968994140625 1230.4610595703125 1225.3330078125 1216.7750244140625 1207.39697265625 1197.3089599609375 1191.551025390625 1160.3929443359375 1173.594970703125 1171.8070068359375 1170.3089599609375 1180.9310302734375 1194.4530029296875 1195.2750244140625 1204.197021484375 1211.948974609375 1209.1209716796875 1206.1729736328125 1203.2850341796875 1199.947021484375 1194.0889892578125 1174.9410400390625 1154.9429931640625 1170.364990234375 1180.376953125 1169.0589599609375 1164.02099609375 1155.31298828125 1148.175048828125 1135.656982421875 1127.0889892578125 1118.7010498046875 1112.31298828125 1103.7750244140625 1093.8270263671875 1075.9090576171875 1085.0009765625
1271.6939697265625 1262.156005859375 1259.43798828125 1254.9200439453125 1247.1619873046875 1243.39404296875 1241.14599609375 1241.637939453125 1241.06005859375 1238.5419921875 1233.593994140625 1233.406005859375 1224.93798828125 1214.6199951171875 1205.6920166015625 1200.10400390625 1188.7259521484375 1183.2979736328125 1170.1700439453125 1161.281982421875 1151.032958984375 1147.0849609375 1150.927001953125 1150.76904296875 1165.52099609375 1172.633056640625 1176.2349853515625 1194.5670166015625 1192.6190185546875 1188.2010498046875 1182.9129638671875 1181.3050537109375 1176.7869873046875 1174.198974609375 1163.1510009765625 1135.4429931640625 1140.574951171875 1155.116943359375 1148.4189453125 1141.4010009765625 1136.113037109375 1127.9849853515625 1112.43701171875 1107.3189697265625 1100.791015625 1089.032958984375 1084.7650146484375 1075.2869873046875 1051.3890380859375 1061.551025390625
1261.4239501953125 1252.7259521484375 1245.7080078125 1240.5899658203125 1232.6519775390625 1228.2939453125 1223.9759521484375 1218.3680419921875 1220.050048828125 1219.08203125 1215.56396484375 1215.115966796875 1206.5880126953125 1190.81005859375 1189.81201171875 1180.303955078125 1173.39599609375 1168.0579833984375 1158.9000244140625 1143.6619873046875 1131.4639892578125 1119.156005859375 1128.0880126953125 1131.77001953125 1144.6820068359375 1148.3740234375 1154.0159912109375 1165.68798828125 1168.1199951171875 1163.10205078125 1160.884033203125 1158.64599609375 1154.7679443359375 1139.9100341796875 1140.31201171875 1124.1839599609375 1116.8349609375 1131.447021484375 1120.51904296875 1113.531005859375 1111.4429931640625 1099.2550048828125 1084.677001953125 1075.208984375 1079.9310302734375 1070.2530517578125 1061.655029296875 1053.0570068359375 1031.2490234375 1032.1009521484375
1250.4739990234375 1242.10595703125 1231.39794921875 1228.739990234375 1221.1319580078125 1213.333984375 1207.406005859375 1200.498046875 1196.2900390625 1199.6820068359375 1198.404052734375 1197.85595703125 1181.5179443359375 1175.27001953125 1171.1619873046875 1162.1739501953125 1157.7259521484375 1154.0479736328125 1147.0799560546875 1134.8819580078125 1114.083984375 1097.6259765625 1105.4580078125 1112.6500244140625 1123.7120361328125 1126.4339599609375 1132.6259765625 1140.6280517578125 1142.02001953125 1143.9620361328125 1140.39404296875 1134.8759765625 1133.5479736328125 1117.2900390625 1109.2220458984375 1110.9439697265625 1092.7659912109375 1099.0880126953125 1097.47998046875 1088.1619873046875 1083.404052734375 1078.5860595703125 1056.2879638671875 1045.9200439453125 1063.302001953125 1050.2540283203125 1037.8160400390625 1028.93798828125 1012.79998779296875 1008.19097900390625
1236.2049560546875 1228.93701171875 1218.738037109375 1211.8499755859375 1209.112060546875 1201.64404296875 1189.3759765625 1181.0279541015625 1179.4200439453125 1179.991943359375 1180.9840087890625 1173.095947265625 1166.3680419921875 1155.3299560546875 1149.85205078125 1144.39404296875 1142.7960205078125 1141.677978515625 1134.77001953125 1124.2020263671875 1102.8740234375 1086.60595703125 1081.6280517578125 1091.8399658203125 1099.7919921875 1107.7640380859375 1110.446044921875 1107.447998046875 1112.0999755859375 1120.6219482421875 1111.843994140625 1111.7860107421875 1109.5179443359375 1095.4000244140625 1084.6219482421875 1086.2139892578125 1075.635986328125 1067.7879638671875 1072.1400146484375 1057.1319580078125 1059.7540283203125 1043.926025390625 1029.5780029296875 1020 1014.1619873046875 1000.864013671875 1008.83599853515625 1002.26800537109375 992.32000732421875 972.2020263671875
1216.875 1212.116943359375 1207.958984375 1197.4410400390625 1191.633056640625 1187.635009765625 1172.89697265625 1162.51904296875 1159.7509765625 1153.7230224609375 1158.43505859375 1150.18701171875 1137.5989990234375 1136.1409912109375 1133.7430419921875 1130.31494140625 1129.947021484375 1128.6280517578125 1122.6300048828125 1112.6419677734375 1097.9639892578125 1079.5260009765625 1060.89794921875 1072.1099853515625 1082.2120361328125 1089.4139404296875 1088.676025390625 1086.2080078125 1086.4100341796875 1090.4019775390625 1086.404052734375 1085.9959716796875 1076.8280029296875 1069.719970703125 1059.531982421875 1057.9840087890625 1056.696044921875 1038.218017578125 1040.7900390625 1033.52197265625 1028.7340087890625 1013.5260009765625 1004.87799072265625 992.65997314453125 983.552001953125 975.77398681640625 969.46600341796875 963.197998046875 964.65997314453125 949.01202392578125
