OMS_GEOET11/data/Meledrio/3/DEM_3.asc
ncols        499
nrows        494
xllcorner    629842.000000000000
yllcorner    5121898.000000000000
cellsize     30.000000000000
NODATA_value  -9999
[rows 66 to 87 of 494, columns 350 to 399 of 499]
-9999 -9999 -9999 -9999 -9999 -9999 -9999 -9999 -9999 -9999 -9999 -9999 -9999 -9999 -9999 -9999 -9999 -9999 -9999 -9999 -9999 -9999 -9999 -9999 -9999 -9999 -9999 -9999 -9999 -9999 -9999 -9999 -9999 -9999 -9999 -9999 -9999 -9999 -9999 -9999 -9999 -9999 -9999 -9999 -9999 -9999 -9999 -9999 -9999 -9999
-9999 -9999 -9999 -9999 -9999 -9999 -9999 -9999 -9999 -9999 -9999 -9999 -9999 -9999 -9999 -9999 -9999 -9999 -9999 -9999 -9999 -9999 -9999 -9999 -9999 -9999 -9999 -9999 -9999 -9999 -9999 -9999 -9999 -9999 -9999 -9999 -9999 -9999 -9999 -9999 -9999 -9999 -9999 -9999 -9999 -9999 -9999 -9999 -9999 -9999
-9999 -9999 -9999 -9999 -9999 -9999 -9999 -9999 -9999 -9999 -9999 -9999 -9999 -9999 -9999 -9999 -9999 -9999 -9999 -9999 -9999 -9999 -9999 -9999 -9999 -9999 -9999 -9999 -9999 -9999 -9999 -9999 -9999 -9999 -9999 -9999 -9999 -9999 -9999 -9999 -9999 -9999 -9999 -9999 -9999 -9999 -9999 -9999 -9999 -9999
-9999 -9999 -9999 -9999 -9999 -9999 -9999 -9999 -9999 -9999 -9999 -9999 -9999 -9999 -9999 -9999 -9999 -9999 -9999 -9999 -9999 -9999 -9999 -9999 -9999 -9999 -9999 -9999 -9999 -9999 -9999 -9999 -9999 -9999 -9999 -9999 -9999 -9999 -9999 -9999 -9999 -9999 -9999 -9999 -9999 -9999 -9999 -9999 -9999 -9999
-9999 -9999 -9999 -9999 -9999 -9999 -9999 -9999 -9999 -9999 -9999 -9999 -9999 -9999 -9999 -9999 -9999 -9999 -9999 -9999 -9999 -9999 -9999 -9999 -9999 -9999 -9999 -9999 -9999 -9999 -9999 -9999 -9999 -9999 -9999 -9999 -9999 -9999 -9999 -9999 -9999 -9999 -9999 -9999 -9999 -9999 -9999 -9999 -9999 -9999
-9999 -9999 -9999 -9999 -9999 -9999 -9999 -9999 -9999 -9999 -9999 -9999 -9999 -9999 -9999 -9999 -9999 -9999 -9999 -9999 -9999 -9999 -9999 -9999 -9999 -9999 -9999 -9999 -9999 -9999 -9999 -9999 -9999 -9999 -9999 -9999 -9999 -9999 -9999 -9999 -9999 -9999 -9999 -9999 -9999 -9999 -9999 -9999 -9999 -9999
-9999 -9999 -9999 -9999 -9999 -9999 -9999 -9999 -9999 -9999 -9999 -9999 -9999 -9999 -9999 -9999 -9999 -9999 2492.64111328125 2479.54296875 2483.18505859375 2483.797119140625 -9999 -9999 -9999 -9999 -9999 -9999 -9999 -9999 -9999 -9999 -9999 -9999 -9999 -9999 -9999 -9999 -9999 -9999 -9999 -9999 -9999 -9999 -9999 -9999 -9999 -9999 -9999 -9999
-9999 -9999 -9999 -9999 -9999 -9999 -9999 -9999 -9999 -9999 -9999 -9999 -9999 -9999 -9999 -9999 2460.637939453125 2463.6298828125 2469.162109375 2455.904052734375 2457.77587890625 2452.867919921875 2442.64990234375 -9999 -9999 -9999 -9999 -9999 -9999 -9999 -9999 -9999 -9999 -9999 -9999 -9999 -9999 -9999 -9999 -9999 -9999 -9999 -9999 -9999 -9999 -9999 -9999 -9999 -9999 -9999
-9999 -9999 -9999 -9999 -9999 -9999 -9999 -9999 -9999 -9999 -9999 -9999 -9999 -9999 -9999 2442.45703125 2441.319091796875 2438.071044921875 2444.722900390625 2430.804931640625 2432.56689453125 2435.549072265625 2418.950927734375 2412.202880859375 2412.905029296875 2416.797119140625 2428.820068359375 2426.531982421875 2413.125 2396.66796875 2391.550048828125 2381.77294921875 -9999 -9999 -9999 -9999 -9999 -9999 -9999 -9999 -9999 -9999 -9999 -9999 -9999 -9999 -9999 -9999 -9999 -9999
-9999 -9999 -9999 -9999 -9999 -9999 -9999 -9999 -9999 -9999 -9999 -9999 -9999 2425.993896484375 2408.506103515625 2412.93798828125 2418.2900390625 2413.072021484375 2410.2041015625 2408.095947265625 2408.97802734375 2417.320068359375 2398.7119140625 2388.464111328125 2387.385986328125 2391.5380859375 2416.52099609375 2421.472900390625 2396.785888671875 2376.387939453125 2366.6708984375 2360.073974609375 2350.716064453125 2346.928955078125 2345.7509765625 -9999 -9999 -9999 -9999 -9999 -9999 -9999 -9999 -9999 -9999 -9999 -9999 -9999 -9999 -9999
-9999 -9999 -9999 -9999 -9999 -9999 -9999 -9999 -9999 -9999 -9999 -9999 2406.73291015625 2398.385009765625 2386.06689453125 2383.18896484375 2385.950927734375 2386.242919921875 2386.52490234375 2388.06689453125 2384.4189453125 2384.27099609375 2379.64306640625 2362.195068359375 2359.70703125 2370.049072265625 2379.701904296875 2386.22412109375 2382.43701171875 2362.989013671875 2344.14208984375 2330.304931640625 2324.217041015625 2319.330078125 2322.531982421875 2335.0048828125 2329.616943359375 2332.429931640625 2338.7119140625 2338.705078125 2327.287109375 2325.159912109375 2322.822021484375 -9999 -9999 -9999 -9999 -9999 -9999 -9999
-9999 -9999 -9999 -9999 -9999 -9999 -9999 -9999 -9999 -9999 -9999 2395.362060546875 2381.993896484375 2374.166015625 2359.528076171875 2354.6298828125 2362.681884765625 2355.75390625 2357.666015625 2366.847900390625 2360.669921875 2352.23193359375 2347.9541015625 2341.535888671875 2335.01806640625 2340.780029296875 2345.64306640625 2343.955078125 2345.16796875 2342.580078125 2327.9130859375 2314.655029296875 2305.298095703125 2299.8310546875 2299.04296875 2301.446044921875 2305.218017578125 2311.7109375 2317.423095703125 2318.7958984375 2309.197998046875 2303.430908203125 2301.89306640625 2303.3759765625 2305.157958984375 2313.111083984375 2322.742919921875 2334.575927734375 2343.839111328125 2349.821044921875
-9999 -9999 -9999 -9999 -9999 -9999 -9999 -9999 -9999 -9999 2398.541015625 2376.972900390625 2359.0048828125 2344.616943359375 2338.10888671875 2334.910888671875 2326.452880859375 2328.195068359375 2332.037109375 2340.10888671875 2330.720947265625 2325.9130859375 2325.554931640625 2329.386962890625 2311.819091796875 2318.0009765625 2319.583984375 2314.43603515625 2314.989013671875 2316.0810546875 2313.343994140625 2300.926025390625 2289.638916015625 2280.5009765625 2278.553955078125 2277.717041015625 2283.68896484375 2293.052001953125 2297.694091796875 2298.257080078125 2291.43896484375 2287.7919921875 2285.1640625 2286.047119140625 2289.908935546875 2298.27197265625 2307.763916015625 2319.717041015625 2328.9189453125 2337.751953125
2474.19189453125 -9999 -9999 -9999 -9999 -9999 -9999 -9999 2395.4580078125 2383.52001953125 2374.172119140625 2363.743896484375 2344.466064453125 2331.26806640625 2318.64990234375 2316.172119140625 2308.9140625 2308.7958984375 2309.447998046875 2315.10009765625 2310.19189453125 2304.68408203125 2303.095947265625 2304.7080078125 2290.889892578125 2295.382080078125 2301.10498046875 2291.47705078125 2287.969970703125 2291.491943359375 2291.875 2294.197021484375 2279.199951171875 2264.072021484375 2257.985107421875 2259.277099609375 2264.080078125 2268.262939453125 2276.885009765625 2279.35791015625 2274.39990234375 2270.302978515625 2268.9951171875 2271.847900390625 2276.429931640625 2283.153076171875 2290.9150390625 2300.76806640625 2313.43994140625 2323.693115234375
2453.23291015625 2441.1650390625 2433.177001953125 2426.928955078125 2423.62109375 2417.14306640625 2403.215087890625 2390.717041015625 2378.5791015625 2362.841064453125 2352.943115234375 2346.324951171875 2335.967041015625 2320.759033203125 2306.37109375 2299.242919921875 2296.264892578125 2292.616943359375 2291.708984375 2296.4208984375 2289.722900390625 2282.52490234375 2279.626953125 2278.319091796875 2268.48095703125 2278.202880859375 2282.986083984375 2270.41796875 2264.700927734375 2268.60302734375 2270.236083984375 2279.528076171875 2266.591064453125 2250.992919921875 2242.006103515625 2240.347900390625 2246.15087890625 2251.193115234375 2255.176025390625 2255.97802734375 2255.430908203125 2255.154052734375 2255.47607421875 2257.55908203125 2262.910888671875 2266.714111328125 2272.8359375 2281.549072265625 2296.23095703125 2305.263916015625
2430.31396484375 2421.01611328125 2413.818115234375 2408.4599609375 2400.931884765625 2392.50390625 2381.055908203125 2370.318115234375 2359.52001953125 2343.672119140625 2333.424072265625 2326.385986328125 2323.10791015625 2314.6201171875 2298.14208984375 2289.093994140625 2283.7060546875 2273.748046875 2272.030029296875 2279.822021484375 2274.5439453125 2262.305908203125 2249.7880859375 2253.909912109375 2248.73193359375 2248.303955078125 2257.9169921875 2250.4990234375 2241.802001953125 2247.763916015625 2251.68701171875 2260.319091796875 2257.81201171875 2237.64404296875 2222.636962890625 2218.549072265625 2226.862060546875 2235.343994140625 2240.18701171875 2238.718994140625 2236.761962890625 2238.013916015625 2237.806884765625 2243.208984375 2249.931884765625 2250.10400390625 2253.656982421875 2265.860107421875 2275.402099609375 2286.804931640625
2415.635009765625 2403.717041015625 2398.35888671875 2389.801025390625 2378.54296875 2371.324951171875 2362.237060546875 2352.05908203125 2341.27099609375 2327.972900390625 2317.804931640625 2308.467041015625 2306.18896484375 2297.131103515625 2282.64306640625 2272.5048828125 2264.3369140625 2254.118896484375 2248.77099609375 2260.0830078125 2250.56494140625 2242.927001953125 2225.178955078125 2232.65087890625 2226.693115234375 2223.534912109375 2225.76806640625 2226.080078125 2218.113037109375 2225.304931640625 2233.35791015625 2239.719970703125 2243.6630859375 2222.06494140625 2206.837890625 2197.969970703125 2207.0029296875 2216.5849609375 2225.298095703125 2222.3798828125 2217.673095703125 2217.594970703125 2219.85791015625 2228.3701171875 2232.623046875 2229.985107421875 2236.697998046875 2247.75 2258.5830078125 2271.5849609375
2397.595947265625 2388.80810546875 2383.31005859375 2373.451904296875 2363.333984375 2354.466064453125 2346.587890625 2337.75 2323.092041015625 2314.114013671875 2302.43603515625 2293.7080078125 2283.010009765625 2277.632080078125 2267.77392578125 2253.81591796875 2242.068115234375 2235.969970703125 2225.592041015625 2233.444091796875 2226.31591796875 2218.068115234375 2205.030029296875 2212.132080078125 2210.18408203125 2198.31591796875 2203.049072265625 2195.071044921875 2194.904052734375 2208.166015625 2208.638916015625 2215.35107421875 2216.364013671875 2204.5458984375 2186.59912109375 2178.260986328125 2185.4140625 2195.9560546875 2206.839111328125 2203.031005859375 2198.174072265625 2197.14599609375 2203.908935546875 2211.970947265625 2210.263916015625 2213.02587890625 2222.51904296875 2236.0009765625 2246.174072265625 2255.426025390625
2385.576904296875 2375.388916015625 2370.06103515625 2359.56298828125 2349.4150390625 2342.656982421875 2336.888916015625 2326.801025390625 2308.29296875 2297.875 2288.70703125 2275.178955078125 2264.200927734375 2256.452880859375 2249.715087890625 2236.576904296875 2224.05908203125 2216.680908203125 2202.762939453125 2203.554931640625 2200.467041015625 2197.8291015625 2184.23095703125 2187.373046875 2186.7451171875 2175.927001953125 2175.320068359375 2170.73193359375 2172.625 2182.18701171875 2181.820068359375 2192.402099609375 2195.955078125 2182.7470703125 2165.639892578125 2156.39208984375 2164.5849609375 2176.257080078125 2185.22998046875 2184.741943359375 2179.014892578125 2177.2470703125 2188.47998046875 2190.89208984375 2192.235107421875 2200.257080078125 2212.929931640625 2226.152099609375 2233.52490234375 2240.64697265625
2373.248046875 2363.409912109375 2361.02197265625 2348.783935546875 2337.97607421875 2332.637939453125 2327.719970703125 2318.27197265625 2299.2939453125 2283.24609375 2269.097900390625 2258.75 2241.31201171875 2234.22412109375 2226.7060546875 2215.9580078125 2205.340087890625 2192.382080078125 2184.073974609375 2177.805908203125 2171.51806640625 2173.010009765625 2169.181884765625 2157.783935546875 2163.39599609375 2157.988037109375 2151.52099609375 2148.262939453125 2148.055908203125 2151.30810546875 2156.62109375 2162.472900390625 2165.656005859375 2159.3779296875 2143.89111328125 2135.98291015625 2142.716064453125 2155.7880859375 2163.8310546875 2166.29296875 2163.39599609375 2160.028076171875 2168.381103515625 2170.29296875 2177.3759765625 2188.498046875 2201.430908203125 2209.782958984375 2219.99609375 2229.568115234375
2363.009033203125 2354.091064453125 2350.202880859375 2337.4150390625 2327.72705078125 2321.888916015625 2316.660888671875 2311.873046875 2292.4150390625 2273.096923828125 2253.43896484375 2240.9208984375 2227.06298828125 2206.425048828125 2198.47705078125 2192.708984375 2180.23095703125 2172.4130859375 2160.425048828125 2151.787109375 2146.958984375 2146.660888671875 2141.443115234375 2134.955078125 2139.886962890625 2134.2890625 2127.221923828125 2127.384033203125 2127.136962890625 2129.30908203125 2134.0419921875 2138.23388671875 2145.95703125 2139.208984375 2127.131103515625 2115.6240234375 2125.115966796875 2137.158935546875 2144.10107421875 2148.7041015625 2144.236083984375 2139.87890625 2148.541015625 2153.944091796875 2167.575927734375 2177.948974609375 2187.631103515625 2197.56396484375 2207.8759765625 2217.12890625
2351.60009765625 2350.48193359375 2335.714111328125 2322.7958984375 2318.697998046875 2311.2900390625 2306.632080078125 2303.083984375 2284.2060546875 2262.907958984375 2245.7099609375 2221.281982421875 2205.72412109375 2194.615966796875 2176.827880859375 2164.06005859375 2154.931884765625 2148.214111328125 2144.0458984375 2136.387939453125 2127.860107421875 2126.56201171875 2122.404052734375 2114.196044921875 2115.43798828125 2112.929931640625 2114.923095703125 2105.18505859375 2107.22705078125 2108.610107421875 2114.382080078125 2118.485107421875 2123.677001953125 2119.969970703125 2105.4619140625 2096.425048828125 2104.1669921875 2117.159912109375 2126.431884765625 2128.18505859375 2121.70703125 2124.800048828125 2132.681884765625 2145.56494140625 2156.7470703125 2166.139892578125 2176.23193359375 2186.054931640625 2194.987060546875 2206.110107421875
