OMS_GEOET11/data/Meledrio/3/DEM_3.asc
ncols        499
nrows        494
xllcorner    629842.000000000000
yllcorner    5121898.000000000000
cellsize     30.000000000000
NODATA_value  -9999
[rows 308 to 329 of 494, columns 150 to 199 of 499]
1242.1429443359375 1252.637939453125 1263.5889892578125 1274.9300537109375 1283.27197265625 1299.385009765625 1318.779052734375 1338.35498046875 1351.18896484375 1371.9029541015625 1393.822021484375 1412.531005859375 1438.363037109375 1461.4520263671875 1481.52197265625 1512.31103515625 1539.074951171875 1556.4110107421875 1583.2950439453125 1610.1219482421875 1624.969970703125 1652.60302734375 1672.4129638671875 1693.991943359375 1716.9210205078125 1735.259033203125 1754.9310302734375 1774.551025390625 1792.041015625 1811.863037109375 1832.6689453125 1838.197021484375 1826.1519775390625 1810.6180419921875 1790.9000244140625 1777.2120361328125 1761.302978515625 1743.10302734375 1730.60302734375 1719.425048828125 1711.18505859375 1711.6219482421875 1720.218994140625 1707.8280029296875 1691.5550537109375 1670.33203125 1657.5889892578125 1635.8270263671875 1613.623046875 1591.8499755859375
1246.031005859375 1254.4530029296875 1263.4000244140625 1269.9420166015625 1279.8809814453125 1296.5069580078125 1320.344970703125 1345.5450439453125 1368.0379638671875 1383.9150390625 1401.116943359375 1422.23095703125 1441.571044921875 1465.279052734375 1496.26904296875 1516.7130126953125 1545.8699951171875 1571.22802734375 1591.4840087890625 1622.4410400390625 1646.345947265625 1665.302001953125 1682.1710205078125 1701.43603515625 1720.3790283203125 1748.0059814453125 1768.529052734375 1790.6490478515625 1811.56103515625 1827.1099853515625 1848.02294921875 1841.5799560546875 1833.85205078125 1818.9930419921875 1802.6090087890625 1790.154052734375 1772.800048828125 1759.9560546875 1755.4549560546875 1739.6710205078125 1747.656005859375 1741.345947265625 1728.8370361328125 1711.2650146484375 1693.9830322265625 1677.9859619140625 1658.7349853515625 1632.4339599609375 1613.927001953125 1586.70703125
1246.376953125 1254.0379638671875 1260.633056640625 1266.64697265625 1283.0179443359375 1300.8819580078125 1322.6529541015625 1342.405029296875 1364.031005859375 1385.405029296875 1402.863037109375 1424.5589599609375 1447.5179443359375 1469.239990234375 1493.801025390625 1519.0379638671875 1545.5069580078125 1569.1939697265625 1607.9959716796875 1635.073974609375 1656.696044921875 1679.6080322265625 1705.8480224609375 1725.425048828125 1743.623046875 1755.738037109375 1791.426025390625 1833.1710205078125 1839.8690185546875 1856.4560546875 1855.9019775390625 1847.6309814453125 1836.4329833984375 1827.1180419921875 1814.9959716796875 1801.2640380859375 1790.696044921875 1781.4520263671875 1774.5670166015625 1771.260986328125 1766.1739501953125 1751.365966796875 1728.989013671875 1713.345947265625 1694.7110595703125 1680.4949951171875 1655.7650146484375 1632.52197265625 1618.594970703125 1587.5550537109375
1246.9310302734375 1252.8809814453125 1259.43701171875 1264.3380126953125 1279.4990234375 1301.31201171875 1320.9219970703125 1342.072998046875 1365.449951171875 1383.68798828125 1405.376953125 1428.3409423828125 1450.2569580078125 1472.3050537109375 1506.8570556640625 1527.7060546875 1559.0679931640625 1586.8050537109375 1614.9169921875 1657.7679443359375 1682.39697265625 1698.4169921875 1734.0069580078125 1759.7550048828125 1771.012939453125 1787.4129638671875 1788.8399658203125 1829.0479736328125 1865.177001953125 1884.4420166015625 1869.550048828125 1856.583984375 1848.77294921875 1836.79296875 1824.875 1815.06298828125 1806.6710205078125 1799.9949951171875 1796.04296875 1782.0350341796875 1770.1650390625 1752.10595703125 1727.14697265625 1709.8699951171875 1689.739013671875 1675.6689453125 1653.615966796875 1636.8929443359375 1614.5479736328125 1595.6920166015625
1247.7469482421875 1254.9639892578125 1262.3580322265625 1270.6529541015625 1279.197998046875 1297.1600341796875 1318.0260009765625 1340.782958984375 1364.844970703125 1386.3809814453125 1408.8160400390625 1430.906005859375 1455.4410400390625 1493.0340576171875 1525.93896484375 1553.385986328125 1594.2239990234375 1626.52197265625 1641.0970458984375 1686.634033203125 1705.4210205078125 1738.4429931640625 1753.85595703125 1789.135009765625 1796.5760498046875 1818.64501953125 1812.56298828125 1826.7530517578125 1859.85595703125 1897.2459716796875 1884.26904296875 1868.241943359375 1857.4010009765625 1848.6309814453125 1838.6600341796875 1830.406005859375 1819.6939697265625 1815.7750244140625 1800.8790283203125 1785.3179931640625 1767.0570068359375 1746.6519775390625 1720.998046875 1704.0140380859375 1694.446044921875 1668.8060302734375 1653.9599609375 1636.7330322265625 1606.9849853515625 1588.3780517578125
1250.3330078125 1253.6600341796875 1264.8740234375 1277.4659423828125 1289.718994140625 1300.7559814453125 1317.77294921875 1338.3170166015625 1359.9649658203125 1382.6219482421875 1406.4639892578125 1438.821044921875 1483.697021484375 1493.8470458984375 1544.0069580078125 1576.7110595703125 1622.6519775390625 1656.824951171875 1668.010986328125 1699.04296875 1740.738037109375 1760.0439453125 1792.9530029296875 1806.9019775390625 1840.04296875 1841.3570556640625 1838.6290283203125 1849.240966796875 1868.426025390625 1904.052978515625 1895.8070068359375 1881.552001953125 1868.7640380859375 1855.3680419921875 1844.7349853515625 1837.6949462890625 1825.0279541015625 1815.9649658203125 1798.719970703125 1777.738037109375 1756.614990234375 1739.635986328125 1716.5350341796875 1702.906982421875 1683.8360595703125 1663.364013671875 1649.0689697265625 1627.740966796875 1595.9219970703125 1580.7540283203125
1253.0699462890625 1259.2769775390625 1266.0679931640625 1280.39404296875 1296.2760009765625 1311.58203125 1325.8819580078125 1341.2130126953125 1362.490966796875 1384.20703125 1414.4119873046875 1473.125 1516.0279541015625 1525.8929443359375 1544.0479736328125 1591.1600341796875 1643.259033203125 1677.6070556640625 1698.68994140625 1715.864990234375 1754.0550537109375 1797.0489501953125 1823.884033203125 1828.134033203125 1855.3740234375 1862.2080078125 1863.886962890625 1871.3580322265625 1888.3299560546875 1909.6190185546875 1914.219970703125 1900.10205078125 1883.737060546875 1865.2569580078125 1847.949951171875 1833.968017578125 1825.1280517578125 1814.14697265625 1795.4620361328125 1771.990966796875 1751.1939697265625 1729.4449462890625 1711.0589599609375 1701.22802734375 1679.2669677734375 1658.16796875 1639.8399658203125 1615.822998046875 1594.2840576171875 1561.5810546875
1252.0889892578125 1262.761962890625 1271.551025390625 1284.4949951171875 1302.39501953125 1319.2969970703125 1336.7779541015625 1353.1920166015625 1370.083984375 1391.56396484375 1420.08203125 1463.64794921875 1503.885009765625 1553.489990234375 1558.9429931640625 1603.9139404296875 1659.43505859375 1704.447998046875 1736.114013671875 1751.9959716796875 1779.282958984375 1824.4420166015625 1845.4940185546875 1852.8399658203125 1866.948974609375 1884.0250244140625 1885.5989990234375 1895.31396484375 1926.2919921875 1923.6610107421875 1912.6729736328125 1894.6090087890625 1877.135009765625 1859.7099609375 1845.2139892578125 1831.0030517578125 1820.8680419921875 1803.3389892578125 1786.89501953125 1763.572021484375 1749.0579833984375 1730.18896484375 1718.4530029296875 1698.8480224609375 1673.97900390625 1647.636962890625 1617.4129638671875 1604.9739990234375 1571.9659423828125 1545.4620361328125
1255.5059814453125 1263.7320556640625 1273.5030517578125 1286.9969482421875 1302.68896484375 1320.655029296875 1339.321044921875 1360.8050537109375 1377.7139892578125 1400.6519775390625 1422.2640380859375 1450.52197265625 1511.1180419921875 1561.635986328125 1589.7540283203125 1626.93994140625 1675.0460205078125 1724.1949462890625 1750.177001953125 1774.43994140625 1807.572021484375 1823.5899658203125 1840.5250244140625 1864.125 1887.177001953125 1908.9530029296875 1914.383056640625 1929.7840576171875 1934.3819580078125 1922.717041015625 1909.2149658203125 1887.8360595703125 1873.697998046875 1859.2919921875 1845.092041015625 1830.9189453125 1816.0789794921875 1798.5150146484375 1774.0780029296875 1756.095947265625 1739.9000244140625 1720.2490234375 1694.833984375 1660.7559814453125 1644.68505859375 1614.8349609375 1595.8570556640625 1581.4580078125 1558.197021484375 1534.822998046875
1259.31298828125 1269.0870361328125 1276.4539794921875 1291.1400146484375 1307.18701171875 1322.946044921875 1341.886962890625 1362.7650146484375 1385.0260009765625 1408.094970703125 1427.365966796875 1453.2530517578125 1510.06494140625 1569.583984375 1602.967041015625 1649.615966796875 1701.9189453125 1729.1590576171875 1738.0780029296875 1758.157958984375 1783.60595703125 1815.8179931640625 1843.7239990234375 1872.7039794921875 1903.6240234375 1930.2889404296875 1939.9739990234375 1948.7099609375 1939.2220458984375 1919.5860595703125 1902.8800048828125 1883.739990234375 1867.883056640625 1852.2110595703125 1838.697021484375 1822.6209716796875 1806.9219970703125 1791.1619873046875 1771.2640380859375 1741.0460205078125 1721.093994140625 1691.2020263671875 1671.387939453125 1652.7149658203125 1626.35302734375 1604.616943359375 1582.0880126953125 1559.029052734375 1534.2950439453125 1515.052978515625
1262.81396484375 1271.91796875 1284.0479736328125 1298.050048828125 1310.27099609375 1324.345947265625 1341.449951171875 1360.3699951171875 1379.635986328125 1420.011962890625 1450.031982421875 1469.2939453125 1483.196044921875 1540.3189697265625 1578.6920166015625 1640.0340576171875 1701.9150390625 1692.7950439453125 1716.18798828125 1754.35498046875 1789.458984375 1820.656982421875 1841.696044921875 1868.238037109375 1908.6800537109375 1940.821044921875 1959.0870361328125 1959.56396484375 1939.6419677734375 1919.02099609375 1897.4849853515625 1880.3060302734375 1861.0799560546875 1845.0169677734375 1830.123046875 1813.009033203125 1798.4169921875 1782.2950439453125 1763.5360107421875 1733.9029541015625 1712.489990234375 1682.208984375 1657.0419921875 1637.469970703125 1613.7540283203125 1593.02197265625 1572.7950439453125 1550.6309814453125 1529.64599609375 1508.1700439453125
1266.135009765625 1273.677978515625 1285.89404296875 1301.6009521484375 1316.93505859375 1329.824951171875 1340.2650146484375 1359.9599609375 1399.7259521484375 1434.5369873046875 1476.7879638671875 1524.3790283203125 1530.2060546875 1516.7349853515625 1536.675048828125 1588.530029296875 1651.4730224609375 1697.9969482421875 1733.0780029296875 1762.43603515625 1790.487060546875 1822.6199951171875 1846.8909912109375 1887.9019775390625 1917.281982421875 1940.366943359375 1961.6490478515625 1957.5059814453125 1934.593994140625 1913.9449462890625 1895.85205078125 1872.5069580078125 1853.469970703125 1836.7900390625 1823.0909423828125 1805.3509521484375 1788.508056640625 1769.9339599609375 1751.0250244140625 1723.8709716796875 1697.615966796875 1667.51904296875 1645.6710205078125 1624.2989501953125 1603.6190185546875 1583.333984375 1562.553955078125 1544.4610595703125 1524.5570068359375 1501.8919677734375
1265.8470458984375 1276.362060546875 1290.4300537109375 1307.1629638671875 1325.0760498046875 1340.72802734375 1354.43603515625 1370.1639404296875 1398.5460205078125 1452.333984375 1494.407958984375 1545.990966796875 1559.68798828125 1549.574951171875 1598.9229736328125 1599.416015625 1607.958984375 1695.906982421875 1759.4329833984375 1771.83203125 1792.6419677734375 1805.4599609375 1838.741943359375 1875.833984375 1902.6180419921875 1916.592041015625 1941.2979736328125 1950.2939453125 1931.3570556640625 1912.0159912109375 1887.5980224609375 1866.9820556640625 1844.43603515625 1826.9510498046875 1812.468994140625 1795.237060546875 1781.864990234375 1762.9749755859375 1744.98095703125 1717.9659423828125 1685.4530029296875 1656.198974609375 1634.22705078125 1612.8919677734375 1591.2760009765625 1572.2979736328125 1553.97998046875 1536.7139892578125 1516.4549560546875 1501.4649658203125
1269.123046875 1277.8280029296875 1293.1400146484375 1311.720947265625 1330.31396484375 1349.89404296875 1368.6810302734375 1382.844970703125 1402.1689453125 1451.9219970703125 1523.635986328125 1552.467041015625 1577.6949462890625 1603.0469970703125 1645.407958984375 1657.947021484375 1671.1419677734375 1665.530029296875 1714.719970703125 1743.904052734375 1771.633056640625 1805.8370361328125 1837.8990478515625 1855.655029296875 1870.5340576171875 1892.114990234375 1925.3890380859375 1943.7659912109375 1926.6280517578125 1903.281982421875 1881.0419921875 1860.0369873046875 1839.76904296875 1820.5140380859375 1805.43603515625 1785.947998046875 1771.0460205078125 1754.7099609375 1734.6500244140625 1706.5799560546875 1678.9630126953125 1649.1500244140625 1624.2879638671875 1603.0460205078125 1582.9840087890625 1561.884033203125 1543.14501953125 1527.821044921875 1511.9759521484375 1495.4830322265625
1269.906005859375 1279.0479736328125 1295.22802734375 1313.9239501953125 1332.531005859375 1353.6290283203125 1373.126953125 1394.31201171875 1413.64599609375 1431.779052734375 1482.427978515625 1536.2559814453125 1587.009033203125 1632.31005859375 1662.842041015625 1690.8780517578125 1708.281005859375 1698.998046875 1698.1209716796875 1715.887939453125 1764.5789794921875 1779.791015625 1814.885009765625 1845.947998046875 1877.0059814453125 1902.4820556640625 1924.7540283203125 1931.4339599609375 1911.3189697265625 1894.0689697265625 1874.6319580078125 1853.8330078125 1833.68896484375 1814.7919921875 1795.927978515625 1781.0279541015625 1764.39404296875 1746.5760498046875 1720.1689453125 1694.1519775390625 1670.97705078125 1646.343017578125 1616.0870361328125 1586.697998046875 1573.01904296875 1554.3719482421875 1536.1500244140625 1518.095947265625 1505.1500244140625 1498.2939453125
1273.385986328125 1282.5369873046875 1296.2010498046875 1313.5570068359375 1333.4329833984375 1355.458984375 1376.573974609375 1398.4560546875 1418.260986328125 1441.60302734375 1469.7669677734375 1520.718017578125 1588.9019775390625 1603.656005859375 1663.4010009765625 1695.4830322265625 1726.779052734375 1729.0689697265625 1724.2080078125 1741.761962890625 1760.426025390625 1769.5889892578125 1809.218017578125 1841.2020263671875 1868.0770263671875 1889.72998046875 1922.4029541015625 1925.5679931640625 1902.155029296875 1883.39794921875 1862.4150390625 1843.56494140625 1822.9100341796875 1806.5589599609375 1790.885009765625 1772.968994140625 1752.1090087890625 1736.968994140625 1706.14599609375 1672.3709716796875 1651.385009765625 1633.5159912109375 1606.573974609375 1578.7239990234375 1558.93896484375 1543.0550537109375 1527.6390380859375 1517.2060546875 1508.2840576171875 1504.48095703125
1276.4580078125 1284.237060546875 1296.5489501953125 1314.7349853515625 1333.2979736328125 1350.387939453125 1369.279052734375 1393.958984375 1429.125 1457.3089599609375 1474.241943359375 1504.5689697265625 1544.3330078125 1571.5040283203125 1643.5069580078125 1679.531005859375 1727.678955078125 1752.6910400390625 1750.2039794921875 1754.1600341796875 1787.9849853515625 1793.3900146484375 1806.4520263671875 1823.9150390625 1851.9599609375 1884.4949951171875 1918.5830078125 1909.5260009765625 1886.9520263671875 1867.7760009765625 1852.0269775390625 1835.6619873046875 1817.0340576171875 1800.322998046875 1783.0670166015625 1763.4429931640625 1744.7449951171875 1722.364013671875 1684.22998046875 1666.2850341796875 1640.4630126953125 1617.407958984375 1594.916015625 1579.6519775390625 1564.572998046875 1550.7020263671875 1538.010986328125 1527.218017578125 1517.8800048828125 1515.154052734375
1278.4200439453125 1286.3480224609375 1298.7989501953125 1310.3489990234375 1325.3800048828125 1352.6590576171875 1384.887939453125 1413.7110595703125 1457.613037109375 1489.8909912109375 1486.2669677734375 1506.4110107421875 1531.2139892578125 1565.7049560546875 1611.782958984375 1666.928955078125 1700.010986328125 1769.72998046875 1780.616943359375 1779.3580322265625 1796.428955078125 1826.39404296875 1822.3289794921875 1843.9320068359375 1858.0799560546875 1879.155029296875 1910.573974609375 1896.926025390625 1874.593017578125 1859.987060546875 1844.7960205078125 1829.0810546875 1811.8270263671875 1791.2569580078125 1777.425048828125 1758.177978515625 1736.238037109375 1701.008056640625 1678.2049560546875 1661.112060546875 1643.31005859375 1623.7010498046875 1602.883056640625 1587.2669677734375 1571.4000244140625 1557.68994140625 1544.012939453125 1535.5460205078125 1526.468994140625 1519.5
1278.93505859375 1290.0989990234375 1300.9840087890625 1311.0069580078125 1346.2969970703125 1369.5389404296875 1401.4630126953125 1429.2740478515625 1475.8380126953125 1508.6590576171875 1513.6080322265625 1515.916015625 1539.1109619140625 1581.8759765625 1622.571044921875 1687.4739990234375 1732.5760498046875 1782.3690185546875 1800.7989501953125 1805.39697265625 1805.6429443359375 1847.7989501953125 1852.31005859375 1868.4329833984375 1886.31103515625 1901.7760009765625 1906.947998046875 1892.052001953125 1870.926025390625 1853.7149658203125 1836.7640380859375 1822.887939453125 1808.7080078125 1787.7509765625 1766.8389892578125 1740.4720458984375 1716.1839599609375 1696.7349853515625 1677.9329833984375 1660.4820556640625 1644.489013671875 1623.0980224609375 1606.02099609375 1591.0970458984375 1574.3580322265625 1560.1280517578125 1550.7879638671875 1543.0570068359375 1535.7440185546875 1532.7650146484375
1282.2559814453125 1294.9000244140625 1311.6400146484375 1326.2010498046875 1349.7669677734375 1375.8609619140625 1404.8289794921875 1437.52197265625 1463.010986328125 1509.2939453125 1550.2060546875 1567.656982421875 1570.8599853515625 1598.5439453125 1657.636962890625 1704.6519775390625 1730.7869873046875 1767.719970703125 1791.2440185546875 1816.926025390625 1832.6929931640625 1848.801025390625 1877.261962890625 1882.510009765625 1915.1619873046875 1930.4239501953125 1920.053955078125 1895.9200439453125 1875.1729736328125 1857.0040283203125 1838.8690185546875 1823.60498046875 1809.123046875 1786.166015625 1762.06298828125 1738.6259765625 1715.6219482421875 1697.0040283203125 1678.3070068359375 1659.9300537109375 1637.3160400390625 1621.5069580078125 1602.800048828125 1585.0040283203125 1575.1240234375 1566.616943359375 1558.218994140625 1548.76904296875 1545.218017578125 1543.4110107421875
1282.3719482421875 1298.1710205078125 1316.5009765625 1336.4739990234375 1357.0350341796875 1378.1409912109375 1404.3079833984375 1434.9010009765625 1496.4990234375 1544.1800537109375 1578.238037109375 1594.0469970703125 1615.968994140625 1627.9830322265625 1669.0240478515625 1695.739013671875 1728.7939453125 1758.0789794921875 1784.85302734375 1824.011962890625 1856.8470458984375 1862.9649658203125 1903.343017578125 1902.7449951171875 1934.552001953125 1942.448974609375 1928.8890380859375 1902.301025390625 1880.9019775390625 1863.18798828125 1844.281982421875 1825.6319580078125 1803.18896484375 1784.6590576171875 1766.0439453125 1749.656982421875 1724.9339599609375 1703.991943359375 1689.1309814453125 1673.06298828125 1660.18798828125 1628.571044921875 1614.1820068359375 1594.54296875 1578.041015625 1574.10400390625 1567.2330322265625 1560.9329833984375 1554.2569580078125 1555.498046875
1290.64501953125 1304.2679443359375 1320.9930419921875 1342.0550537109375 1364.08203125 1386.60498046875 1408.3160400390625 1444.041015625 1502.218017578125 1551.9100341796875 1586.4630126953125 1625.68701171875 1653.2249755859375 1654.345947265625 1682.85302734375 1722.051025390625 1748.1259765625 1786.491943359375 1815.4749755859375 1847.0040283203125 1878.6519775390625 1896.9119873046875 1922.4139404296875 1928.759033203125 1947.93701171875 1954.8380126953125 1941.5780029296875 1912.8609619140625 1889.1409912109375 1871.6639404296875 1850.4100341796875 1830.52099609375 1806.8480224609375 1787.532958984375 1768.10302734375 1753.4029541015625 1738.5269775390625 1719.93896484375 1704.5689697265625 1689.3399658203125 1673.3330078125 1640.156005859375 1628.89501953125 1619.385009765625 1591.8809814453125 1586.6910400390625 1577.1600341796875 1567.7640380859375 1566.657958984375 1568.47802734375
