OMS_GEOET11/data/Meledrio/3/skyview_3.asc
ncols        499
nrows        494
xllcorner    629842.000000000000
yllcorner    5121898.000000000000
cellsize     30.000000000000
NODATA_value  -9999
[rows 200 to 219 of 494, columns 135 to 179 of 499]
-9999 -9999 -9999 -9999 -9999 -9999 0.81564635038375854492 0.82264512777328491211 0.80761754512786865234 0.82515007257461547852 0.83815366029739379883 0.83643496036529541016 0.83454877138137817383 0.81492769718170166016 0.83231902122497558594 0.82562327384948730469 0.79854637384414672852 0.80062335729598999023 0.79895120859146118164 0.82830893993377685547 0.75720906257629394531 0.6700598597526550293 0.74552673101425170898 0.78842461109161376953 0.82332599163055419922 0.84980487823486328125 0.86292284727096557617 0.8226413726806640625 0.80937969684600830078 0.81114840507507324219 0.81261813640594482422 0.74950927495956420898 0.85816103219985961914 0.83126926422119140625 0.85460138320922851562 0.79628235101699829102 0.82256454229354858398 0.82114273309707641602 0.84224110841751098633 0.85021078586578369141 0.84215396642684936523 0.855228424072265625 0.84846740961074829102 0.83263397216796875 0.84335654973983764648
-9999 -9999 -9999 -9999 -9999 -9999 0.82938939332962036133 0.80439043045043945312 0.813251495361328125 0.82429599761962890625 0.84496968984603881836 0.83228969573974609375 0.83157217502593994141 0.81635177135467529297 0.83444857597351074219 0.83729845285415649414 0.81071764230728149414 0.79220396280288696289 0.7895800471305847168 0.83291190862655639648 0.80472666025161743164 0.67779690027236938477 0.75468629598617553711 0.81216824054718017578 0.82816755771636962891 0.83067440986633300781 0.83608609437942504883 0.84443467855453491211 0.85429489612579345703 0.82140302658081054688 0.84192824363708496094 0.75828307867050170898 0.83161818981170654297 0.82879400253295898438 0.83411222696304321289 0.81013953685760498047 0.83088630437850952148 0.84965789318084716797 0.85688549280166625977 0.858020782470703125 0.84851098060607910156 0.85224056243896484375 0.8491751551628112793 0.83927339315414428711 0.84099406003952026367
-9999 -9999 -9999 -9999 -9999 -9999 -9999 0.79949581623077392578 0.79430615901947021484 0.82513886690139770508 0.84243911504745483398 0.84312510490417480469 0.83379733562469482422 0.81404286623001098633 0.84528523683547973633 0.84413152933120727539 0.81896752119064331055 0.80948662757873535156 0.77928447723388671875 0.79329580068588256836 0.80496627092361450195 0.68354952335357666016 0.77521336078643798828 0.80145490169525146484 0.82639735937118530273 0.85840737819671630859 0.87206369638442993164 0.86899518966674804688 0.86210793256759643555 0.82595807313919067383 0.81903922557830810547 0.84870535135269165039 0.8461233973503112793 0.85090923309326171875 0.86460089683532714844 0.85194474458694458008 0.85725891590118408203 0.85877132415771484375 0.86635828018188476562 0.86322832107543945312 0.86370998620986938477 0.86357259750366210938 0.86210036277770996094 0.84006828069686889648 0.85307127237319946289
-9999 -9999 -9999 -9999 -9999 -9999 -9999 0.8248640894889831543 0.81300371885299682617 0.77808457612991333008 0.82850271463394165039 0.84748113155364990234 0.83924973011016845703 0.80856883525848388672 0.83946973085403442383 0.84197938442230224609 0.82181584835052490234 0.82587802410125732422 0.83262044191360473633 0.80911427736282348633 0.7985261082649230957 0.71108776330947875977 0.78118586540222167969 0.77836728096008300781 0.80530059337615966797 0.82765024900436401367 0.85282015800476074219 0.8736400604248046875 0.87943124771118164062 0.82029747962951660156 0.77602916955947875977 0.81087869405746459961 0.82876217365264892578 0.85736566781997680664 0.8713544011116027832 0.87054467201232910156 0.87041193246841430664 0.87175500392913818359 0.87296402454376220703 0.87482744455337524414 0.87083274126052856445 0.87075191736221313477 0.86340451240539550781 0.84404414892196655273 0.86285257339477539062
-9999 -9999 -9999 -9999 -9999 -9999 -9999 -9999 0.81080836057662963867 0.76388597488403320312 0.79826319217681884766 0.83799266815185546875 0.84081953763961791992 0.79405438899993896484 0.83890902996063232422 0.84429401159286499023 0.83008861541748046875 0.83635222911834716797 0.84617704153060913086 0.81626224517822265625 0.81324255466461181641 0.80846351385116577148 0.80067449808120727539 0.80250239372253417969 0.79850459098815917969 0.81213802099227905273 0.78254282474517822266 0.83426862955093383789 0.83863586187362670898 0.72543364763259887695 0.79891276359558105469 0.80109238624572753906 0.83095335960388183594 0.79340797662734985352 0.83738154172897338867 0.86523139476776123047 0.88004577159881591797 0.88550084829330444336 0.88608527183532714844 0.88094931840896606445 0.87383866310119628906 0.87249487638473510742 0.86692535877227783203 0.86033588647842407227 0.86843079328536987305
-9999 -9999 -9999 -9999 -9999 -9999 -9999 -9999 0.83503580093383789062 0.79250574111938476562 0.75405269861221313477 0.80422705411911010742 0.83323657512664794922 0.77670568227767944336 0.82886052131652832031 0.84793424606323242188 0.8385474085807800293 0.83919709920883178711 0.8435484766960144043 0.81686246395111083984 0.82650876045227050781 0.8262513279914855957 0.81725788116455078125 0.80835634469985961914 0.8222224116325378418 0.81126159429550170898 0.75641536712646484375 0.79472571611404418945 0.80132627487182617188 0.73204940557479858398 0.80298411846160888672 0.8128827214241027832 0.7992687225341796875 0.77879345417022705078 0.77908694744110107422 0.80183672904968261719 0.86486774682998657227 0.8831685185432434082 0.88198828697204589844 0.87075072526931762695 0.86592108011245727539 0.86958831548690795898 0.85729306936264038086 0.86532557010650634766 0.87905251979827880859
-9999 -9999 -9999 -9999 -9999 -9999 -9999 -9999 0.84674018621444702148 0.81567919254302978516 0.78084695339202880859 0.78138428926467895508 0.78961449861526489258 0.80426859855651855469 0.82300519943237304688 0.85125583410263061523 0.83904403448104858398 0.85001206398010253906 0.84667146205902099609 0.83053255081176757812 0.83786469697952270508 0.83891642093658447266 0.80996060371398925781 0.80294907093048095703 0.82335501909255981445 0.8029715418815612793 0.80646288394927978516 0.77818739414215087891 0.77175444364547729492 0.80779069662094116211 0.79863780736923217773 0.81592881679534912109 0.80933922529220581055 0.81025385856628417969 0.77965533733367919922 0.80988156795501708984 0.84380561113357543945 0.82884925603866577148 0.84744703769683837891 0.85874223709106445312 0.86121463775634765625 0.85183578729629516602 0.86129111051559448242 0.87114441394805908203 0.88076472282409667969
-9999 -9999 -9999 -9999 -9999 -9999 -9999 -9999 -9999 0.82756751775741577148 0.78233915567398071289 0.78288948535919189453 0.80169767141342163086 0.83508056402206420898 0.79068475961685180664 0.83904367685317993164 0.8211390376091003418 0.85135465860366821289 0.83153402805328369141 0.84636670351028442383 0.85069257020950317383 0.85047477483749389648 0.83796292543411254883 0.76224017143249511719 0.81507372856140136719 0.7864208221435546875 0.82105082273483276367 0.82604753971099853516 0.83903968334197998047 0.8316777348518371582 0.82448202371597290039 0.80449533462524414062 0.79217284917831420898 0.81444883346557617188 0.79449552297592163086 0.80189347267150878906 0.81962400674819946289 0.80836266279220581055 0.84905588626861572266 0.86796545982360839844 0.85445839166641235352 0.86555874347686767578 0.86688458919525146484 0.86008107662200927734 0.87267023324966430664
-9999 -9999 -9999 -9999 -9999 -9999 -9999 -9999 -9999 0.84174841642379760742 0.78523045778274536133 0.78863739967346191406 0.77383691072463989258 0.84458267688751220703 0.82598590850830078125 0.83093279600143432617 0.81598263978958129883 0.84375041723251342773 0.81591314077377319336 0.79704225063323974609 0.83048039674758911133 0.84283405542373657227 0.83770847320556640625 0.79848968982696533203 0.79065930843353271484 0.80300474166870117188 0.79342097043991088867 0.79506635665893554688 0.82722866535186767578 0.83594268560409545898 0.81342273950576782227 0.81080591678619384766 0.81475436687469482422 0.82661914825439453125 0.79565209150314331055 0.78627723455429077148 0.79920566082000732422 0.77868646383285522461 0.83451431989669799805 0.86080157756805419922 0.87446039915084838867 0.86503940820693969727 0.85410809516906738281 0.85876452922821044922 0.86438250541687011719
-9999 -9999 -9999 -9999 -9999 -9999 -9999 -9999 -9999 -9999 0.80212515592575073242 0.81150650978088378906 0.81101775169372558594 0.84853559732437133789 0.84675937891006469727 0.82279300689697265625 0.81299072504043579102 0.85262292623519897461 0.80014324188232421875 0.78481984138488769531 0.82240480184555053711 0.8397744297981262207 0.81462806463241577148 0.81114333868026733398 0.82143151760101318359 0.8091017603874206543 0.81975859403610229492 0.80430018901824951172 0.77967607975006103516 0.77755725383758544922 0.79647809267044067383 0.8197581171989440918 0.82015532255172729492 0.82931762933731079102 0.824432373046875 0.82625687122344970703 0.82657873630523681641 0.82121717929840087891 0.81331747770309448242 0.84431856870651245117 0.84831106662750244141 0.84424322843551635742 0.8431008458137512207 0.8515980839729309082 0.85634368658065795898
-9999 -9999 -9999 -9999 -9999 -9999 -9999 -9999 -9999 -9999 0.83115136623382568359 0.82396692037582397461 0.81986778974533081055 0.85481142997741699219 0.8502292633056640625 0.83606690168380737305 0.84098726511001586914 0.8567530512809753418 0.80248409509658813477 0.7860457301139831543 0.81253129243850708008 0.84925293922424316406 0.83238297700881958008 0.81892341375350952148 0.82904827594757080078 0.82883864641189575195 0.82542055845260620117 0.83244621753692626953 0.83169436454772949219 0.81492787599563598633 0.78208005428314208984 0.82171487808227539062 0.83315241336822509766 0.84455913305282592773 0.83044648170471191406 0.83661991357803344727 0.83362543582916259766 0.82979881763458251953 0.85046231746673583984 0.81661075353622436523 0.79958128929138183594 0.78001010417938232422 0.78860956430435180664 0.83287119865417480469 0.84306073188781738281
-9999 -9999 -9999 -9999 -9999 -9999 -9999 -9999 -9999 -9999 -9999 0.82862764596939086914 0.81709504127502441406 0.85593253374099731445 0.85601043701171875 0.83981043100357055664 0.84471917152404785156 0.85594403743743896484 0.79277300834655761719 0.82985574007034301758 0.82517921924591064453 0.85445904731750488281 0.85275739431381225586 0.81587070226669311523 0.83836013078689575195 0.83744966983795166016 0.82421201467514038086 0.82313627004623413086 0.84918987751007080078 0.83416545391082763672 0.8119112849235534668 0.75032198429107666016 0.803371429443359375 0.83294254541397094727 0.81626409292221069336 0.78697109222412109375 0.82931876182556152344 0.82896351814270019531 0.84529864788055419922 0.84059721231460571289 0.83352249860763549805 0.80899977684020996094 0.80557692050933837891 0.84820657968521118164 0.83080309629440307617
-9999 -9999 -9999 -9999 -9999 -9999 -9999 -9999 -9999 -9999 -9999 0.83986556529998779297 0.84214472770690917969 0.85685002803802490234 0.85709601640701293945 0.84988218545913696289 0.85239779949188232422 0.85759931802749633789 0.81114727258682250977 0.79879528284072875977 0.81228905916213989258 0.85196721553802490234 0.85825443267822265625 0.83802545070648193359 0.838043212890625 0.84674304723739624023 0.82614064216613769531 0.82210874557495117188 0.85425293445587158203 0.82933694124221801758 0.7746670842170715332 0.80284547805786132812 0.81836742162704467773 0.83036202192306518555 0.80770081281661987305 0.7888825535774230957 0.80934286117553710938 0.80793702602386474609 0.85554987192153930664 0.84716451168060302734 0.83141660690307617188 0.82149475812911987305 0.84227615594863891602 0.85008740425109863281 0.85499757528305053711
-9999 -9999 -9999 -9999 -9999 -9999 -9999 -9999 -9999 -9999 -9999 0.85193485021591186523 0.84883362054824829102 0.85064613819122314453 0.85610157251358032227 0.85772091150283813477 0.85961377620697021484 0.86076104640960693359 0.8524392247200012207 0.84331071376800537109 0.83664405345916748047 0.85602158308029174805 0.8612461090087890625 0.85146719217300415039 0.83470195531845092773 0.84976631402969360352 0.82960772514343261719 0.83467650413513183594 0.85786902904510498047 0.84192126989364624023 0.82215154170989990234 0.77473366260528564453 0.82298046350479125977 0.84371626377105712891 0.82784634828567504883 0.81288981437683105469 0.80053436756134033203 0.81597107648849487305 0.85414707660675048828 0.84650790691375732422 0.84057193994522094727 0.84624260663986206055 0.85205084085464477539 0.84514403343200683594 0.84480345249176025391
-9999 -9999 -9999 -9999 -9999 -9999 -9999 -9999 -9999 -9999 -9999 0.86038869619369506836 0.86317902803421020508 0.85557943582534790039 0.86209130287170410156 0.85882788896560668945 0.8593006134033203125 0.86204141378402709961 0.85464596748352050781 0.84885185956954956055 0.85577511787414550781 0.85705047845840454102 0.86084502935409545898 0.86320906877517700195 0.82890421152114868164 0.85171854496002197266 0.84254628419876098633 0.84171766042709350586 0.85773646831512451172 0.84870797395706176758 0.83648729324340820312 0.79953992366790771484 0.83632814884185791016 0.85204333066940307617 0.83648079633712768555 0.82701468467712402344 0.81974965333938598633 0.81685352325439453125 0.84668409824371337891 0.83897119760513305664 0.84104824066162109375 0.84427607059478759766 0.85008209943771362305 0.85628670454025268555 0.85095250606536865234
-9999 -9999 -9999 -9999 -9999 -9999 -9999 -9999 -9999 -9999 0.86107492446899414062 0.86218315362930297852 0.8632004857063293457 0.8616530299186706543 0.86542302370071411133 0.8620592951774597168 0.86432272195816040039 0.86523205041885375977 0.85849142074584960938 0.86146068572998046875 0.86405664682388305664 0.85787850618362426758 0.8506755828857421875 0.86392307281494140625 0.83555871248245239258 0.8490435481071472168 0.84905534982681274414 0.84910845756530761719 0.85695302486419677734 0.85187852382659912109 0.83789527416229248047 0.81744205951690673828 0.82332116365432739258 0.8589878082275390625 0.83296668529510498047 0.83185553550720214844 0.83173322677612304688 0.82895463705062866211 0.85189837217330932617 0.84340429306030273438 0.82112735509872436523 0.83268249034881591797 0.84337699413299560547 0.85029953718185424805 0.83869445323944091797
-9999 -9999 -9999 -9999 -9999 -9999 -9999 -9999 -9999 0.85955798625946044922 0.86273586750030517578 0.86048090457916259766 0.86087805032730102539 0.86339050531387329102 0.8694031834602355957 0.8663946986198425293 0.86838001012802124023 0.86777484416961669922 0.8656775355339050293 0.86634904146194458008 0.86626106500625610352 0.86055296659469604492 0.86045557260513305664 0.8623027801513671875 0.86233842372894287109 0.84698444604873657227 0.85127103328704833984 0.84824967384338378906 0.85582029819488525391 0.84976732730865478516 0.83311706781387329102 0.83561444282531738281 0.83630615472793579102 0.85842317342758178711 0.84466689825057983398 0.83863729238510131836 0.83956819772720336914 0.84377384185791015625 0.85603547096252441406 0.84924513101577758789 0.82410854101181030273 0.84055358171463012695 0.80753809213638305664 0.84279966354370117188 0.84225374460220336914
-9999 -9999 -9999 -9999 -9999 -9999 -9999 -9999 0.86649888753890991211 0.86511689424514770508 0.86944842338562011719 0.86836659908294677734 0.86388385295867919922 0.86460846662521362305 0.87160730361938476562 0.87117707729339599609 0.86655777692794799805 0.87041884660720825195 0.86630088090896606445 0.86707407236099243164 0.86885917186737060547 0.86887013912200927734 0.86678487062454223633 0.85983902215957641602 0.86755126714706420898 0.85297864675521850586 0.85338693857192993164 0.85255128145217895508 0.85489612817764282227 0.84816926717758178711 0.8439890742301940918 0.85081583261489868164 0.85277760028839111328 0.86039048433303833008 0.85457372665405273438 0.84978055953979492188 0.84589666128158569336 0.84890639781951904297 0.85705339908599853516 0.84234327077865600586 0.83444792032241821289 0.84591078758239746094 0.81970560550689697266 0.84158301353454589844 0.84305727481842041016
-9999 -9999 -9999 -9999 -9999 -9999 -9999 -9999 0.86353993415832519531 0.86612075567245483398 0.87093198299407958984 0.86884737014770507812 0.86825460195541381836 0.87216919660568237305 0.87347841262817382812 0.87310212850570678711 0.87247180938720703125 0.87231177091598510742 0.868938446044921875 0.87011641263961791992 0.87159991264343261719 0.87019991874694824219 0.8693644404411315918 0.86386674642562866211 0.86954694986343383789 0.86531090736389160156 0.86099743843078613281 0.85158777236938476562 0.85969102382659912109 0.85575854778289794922 0.85398894548416137695 0.85854196548461914062 0.86033159494400024414 0.86102074384689331055 0.85090297460556030273 0.84570038318634033203 0.85117590427398681641 0.84512060880661010742 0.8471272587776184082 0.85569030046463012695 0.84483176469802856445 0.84791505336761474609 0.84224337339401245117 0.85723024606704711914 0.855922698974609375
-9999 -9999 -9999 -9999 -9999 -9999 -9999 -9999 0.86665940284729003906 0.86118489503860473633 0.87333148717880249023 0.87345242500305175781 0.86984682083129882812 0.87504917383193969727 0.87485218048095703125 0.8749402165412902832 0.87485581636428833008 0.87459617853164672852 0.87055563926696777344 0.87392485141754150391 0.87399715185165405273 0.87354463338851928711 0.87130147218704223633 0.86958581209182739258 0.87308043241500854492 0.86457192897796630859 0.86451244354248046875 0.86823982000350952148 0.86720919609069824219 0.86589211225509643555 0.86515128612518310547 0.86536335945129394531 0.86608743667602539062 0.8659814000129699707 0.86394369602203369141 0.86708980798721313477 0.86728578805923461914 0.86685395240783691406 0.86812603473663330078 0.86734122037887573242 0.86721038818359375 0.86877143383026123047 0.8703638911247253418 0.86924344301223754883 0.87158364057540893555
