OMS_GEOET11/data/Meledrio/3/skyview_3.asc
ncols        499
nrows        494
xllcorner    629842.000000000000
yllcorner    5121898.000000000000
cellsize     30.000000000000
NODATA_value  -9999
[rows 320 to 339 of 494, columns 315 to 359 of 499]
0.79688239097595214844 0.79747170209884643555 0.78604960441589355469 0.82775658369064331055 0.83119058609008789062 0.83824658393859863281 0.83722716569900512695 0.85583132505416870117 0.86980772018432617188 0.86030292510986328125 0.85049808025360107422 0.83939599990844726562 0.80884343385696411133 0.77721405029296875 0.75996977090835571289 0.76538604497909545898 0.90985280275344848633 0.95413774251937866211 0.93374603986740112305 0.93406134843826293945 0.94751942157745361328 0.93904149532318115234 0.94614100456237792969 0.85408604145050048828 0.77121359109878540039 0.81968832015991210938 0.8432871699333190918 0.85527718067169189453 0.86470359563827514648 0.88361191749572753906 0.89669018983840942383 0.90035909414291381836 0.90523695945739746094 0.90904951095581054688 0.91112804412841796875 0.91250747442245483398 0.91569536924362182617 0.91732347011566162109 0.91702443361282348633 0.91254198551177978516 0.90880239009857177734 0.90317201614379882812 0.89865350723266601562 0.88294363021850585938 0.85678952932357788086
0.76699078083038330078 0.72332894802093505859 0.82787746191024780273 0.81903004646301269531 0.83394104242324829102 0.83757096529006958008 0.85305196046829223633 0.83746790885925292969 0.85491359233856201172 0.86457979679107666016 0.84027695655822753906 0.82517850399017333984 0.79595798254013061523 0.76592814922332763672 0.72632813453674316406 0.76503485441207885742 0.92764055728912353516 0.94930577278137207031 0.92017889022827148438 0.94323837757110595703 0.9427801966667175293 0.93802189826965332031 0.94277554750442504883 0.83175814151763916016 0.75410306453704833984 0.81606805324554443359 0.84114307165145874023 0.84599745273590087891 0.86042845249176025391 0.88142240047454833984 0.89428049325942993164 0.89851528406143188477 0.90608769655227661133 0.90788346529006958008 0.90943998098373413086 0.91100269556045532227 0.91590321063995361328 0.91686463356018066406 0.91657346487045288086 0.9141228795051574707 0.9076983332633972168 0.90070044994354248047 0.89849162101745605469 0.88401025533676147461 0.85307925939559936523
0.84514456987380981445 0.8592357635498046875 0.88923251628875732422 0.88167774677276611328 0.88824057579040527344 0.88445079326629638672 0.88315874338150024414 0.85858041048049926758 0.86813175678253173828 0.83527648448944091797 0.83601766824722290039 0.81132882833480834961 0.79378581047058105469 0.75744730234146118164 0.77745705842971801758 0.83268690109252929688 0.9478054046630859375 0.94854152202606201172 0.94065970182418823242 0.94648140668869018555 0.93909639120101928711 0.95231425762176513672 0.88852578401565551758 0.78141582012176513672 0.79710668325424194336 0.8275420069694519043 0.83405852317810058594 0.84756797552108764648 0.87352430820465087891 0.8842029571533203125 0.89357626438140869141 0.90207916498184204102 0.90527647733688354492 0.90484690666198730469 0.91136872768402099609 0.91416698694229125977 0.91420525312423706055 0.91592586040496826172 0.91371428966522216797 0.91197150945663452148 0.90582346916198730469 0.90140986442565917969 0.89709711074829101562 0.88266611099243164062 0.85800820589065551758
0.92946380376815795898 0.92705768346786499023 0.92222863435745239258 0.90302067995071411133 0.90761482715606689453 0.90253484249114990234 0.89489758014678955078 0.8815600275993347168 0.8715991973876953125 0.84252727031707763672 0.86095917224884033203 0.85677814483642578125 0.81861138343811035156 0.78633654117584228516 0.79663866758346557617 0.85493075847625732422 0.95634484291076660156 0.93964993953704833984 0.94206309318542480469 0.94310462474822998047 0.94446140527725219727 0.94225227832794189453 0.83682709932327270508 0.77624654769897460938 0.81070941686630249023 0.83619779348373413086 0.84109598398208618164 0.84786736965179443359 0.87204962968826293945 0.88059228658676147461 0.89362156391143798828 0.90048068761825561523 0.90327870845794677734 0.90468686819076538086 0.91051733493804931641 0.91518175601959228516 0.91339081525802612305 0.91507631540298461914 0.9121570587158203125 0.90908914804458618164 0.90326273441314697266 0.90048068761825561523 0.89982932806015014648 0.8890285491943359375 0.87821501493453979492
0.89664745330810546875 0.89445424079895019531 0.89399105310440063477 0.88789355754852294922 0.90048873424530029297 0.89578950405120849609 0.89399820566177368164 0.88634467124938964844 0.86885559558868408203 0.83273547887802124023 0.87311625480651855469 0.86473715305328369141 0.83011114597320556641 0.81590658426284790039 0.81273275613784790039 0.89153259992599487305 0.95193409919738769531 0.92957192659378051758 0.93069195747375488281 0.93287867307662963867 0.94057744741439819336 0.93014156818389892578 0.82754224538803100586 0.80562561750411987305 0.82376825809478759766 0.8382320404052734375 0.83646792173385620117 0.84546697139739990234 0.86821514368057250977 0.86971443891525268555 0.87893956899642944336 0.89155715703964233398 0.89515197277069091797 0.8978290557861328125 0.9080677032470703125 0.91267228126525878906 0.91261470317840576172 0.91244477033615112305 0.91076004505157470703 0.90646874904632568359 0.9034869074821472168 0.90465247631072998047 0.89998143911361694336 0.89023035764694213867 0.87427020072937011719
0.8543828129768371582 0.88887304067611694336 0.90062862634658813477 0.90029180049896240234 0.89896976947784423828 0.90033674240112304688 0.89448207616806030273 0.88932090997695922852 0.86307507753372192383 0.81817573308944702148 0.87327730655670166016 0.87534987926483154297 0.84715658426284790039 0.79437547922134399414 0.78574311733245849609 0.8290278315544128418 0.93990486860275268555 0.92001551389694213867 0.9274228215217590332 0.91800600290298461914 0.93423742055892944336 0.91870832443237304688 0.82578873634338378906 0.7938168644905090332 0.82328677177429199219 0.83586269617080688477 0.838649749755859375 0.85463893413543701172 0.87211537361145019531 0.87535846233367919922 0.86784166097640991211 0.87908208370208740234 0.87209993600845336914 0.89094787836074829102 0.90332770347595214844 0.91146928071975708008 0.91059088706970214844 0.91068261861801147461 0.90893626213073730469 0.90488320589065551758 0.90451085567474365234 0.90374279022216796875 0.89899808168411254883 0.89338952302932739258 0.88720428943634033203
0.86886101961135864258 0.88947999477386474609 0.89698648452758789062 0.88658934831619262695 0.88882488012313842773 0.89456957578659057617 0.89602017402648925781 0.89324110746383666992 0.87153685092926025391 0.86948132514953613281 0.88821715116500854492 0.88056659698486328125 0.84878206253051757812 0.78806900978088378906 0.75454288721084594727 0.74222320318222045898 0.87699568271636962891 0.92035055160522460938 0.92678278684616088867 0.92726868391036987305 0.94861376285552978516 0.91359466314315795898 0.81060290336608886719 0.75581884384155273438 0.79892319440841674805 0.82117736339569091797 0.84408682584762573242 0.85292261838912963867 0.88712722063064575195 0.87346643209457397461 0.88669008016586303711 0.89672273397445678711 0.90352046489715576172 0.90554702281951904297 0.9018771052360534668 0.9094454646110534668 0.90270280838012695312 0.90724098682403564453 0.90809690952301025391 0.90348112583160400391 0.89972090721130371094 0.90813577175140380859 0.90049892663955688477 0.89165318012237548828 0.87777948379516601562
0.88030350208282470703 0.89096653461456298828 0.89192599058151245117 0.87377923727035522461 0.87652289867401123047 0.89548105001449584961 0.89687359333038330078 0.89435303211212158203 0.88849824666976928711 0.89186447858810424805 0.88681614398956298828 0.87955290079116821289 0.86264133453369140625 0.82468616962432861328 0.7807356715202331543 0.75003391504287719727 0.79984372854232788086 0.91513222455978393555 0.94301819801330566406 0.94744014739990234375 0.94722503423690795898 0.89813393354415893555 0.82862013578414916992 0.78044503927230834961 0.79448586702346801758 0.83541715145111083984 0.8514493107795715332 0.86280530691146850586 0.89562946557998657227 0.90509110689163208008 0.91403931379318237305 0.91684359312057495117 0.91849714517593383789 0.91721051931381225586 0.90910571813583374023 0.91324132680892944336 0.91832065582275390625 0.91412335634231567383 0.90605729818344116211 0.9026553034782409668 0.90531176328659057617 0.91354441642761230469 0.90441840887069702148 0.90240681171417236328 0.89046049118041992188
0.85717481374740600586 0.87402456998825073242 0.87385797500610351562 0.89211094379425048828 0.89869135618209838867 0.90686523914337158203 0.89956712722778320312 0.89047998189926147461 0.8844845890998840332 0.89970719814300537109 0.88631319999694824219 0.86969083547592163086 0.85611301660537719727 0.82406145334243774414 0.77909451723098754883 0.69559419155120849609 0.78329229354858398438 0.9116846919059753418 0.95852988958358764648 0.9503682255744934082 0.94115728139877319336 0.89063060283660888672 0.83906704187393188477 0.79273384809494018555 0.8091036677360534668 0.83226191997528076172 0.85356563329696655273 0.88667809963226318359 0.89855796098709106445 0.91830182075500488281 0.91890305280685424805 0.91834586858749389648 0.91235375404357910156 0.91242253780364990234 0.91267466545104980469 0.9133847355842590332 0.9169756770133972168 0.91233557462692260742 0.89101618528366088867 0.89845567941665649414 0.90577131509780883789 0.91561138629913330078 0.91000270843505859375 0.9143829345703125 0.90164846181869506836
0.8394787907600402832 0.87512516975402832031 0.892513275146484375 0.91012758016586303711 0.91368347406387329102 0.91129779815673828125 0.9066257476806640625 0.89893269538879394531 0.89447790384292602539 0.89948803186416625977 0.8926054835319519043 0.8746439814567565918 0.84912258386611938477 0.82227993011474609375 0.78304332494735717773 0.72065412998199462891 0.78513818979263305664 0.87762433290481567383 0.95152693986892700195 0.95984363555908203125 0.94497853517532348633 0.89284712076187133789 0.85598129034042358398 0.83057653903961181641 0.81856930255889892578 0.84867072105407714844 0.87967026233673095703 0.89921659231185913086 0.90838354825973510742 0.91752409934997558594 0.91887903213500976562 0.91689324378967285156 0.8955783843994140625 0.91010141372680664062 0.91513490676879882812 0.91600531339645385742 0.91893738508224487305 0.91829991340637207031 0.89213502407073974609 0.87501877546310424805 0.91661822795867919922 0.92236715555191040039 0.91740953922271728516 0.91722136735916137695 0.90648376941680908203
0.88144326210021972656 0.88919699192047119141 0.90859675407409667969 0.9081783294677734375 0.91255623102188110352 0.91329181194305419922 0.91062021255493164062 0.90236413478851318359 0.89929342269897460938 0.88227641582489013672 0.89282500743865966797 0.86744856834411621094 0.84988522529602050781 0.82957625389099121094 0.79825592041015625 0.7730299830436706543 0.78903239965438842773 0.85168099403381347656 0.93273711204528808594 0.96378672122955322266 0.93914932012557983398 0.89709079265594482422 0.8762137293815612793 0.85329717397689819336 0.82452017068862915039 0.86250770092010498047 0.88022750616073608398 0.89663016796112060547 0.91154974699020385742 0.91745346784591674805 0.91704642772674560547 0.90992778539657592773 0.89109373092651367188 0.90958887338638305664 0.91646629571914672852 0.9169604182243347168 0.92001354694366455078 0.92207491397857666016 0.91680455207824707031 0.90807735919952392578 0.92622333765029907227 0.92373818159103393555 0.91756570339202880859 0.91461592912673950195 0.90545541048049926758
0.90092670917510986328 0.90540939569473266602 0.9003003239631652832 0.89820235967636108398 0.90954816341400146484 0.91200196743011474609 0.90865099430084228516 0.90069478750228881836 0.89586281776428222656 0.88548904657363891602 0.86780095100402832031 0.86846727132797241211 0.84613090753555297852 0.81948059797286987305 0.79939532279968261719 0.77091008424758911133 0.79081678390502929688 0.83394908905029296875 0.93653982877731323242 0.96070158481597900391 0.93195462226867675781 0.90493154525756835938 0.87290835380554199219 0.84221661090850830078 0.81388467550277709961 0.83254843950271606445 0.85924881696701049805 0.89515864849090576172 0.91211682558059692383 0.91702002286911010742 0.90459972620010375977 0.88384670019149780273 0.88848763704299926758 0.9090163111686706543 0.91547214984893798828 0.91763919591903686523 0.9174035191535949707 0.92063021659851074219 0.91775846481323242188 0.91360133886337280273 0.91421848535537719727 0.91604089736938476562 0.91645985841751098633 0.91132849454879760742 0.90031516551971435547
0.89152896404266357422 0.89294230937957763672 0.88586926460266113281 0.89702039957046508789 0.90472507476806640625 0.90737968683242797852 0.90152227878570556641 0.89740228652954101562 0.89306020736694335938 0.88606125116348266602 0.87785243988037109375 0.85944890975952148438 0.85568028688430786133 0.83014702796936035156 0.80616271495819091797 0.78642058372497558594 0.78156465291976928711 0.87568634748458862305 0.95816344022750854492 0.94812673330307006836 0.9224154353141784668 0.91392999887466430664 0.88184624910354614258 0.85528582334518432617 0.84287220239639282227 0.851909637451171875 0.8651040196418762207 0.89126533269882202148 0.91183716058731079102 0.90954136848449707031 0.88595944643020629883 0.88100534677505493164 0.90094065666198730469 0.90794777870178222656 0.9148960113525390625 0.91463923454284667969 0.91659879684448242188 0.91608607769012451172 0.91423815488815307617 0.91119569540023803711 0.91371268033981323242 0.90375107526779174805 0.91547167301177978516 0.90802145004272460938 0.88961946964263916016
0.86098074913024902344 0.85898625850677490234 0.87536209821701049805 0.89471799135208129883 0.90097898244857788086 0.89988255500793457031 0.89767473936080932617 0.89756697416305541992 0.88989841938018798828 0.88625502586364746094 0.88030564785003662109 0.86635726690292358398 0.87675482034683227539 0.83171260356903076172 0.81067168712615966797 0.79620277881622314453 0.85554546117782592773 0.92952704429626464844 0.95693814754486083984 0.93761283159255981445 0.92231726646423339844 0.90693175792694091797 0.87846696376800537109 0.8356615900993347168 0.83259224891662597656 0.84981697797775268555 0.87218779325485229492 0.88883244991302490234 0.90680706501007080078 0.89752531051635742188 0.88856452703475952148 0.88061773777008056641 0.89979076385498046875 0.90559267997741699219 0.90952986478805541992 0.91231060028076171875 0.9141057133674621582 0.91288018226623535156 0.90313106775283813477 0.91430628299713134766 0.91748183965682983398 0.90216618776321411133 0.91771811246871948242 0.92155891656875610352 0.89349597692489624023
0.85321462154388427734 0.85476273298263549805 0.87137037515640258789 0.89216142892837524414 0.89783847332000732422 0.89525949954986572266 0.89677137136459350586 0.89406806230545043945 0.88719773292541503906 0.88241624832153320312 0.8797359466552734375 0.87941306829452514648 0.87577736377716064453 0.84055399894714355469 0.8120257258415222168 0.80346673727035522461 0.86024498939514160156 0.93914723396301269531 0.9408817291259765625 0.93089109659194946289 0.90383690595626831055 0.88735288381576538086 0.87893748283386230469 0.86487233638763427734 0.88511025905609130859 0.88295984268188476562 0.88928866386413574219 0.89944827556610107422 0.90058618783950805664 0.90085268020629882812 0.89734703302383422852 0.89728921651840209961 0.90137732028961181641 0.90484017133712768555 0.90970432758331298828 0.91155004501342773438 0.91186660528182983398 0.91301143169403076172 0.89614075422286987305 0.88635796308517456055 0.90954238176345825195 0.90523380041122436523 0.91619360446929931641 0.92092889547348022461 0.91387009620666503906
0.83756083250045776367 0.84663748741149902344 0.86532515287399291992 0.88357305526733398438 0.88356238603591918945 0.89054864645004272461 0.89247810840606689453 0.88800299167633056641 0.88573729991912841797 0.8821506500244140625 0.87036049365997314453 0.88113826513290405273 0.86699914932250976562 0.8301919102668762207 0.80426734685897827148 0.79593294858932495117 0.84806418418884277344 0.94995963573455810547 0.93521904945373535156 0.91237807273864746094 0.88199973106384277344 0.85567557811737060547 0.87592941522598266602 0.8538805842399597168 0.87008917331695556641 0.87778872251510620117 0.87809008359909057617 0.90530759096145629883 0.88913184404373168945 0.88951206207275390625 0.88526004552841186523 0.89778977632522583008 0.90147578716278076172 0.90729176998138427734 0.90717065334320068359 0.91169816255569458008 0.91283774375915527344 0.91423112154006958008 0.90394043922424316406 0.88059943914413452148 0.91577357053756713867 0.90902423858642578125 0.91159033775329589844 0.91902190446853637695 0.91226571798324584961
0.79897296428680419922 0.84035974740982055664 0.85172182321548461914 0.86457765102386474609 0.87906789779663085938 0.88596159219741821289 0.88814914226531982422 0.88575083017349243164 0.87697881460189819336 0.87749314308166503906 0.86844295263290405273 0.86783427000045776367 0.85676050186157226562 0.82624548673629760742 0.82051324844360351562 0.79904603958129882812 0.84465962648391723633 0.95095527172088623047 0.92745023965835571289 0.88280510902404785156 0.84735095500946044922 0.87390977144241333008 0.87166929244995117188 0.89873093366622924805 0.90725851058959960938 0.89248347282409667969 0.89144688844680786133 0.90422588586807250977 0.87101358175277709961 0.88445806503295898438 0.89223825931549072266 0.89714270830154418945 0.89896482229232788086 0.90359723567962646484 0.89842432737350463867 0.89711946249008178711 0.91498124599456787109 0.91323357820510864258 0.9040591120719909668 0.89057552814483642578 0.92356377840042114258 0.90961939096450805664 0.90433329343795776367 0.91369670629501342773 0.91649198532104492188
0.78771013021469116211 0.82350021600723266602 0.82825028896331787109 0.85155820846557617188 0.87683665752410888672 0.88420164585113525391 0.88443911075592041016 0.87817859649658203125 0.87628287076950073242 0.87339413166046142578 0.86644023656845092773 0.86428117752075195312 0.82831329107284545898 0.81821399927139282227 0.80740600824356079102 0.77606117725372314453 0.83778542280197143555 0.95546859502792358398 0.91765242815017700195 0.85597497224807739258 0.83959418535232543945 0.84080082178115844727 0.85810989141464233398 0.88618242740631103516 0.90278339385986328125 0.85129821300506591797 0.88644814491271972656 0.89635252952575683594 0.88313299417495727539 0.88536024093627929688 0.89268171787261962891 0.89368557929992675781 0.89562684297561645508 0.8978258967399597168 0.88291525840759277344 0.89123553037643432617 0.92266118526458740234 0.91973042488098144531 0.90884733200073242188 0.90422159433364868164 0.92760485410690307617 0.92319488525390625 0.91365838050842285156 0.91109168529510498047 0.91118162870407104492
0.8184350132942199707 0.83335572481155395508 0.83008730411529541016 0.85584867000579833984 0.87357634305953979492 0.88055270910263061523 0.88894093036651611328 0.8864606022834777832 0.878429412841796875 0.8753026127815246582 0.86490792036056518555 0.84237813949584960938 0.80475574731826782227 0.83664363622665405273 0.79670774936676025391 0.73994183540344238281 0.85382747650146484375 0.94778215885162353516 0.90147954225540161133 0.82301348447799682617 0.81031149625778198242 0.79890108108520507812 0.82899457216262817383 0.86329412460327148438 0.8913599848747253418 0.86500114202499389648 0.89079719781875610352 0.89950716495513916016 0.89796835184097290039 0.89845335483551025391 0.90203440189361572266 0.89565289020538330078 0.89082103967666625977 0.9029369354248046875 0.90145242214202880859 0.90271276235580444336 0.92362993955612182617 0.91514199972152709961 0.9055417180061340332 0.89652734994888305664 0.90123528242111206055 0.91009181737899780273 0.9143473505973815918 0.9069163203239440918 0.90269011259078979492
0.84612089395523071289 0.86283117532730102539 0.8604227900505065918 0.86838740110397338867 0.87437468767166137695 0.88511574268341064453 0.89073199033737182617 0.88896268606185913086 0.88591796159744262695 0.86940151453018188477 0.84270739555358886719 0.79091185331344604492 0.84971749782562255859 0.86281418800354003906 0.81057685613632202148 0.73514479398727416992 0.85886740684509277344 0.9518267512321472168 0.91008073091506958008 0.83192211389541625977 0.7981726527214050293 0.81263309717178344727 0.84957027435302734375 0.85960847139358520508 0.87689042091369628906 0.88604187965393066406 0.89810657501220703125 0.90032225847244262695 0.90677011013031005859 0.89398294687271118164 0.89107233285903930664 0.89142954349517822266 0.8834349513053894043 0.87149894237518310547 0.90893501043319702148 0.92326956987380981445 0.92479842901229858398 0.91114163398742675781 0.88776063919067382812 0.88535606861114501953 0.89472436904907226562 0.92293637990951538086 0.91723138093948364258 0.90229803323745727539 0.88992387056350708008
