OMS_GEOET11/data/Meledrio/3/skyview_3.asc
ncols        499
nrows        494
xllcorner    629842.000000000000
yllcorner    5121898.000000000000
cellsize     30.000000000000
NODATA_value  -9999
[rows 180 to 199 of 494, columns 180 to 224 of 499]
0.87507700920104980469 0.87474018335342407227 0.87861943244934082031 0.88540226221084594727 0.88714164495468139648 0.88820195198059082031 0.88860714435577392578 0.88427734375 0.88774770498275756836 0.90145635604858398438 0.87037926912307739258 0.85538440942764282227 0.85099995136260986328 0.86169838905334472656 0.84336072206497192383 0.8490123748779296875 0.86841970682144165039 0.8710772395133972168 0.84299296140670776367 0.85784268379211425781 0.82944732904434204102 0.83248156309127807617 0.82524168491363525391 0.80686217546463012695 0.80868875980377197266 0.77603232860565185547 0.83449691534042358398 0.84352672100067138672 0.87967962026596069336 0.9020188450813293457 0.88745093345642089844 0.8587017059326171875 0.85188782215118408203 0.83330070972442626953 0.81842589378356933594 0.81028801202774047852 0.75942564010620117188 0.73371541500091552734 0.82168674468994140625 0.83152449131011962891 0.87580335140228271484 0.88069581985473632812 0.8776728510856628418 0.84737610816955566406 0.86119091510772705078
0.87611240148544311523 0.88143235445022583008 0.88660985231399536133 0.89354568719863891602 0.89340424537658691406 0.8915602564811706543 0.89642548561096191406 0.88471865653991699219 0.86416077613830566406 0.88816535472869873047 0.87336212396621704102 0.85512691736221313477 0.86065632104873657227 0.85842972993850708008 0.82584524154663085938 0.84464401006698608398 0.85608887672424316406 0.85930705070495605469 0.84879565238952636719 0.87201547622680664062 0.82832449674606323242 0.83324009180068969727 0.81094580888748168945 0.81625068187713623047 0.81293505430221557617 0.77574586868286132812 0.81193894147872924805 0.8186772465705871582 0.84641939401626586914 0.88473021984100341797 0.89891982078552246094 0.88022458553314208984 0.89276427030563354492 0.87844580411911010742 0.83546549081802368164 0.80087095499038696289 0.77961510419845581055 0.77129405736923217773 0.72199195623397827148 0.76453417539596557617 0.83704286813735961914 0.87396085262298583984 0.87953805923461914062 0.85239022970199584961 0.85955852270126342773
0.8868535161018371582 0.88959318399429321289 0.89230257272720336914 0.89437317848205566406 0.89159238338470458984 0.89296197891235351562 0.89429372549057006836 0.89121091365814208984 0.88451611995697021484 0.8826929926872253418 0.87961798906326293945 0.87366515398025512695 0.87737178802490234375 0.87531518936157226562 0.8547642827033996582 0.84511387348175048828 0.83090704679489135742 0.84547537565231323242 0.83774828910827636719 0.86001837253570556641 0.84106594324111938477 0.84962069988250732422 0.83844912052154541016 0.83339476585388183594 0.80925166606903076172 0.80306094884872436523 0.81299287080764770508 0.82166451215744018555 0.8323605656623840332 0.86894190311431884766 0.90259259939193725586 0.87852621078491210938 0.88404935598373413086 0.87929248809814453125 0.83762609958648681641 0.83183872699737548828 0.80604416131973266602 0.77711021900177001953 0.7753893733024597168 0.67625021934509277344 0.77743589878082275391 0.80492728948593139648 0.87435841560363769531 0.87041485309600830078 0.86418884992599487305
0.86867594718933105469 0.87970823049545288086 0.89492690563201904297 0.89468610286712646484 0.8790766596794128418 0.89409196376800537109 0.89698994159698486328 0.89085584878921508789 0.89042609930038452148 0.87889057397842407227 0.87470060586929321289 0.87488722801208496094 0.8803164362907409668 0.87724775075912475586 0.871456146240234375 0.85972881317138671875 0.85118365287780761719 0.83302068710327148438 0.84478038549423217773 0.85561507940292358398 0.81276357173919677734 0.85399848222732543945 0.86328756809234619141 0.85419428348541259766 0.83334320783615112305 0.83155810832977294922 0.8338953852653503418 0.82071471214294433594 0.84523606300354003906 0.8372204899787902832 0.89857071638107299805 0.86267435550689697266 0.86792922019958496094 0.86376965045928955078 0.86624890565872192383 0.8533382415771484375 0.81999969482421875 0.7948048710823059082 0.79142183065414428711 0.72640663385391235352 0.58870780467987060547 0.69426208734512329102 0.8391196131706237793 0.87350934743881225586 0.86213976144790649414
0.85112857818603515625 0.87212610244750976562 0.887577056884765625 0.86729043722152709961 0.87782156467437744141 0.89094442129135131836 0.89171081781387329102 0.89075243473052978516 0.87325561046600341797 0.87523239850997924805 0.87963372468948364258 0.87083721160888671875 0.88326740264892578125 0.88381582498550415039 0.87746906280517578125 0.8731231689453125 0.87358164787292480469 0.86363309621810913086 0.85174459218978881836 0.86521613597869873047 0.86400067806243896484 0.87250220775604248047 0.88379907608032226562 0.87001508474349975586 0.83742982149124145508 0.85006892681121826172 0.84542787075042724609 0.82791215181350708008 0.8291168212890625 0.81697070598602294922 0.88875973224639892578 0.86622065305709838867 0.86519145965576171875 0.87327861785888671875 0.86895763874053955078 0.87017399072647094727 0.84039437770843505859 0.82349056005477905273 0.82159692049026489258 0.80055707693099975586 0.79135543107986450195 0.69751644134521484375 0.78662192821502685547 0.85722684860229492188 0.86748850345611572266
0.84956097602844238281 0.84385663270950317383 0.8641236424446105957 0.86200261116027832031 0.88177102804183959961 0.89042222499847412109 0.89761567115783691406 0.89294654130935668945 0.89027476310729980469 0.89145988225936889648 0.87300527095794677734 0.88023108243942260742 0.88281416893005371094 0.89191257953643798828 0.88695198297500610352 0.88403350114822387695 0.88652151823043823242 0.87189477682113647461 0.85081952810287475586 0.85196614265441894531 0.85883855819702148438 0.88145297765731811523 0.88764613866806030273 0.88346958160400390625 0.85651880502700805664 0.85924434661865234375 0.86133629083633422852 0.85213565826416015625 0.84276956319808959961 0.82532501220703125 0.87201994657516479492 0.87160289287567138672 0.87484085559844970703 0.88175040483474731445 0.88539725542068481445 0.8829053044319152832 0.85730016231536865234 0.85002660751342773438 0.83895474672317504883 0.80353176593780517578 0.73756629228591918945 0.61801040172576904297 0.72769296169281005859 0.77221792936325073242 0.83624720573425292969
0.83182299137115478516 0.82979148626327514648 0.85485631227493286133 0.85802119970321655273 0.89108437299728393555 0.90176224708557128906 0.90015757083892822266 0.89572095870971679688 0.89715361595153808594 0.89832061529159545898 0.88013529777526855469 0.86168283224105834961 0.87785512208938598633 0.89026480913162231445 0.89050513505935668945 0.89588487148284912109 0.88936561346054077148 0.86471563577651977539 0.8535671234130859375 0.85248744487762451172 0.85917520523071289062 0.876514434814453125 0.88287949562072753906 0.88366705179214477539 0.86890619993209838867 0.87889021635055541992 0.87273889780044555664 0.87199270725250244141 0.86857968568801879883 0.86201840639114379883 0.88930946588516235352 0.89765608310699462891 0.872631072998046875 0.88475531339645385742 0.87938672304153442383 0.88346284627914428711 0.86162382364273071289 0.84759753942489624023 0.8279387354850769043 0.79252386093139648438 0.75379335880279541016 0.73362576961517333984 0.60686409473419189453 0.6363067626953125 0.79394745826721191406
0.86296266317367553711 0.87158006429672241211 0.88158363103866577148 0.88223636150360107422 0.89296704530715942383 0.89800381660461425781 0.90193516016006469727 0.9038365483283996582 0.90831303596496582031 0.90802627801895141602 0.89338791370391845703 0.85768556594848632812 0.85611236095428466797 0.89050620794296264648 0.89519214630126953125 0.9005489349365234375 0.88865911960601806641 0.8721103668212890625 0.86217457056045532227 0.86682081222534179688 0.86836302280426025391 0.87958139181137084961 0.8650048375129699707 0.88179945945739746094 0.88332337141036987305 0.88060015439987182617 0.87916511297225952148 0.88634699583053588867 0.88707017898559570312 0.88287276029586791992 0.89299803972244262695 0.90395110845565795898 0.88928276300430297852 0.8821042180061340332 0.88438111543655395508 0.8828671574592590332 0.87833231687545776367 0.85561269521713256836 0.83899062871932983398 0.81638216972351074219 0.77678382396697998047 0.78906148672103881836 0.70118278264999389648 0.78635835647583007812 0.72351497411727905273
0.87602764368057250977 0.88332056999206542969 0.89027398824691772461 0.88993054628372192383 0.8892714381217956543 0.86728930473327636719 0.87057197093963623047 0.89065629243850708008 0.90031743049621582031 0.90443134307861328125 0.88357216119766235352 0.8353856205940246582 0.85593390464782714844 0.87840390205383300781 0.88450169563293457031 0.88740915060043334961 0.86774140596389770508 0.85740476846694946289 0.86199134588241577148 0.88585388660430908203 0.88137471675872802734 0.8773218989372253418 0.86199134588241577148 0.87756228446960449219 0.88586312532424926758 0.8876476287841796875 0.89176928997039794922 0.89407557249069213867 0.89018255472183227539 0.89156180620193481445 0.89365500211715698242 0.89522558450698852539 0.89181149005889892578 0.87723040580749511719 0.87724125385284423828 0.87146371603012084961 0.87954640388488769531 0.84538191556930541992 0.7947934269905090332 0.76276814937591552734 0.77118515968322753906 0.68832474946975708008 0.64754176139831542969 0.81117129325866699219 0.72050189971923828125
0.88790899515151977539 0.8899472355842590332 0.89602029323577880859 0.89862471818923950195 0.89884144067764282227 0.8972415924072265625 0.89388680458068847656 0.8818842768669128418 0.88427430391311645508 0.89376157522201538086 0.87477380037307739258 0.85325080156326293945 0.85381388664245605469 0.87493556737899780273 0.89119201898574829102 0.87538737058639526367 0.87539106607437133789 0.87787210941314697266 0.88026201725006103516 0.88230001926422119141 0.88707500696182250977 0.86351752281188964844 0.88322824239730834961 0.88771432638168334961 0.88843333721160888672 0.8876819610595703125 0.89543747901916503906 0.89660423994064331055 0.88921767473220825195 0.88383823633193969727 0.88979989290237426758 0.89554232358932495117 0.88555228710174560547 0.87256836891174316406 0.86556243896484375 0.87319314479827880859 0.88193941116333007812 0.83888059854507446289 0.7856337428092956543 0.74930626153945922852 0.73588907718658447266 0.71569269895553588867 0.66903102397918701172 0.73177343606948852539 0.68017816543579101562
0.89772069454193115234 0.89286524057388305664 0.90096914768218994141 0.90277075767517089844 0.90448260307312011719 0.89659261703491210938 0.90242159366607666016 0.90269410610198974609 0.90352010726928710938 0.90899842977523803711 0.8974234461784362793 0.8841953277587890625 0.881725311279296875 0.87488847970962524414 0.88826888799667358398 0.89250463247299194336 0.89535295963287353516 0.88892793655395507812 0.88185828924179077148 0.88636183738708496094 0.87351047992706298828 0.87659150362014770508 0.88169229030609130859 0.89200407266616821289 0.88931387662887573242 0.88914817571640014648 0.88753789663314819336 0.8923867344856262207 0.89036101102828979492 0.8847033381462097168 0.87902414798736572266 0.87438976764678955078 0.86464738845825195312 0.86931657791137695312 0.87493604421615600586 0.88664430379867553711 0.89217865467071533203 0.87579417228698730469 0.8332640528678894043 0.78603249788284301758 0.75086158514022827148 0.73264318704605102539 0.68810349702835083008 0.7120501399040222168 0.68707644939422607422
0.88636130094528198242 0.88778924942016601562 0.8960888981819152832 0.89069640636444091797 0.89107376337051391602 0.90800517797470092773 0.90748238563537597656 0.90567290782928466797 0.90277707576751708984 0.91029030084609985352 0.89358144998550415039 0.88277387619018554688 0.87958008050918579102 0.87625598907470703125 0.86889654397964477539 0.89770752191543579102 0.89596229791641235352 0.88600069284439086914 0.87856364250183105469 0.89057046175003051758 0.88040292263031005859 0.87155038118362426758 0.87161540985107421875 0.89474540948867797852 0.89263236522674560547 0.89306461811065673828 0.87246507406234741211 0.85123091936111450195 0.86179387569427490234 0.88687038421630859375 0.88839423656463623047 0.83846771717071533203 0.85112899541854858398 0.85142540931701660156 0.86847186088562011719 0.87651348114013671875 0.87770199775695800781 0.86412584781646728516 0.86291414499282836914 0.80452936887741088867 0.77006739377975463867 0.76551544666290283203 0.72306311130523681641 0.65463626384735107422 0.64183771610260009766
0.83704143762588500977 0.82538902759552001953 0.85881561040878295898 0.85818600654602050781 0.86825257539749145508 0.89539802074432373047 0.90307915210723876953 0.89881247282028198242 0.88542026281356811523 0.89477014541625976562 0.86258327960968017578 0.85983759164810180664 0.86456018686294555664 0.8804505467414855957 0.86473995447158813477 0.89809376001358032227 0.89600872993469238281 0.88867878913879394531 0.88589280843734741211 0.88382440805435180664 0.87074398994445800781 0.88422465324401855469 0.87739574909210205078 0.8893635869026184082 0.89460211992263793945 0.88130229711532592773 0.86863797903060913086 0.87585484981536865234 0.87941193580627441406 0.89908140897750854492 0.8539600372314453125 0.85217565298080444336 0.8636792302131652832 0.87554115056991577148 0.85472089052200317383 0.84739452600479125977 0.85231173038482666016 0.84083247184753417969 0.87339442968368530273 0.82478350400924682617 0.77899223566055297852 0.75838679075241088867 0.73269635438919067383 0.67923438549041748047 0.6729462742805480957
0.83044105768203735352 0.8206297755241394043 0.81324028968811035156 0.80497652292251586914 0.83516049385070800781 0.85814005136489868164 0.87652510404586791992 0.88364833593368530273 0.86263459920883178711 0.87794554233551025391 0.86335855722427368164 0.87815958261489868164 0.88694548606872558594 0.88332676887512207031 0.86667805910110473633 0.87927174568176269531 0.89879590272903442383 0.89080679416656494141 0.88591086864471435547 0.89179426431655883789 0.88106995820999145508 0.88224470615386962891 0.87172114849090576172 0.89259672164916992188 0.89685750007629394531 0.88636863231658935547 0.8882884979248046875 0.88094311952590942383 0.87767797708511352539 0.87847810983657836914 0.88045305013656616211 0.87905973196029663086 0.88203752040863037109 0.88742297887802124023 0.86979317665100097656 0.84091937541961669922 0.83315032720565795898 0.83046990633010864258 0.86645877361297607422 0.84795767068862915039 0.81890600919723510742 0.7795054316520690918 0.75040835142135620117 0.75753587484359741211 0.5954914093017578125
0.83191800117492675781 0.81986224651336669922 0.84947192668914794922 0.85086816549301147461 0.84906113147735595703 0.84117484092712402344 0.84279108047485351562 0.85707592964172363281 0.85071271657943725586 0.86594444513320922852 0.88709253072738647461 0.88868606090545654297 0.89815258979797363281 0.87674665451049804688 0.86593496799468994141 0.86122709512710571289 0.88112342357635498047 0.86850821971893310547 0.85958689451217651367 0.87547069787979125977 0.86580121517181396484 0.88064283132553100586 0.87946456670761108398 0.83935958147048950195 0.88468974828720092773 0.87066113948822021484 0.85949403047561645508 0.87990462779998779297 0.89424329996109008789 0.89915424585342407227 0.89767926931381225586 0.88969916105270385742 0.89388364553451538086 0.88987153768539428711 0.87994343042373657227 0.85742479562759399414 0.85058301687240600586 0.84218806028366088867 0.86232513189315795898 0.8574695587158203125 0.83637899160385131836 0.80162233114242553711 0.78073596954345703125 0.77189183235168457031 0.61800611019134521484
0.83873605728149414062 0.82266771793365478516 0.83753877878189086914 0.83418232202529907227 0.83935487270355224609 0.84928655624389648438 0.82464605569839477539 0.82344156503677368164 0.83983153104782104492 0.87326222658157348633 0.89439785480499267578 0.89867639541625976562 0.88487845659255981445 0.86606955528259277344 0.86962246894836425781 0.87218469381332397461 0.87093406915664672852 0.83550059795379638672 0.86815917491912841797 0.87117928266525268555 0.83988285064697265625 0.85799831151962280273 0.8824049830436706543 0.83088028430938720703 0.87095332145690917969 0.86977392435073852539 0.87860310077667236328 0.88494193553924560547 0.89014315605163574219 0.89416062831878662109 0.89927959442138671875 0.88799363374710083008 0.89556401968002319336 0.89750528335571289062 0.88159316778182983398 0.84986412525177001953 0.82820492982864379883 0.82998931407928466797 0.85145467519760131836 0.85221815109252929688 0.8506342768669128418 0.81776517629623413086 0.76872330904006958008 0.7804902195930480957 0.67829978466033935547
0.8546511530876159668 0.84412997961044311523 0.83760398626327514648 0.82430857419967651367 0.82115167379379272461 0.83648115396499633789 0.83469438552856445312 0.82836616039276123047 0.8169224858283996582 0.84417039155960083008 0.86437022686004638672 0.85658377408981323242 0.86230719089508056641 0.85061687231063842773 0.85414147377014160156 0.85423159599304199219 0.85655504465103149414 0.86487931013107299805 0.87287849187850952148 0.87994277477264404297 0.86488544940948486328 0.87383252382278442383 0.88890206813812255859 0.87330633401870727539 0.87094998359680175781 0.8793532252311706543 0.87734848260879516602 0.89347940683364868164 0.89463269710540771484 0.89780753850936889648 0.89462137222290039062 0.88790541887283325195 0.89881443977355957031 0.90103262662887573242 0.88163232803344726562 0.83647513389587402344 0.8132165074348449707 0.81936186552047729492 0.83347648382186889648 0.84207582473754882812 0.8559093475341796875 0.84385412931442260742 0.79100489616394042969 0.79839509725570678711 0.76693499088287353516
0.83781164884567260742 0.84836745262145996094 0.8460833430290222168 0.82940846681594848633 0.8401781916618347168 0.84643787145614624023 0.83609104156494140625 0.82495832443237304688 0.82485103607177734375 0.81314349174499511719 0.83126080036163330078 0.78959089517593383789 0.86417114734649658203 0.85913002490997314453 0.84983086585998535156 0.8620274662971496582 0.86744642257690429688 0.87815320491790771484 0.89255493879318237305 0.88538640737533569336 0.88134181499481201172 0.89149022102355957031 0.89563339948654174805 0.88817131519317626953 0.87438881397247314453 0.88960725069046020508 0.88994520902633666992 0.89451396465301513672 0.89503520727157592773 0.89843839406967163086 0.90076833963394165039 0.88831257820129394531 0.90033900737762451172 0.90217101573944091797 0.887821197509765625 0.85153156518936157227 0.82996207475662231445 0.81948053836822509766 0.83390986919403076172 0.82943433523178100586 0.84401863813400268555 0.86040973663330078125 0.82319873571395874023 0.83281093835830688477 0.82324737310409545898
0.82047343254089355469 0.82976901531219482422 0.85159796476364135742 0.83071804046630859375 0.84440159797668457031 0.8474133610725402832 0.83986139297485351562 0.82199883460998535156 0.81673491001129150391 0.85180872678756713867 0.83161181211471557617 0.80208212137222290039 0.86165803670883178711 0.85008323192596435547 0.85935556888580322266 0.86880630254745483398 0.8867861628532409668 0.88858830928802490234 0.89141255617141723633 0.8886470794677734375 0.88389480113983154297 0.89598441123962402344 0.89764285087585449219 0.87807822227478027344 0.8596477508544921875 0.88485640287399291992 0.89014583826065063477 0.89317369461059570312 0.89370483160018920898 0.89916586875915527344 0.89494210481643676758 0.89268755912780761719 0.90126377344131469727 0.90099501609802246094 0.88645058870315551758 0.85383713245391845703 0.83680510520935058594 0.82411748170852661133 0.83163571357727050781 0.83376109600067138672 0.84352815151214599609 0.85720556974411010742 0.83111470937728881836 0.83727484941482543945 0.84786677360534667969
0.83627158403396606445 0.83793121576309204102 0.8550516963005065918 0.84573596715927124023 0.85200327634811401367 0.82399064302444458008 0.8233731389045715332 0.83579182624816894531 0.80329459905624389648 0.84801083803176879883 0.84529066085815429688 0.79839056730270385742 0.83945196866989135742 0.87082457542419433594 0.87467342615127563477 0.87778323888778686523 0.88557505607604980469 0.88383209705352783203 0.89072501659393310547 0.89654386043548583984 0.88566857576370239258 0.87575376033782958984 0.85891002416610717773 0.85332137346267700195 0.86951082944869995117 0.88625031709671020508 0.89469236135482788086 0.89869856834411621094 0.89871585369110107422 0.88892823457717895508 0.89600580930709838867 0.90078890323638916016 0.90264654159545898438 0.89792710542678833008 0.87181699275970458984 0.85360324382781982422 0.84074038267135620117 0.81992995738983154297 0.83041220903396606445 0.83305126428604125977 0.84837812185287475586 0.83162784576416015625 0.82860046625137329102 0.85528695583343505859 0.86573833227157592773
