OMS_GEOET11/data/Meledrio/3/skyview_3.asc
ncols        499
nrows        494
xllcorner    629842.000000000000
yllcorner    5121898.000000000000
cellsize     30.000000000000
NODATA_value  -9999
[rows 80 to 99 of 494, columns 270 to 314 of 499]
0.88006001710891723633 0.91553515195846557617 0.92162853479385375977 0.93628084659576416016 0.95353591442108154297 0.94167649745941162109 0.90516370534896850586 0.89996182918548583984 0.91263550519943237305 0.92346578836441040039 0.93114519119262695312 0.9360955357551574707 0.93788391351699829102 0.93927156925201416016 0.93709552288055419922 0.92441779375076293945 0.92826092243194580078 0.93397659063339233398 0.93312835693359375 0.91624981164932250977 0.90489017963409423828 0.89948689937591552734 0.90808385610580444336 0.92082202434539794922 0.90579491853713989258 0.90545594692230224609 0.90950894355773925781 0.90617638826370239258 0.89576607942581176758 0.8898308873176574707 0.87017893791198730469 0.85524225234985351562 0.84163796901702880859 0.86733514070510864258 0.94111102819442749023 0.93843096494674682617 0.93425238132476806641 0.93384838104248046875 0.93148744106292724609 0.91797792911529541016 0.91345745325088500977 0.90855681896209716797 0.91062092781066894531 0.8920777440071105957 0.89151531457901000977
0.87652766704559326172 0.90913563966751098633 0.92976111173629760742 0.93711900711059570312 0.95320856571197509766 0.94461303949356079102 0.90966194868087768555 0.90195763111114501953 0.90877234935760498047 0.92202717065811157227 0.93125611543655395508 0.9354877471923828125 0.93807810544967651367 0.93823742866516113281 0.93487507104873657227 0.92379838228225708008 0.93040043115615844727 0.93441611528396606445 0.92759251594543457031 0.90939825773239135742 0.90623450279235839844 0.9035930633544921875 0.91690754890441894531 0.92062240839004516602 0.89718282222747802734 0.90446579456329345703 0.90622633695602416992 0.89665627479553222656 0.89456385374069213867 0.88445913791656494141 0.85157817602157592773 0.83568096160888671875 0.83753180503845214844 0.91217184066772460938 0.94410490989685058594 0.92516541481018066406 0.9346866607666015625 0.93249142169952392578 0.92764329910278320312 0.91223323345184326172 0.91042727231979370117 0.8908202052116394043 0.89309972524642944336 0.89830672740936279297 0.89453327655792236328
0.84844660758972167969 0.90086632966995239258 0.92455810308456420898 0.93496263027191162109 0.95425850152969360352 0.94846171140670776367 0.91430830955505371094 0.8922665715217590332 0.90130627155303955078 0.91913193464279174805 0.92851215600967407227 0.93533176183700561523 0.93744999170303344727 0.93797630071640014648 0.93442630767822265625 0.92625254392623901367 0.92513865232467651367 0.93103313446044921875 0.92192697525024414062 0.89638286828994750977 0.898250579833984375 0.89493781328201293945 0.91735279560089111328 0.91832304000854492188 0.89875215291976928711 0.90703594684600830078 0.90353310108184814453 0.89297270774841308594 0.89160686731338500977 0.8724047541618347168 0.81980299949645996094 0.77754420042037963867 0.84029430150985717773 0.93358236551284790039 0.94144415855407714844 0.91967546939849853516 0.92480391263961791992 0.93048936128616333008 0.91810643672943115234 0.89287126064300537109 0.90127295255661010742 0.88912141323089599609 0.86900120973587036133 0.89201825857162475586 0.90367305278778076172
0.84967708587646484375 0.90040111541748046875 0.93047171831130981445 0.94245952367782592773 0.95511460304260253906 0.9509716033935546875 0.92483794689178466797 0.89946603775024414062 0.9072418212890625 0.92204153537750244141 0.9289385676383972168 0.93425077199935913086 0.93680924177169799805 0.93794322013854980469 0.93599361181259155273 0.92864507436752319336 0.92588716745376586914 0.92373955249786376953 0.91507887840270996094 0.89051872491836547852 0.90050131082534790039 0.89402437210083007812 0.91342395544052124023 0.91608399152755737305 0.90748846530914306641 0.90799170732498168945 0.90041327476501464844 0.88902950286865234375 0.88971346616744995117 0.8716837763786315918 0.81867271661758422852 0.78941893577575683594 0.85937362909317016602 0.94299256801605224609 0.937847137451171875 0.91291320323944091797 0.91603887081146240234 0.92762619256973266602 0.90859597921371459961 0.8774731755256652832 0.87970829010009765625 0.88569456338882446289 0.86189609766006469727 0.84275919198989868164 0.88229709863662719727
0.82537609338760375977 0.88896721601486206055 0.91914927959442138672 0.94123476743698120117 0.95571523904800415039 0.95138794183731079102 0.92757701873779296875 0.89930886030197143555 0.89381617307662963867 0.91750299930572509766 0.92707544565200805664 0.93307250738143920898 0.93634712696075439453 0.9389635920524597168 0.93564742803573608398 0.93051135540008544922 0.90975224971771240234 0.88742989301681518555 0.89721751213073730469 0.8840134739875793457 0.89029049873352050781 0.89547121524810791016 0.90529114007949829102 0.91234833002090454102 0.90243697166442871094 0.90362745523452758789 0.89981180429458618164 0.89041477441787719727 0.88444769382476806641 0.84944611787796020508 0.81040239334106445312 0.77877324819564819336 0.87254345417022705078 0.94833475351333618164 0.9285271763801574707 0.8939564824104309082 0.8912569880485534668 0.91817581653594970703 0.91026204824447631836 0.86024999618530273438 0.8604634404182434082 0.88512629270553588867 0.86173748970031738281 0.85974347591400146484 0.88356220722198486328
0.83329302072525024414 0.87389528751373291016 0.92005079984664916992 0.94271868467330932617 0.95631903409957885742 0.9509550929069519043 0.93065774440765380859 0.91688054800033569336 0.92108941078186035156 0.92652571201324462891 0.93068677186965942383 0.93329489231109619141 0.93710809946060180664 0.93900352716445922852 0.93811070919036865234 0.93324810266494750977 0.90701401233673095703 0.86642336845397949219 0.86959624290466308594 0.88712102174758911133 0.89171314239501953125 0.89920079708099365234 0.90410637855529785156 0.90715587139129638672 0.90574973821640014648 0.90268993377685546875 0.89829480648040771484 0.89135533571243286133 0.87097096443176269531 0.84290421009063720703 0.82197195291519165039 0.81786084175109863281 0.88979661464691162109 0.94933730363845825195 0.92341077327728271484 0.89886450767517089844 0.89451396465301513672 0.91722142696380615234 0.90738260746002197266 0.87535780668258666992 0.86758857965469360352 0.8633626103401184082 0.86723589897155761719 0.85674971342086791992 0.87745255231857299805
0.82080090045928955078 0.85173714160919189453 0.90638113021850585938 0.94646626710891723633 0.95605188608169555664 0.95058763027191162109 0.92658370733261108398 0.9062290191650390625 0.91843819618225097656 0.92652243375778198242 0.93106001615524291992 0.93408381938934326172 0.93651670217514038086 0.93646526336669921875 0.93469506502151489258 0.92787212133407592773 0.90842455625534057617 0.8700733184814453125 0.86775726079940795898 0.88724601268768310547 0.8815701603889465332 0.89805501699447631836 0.90223193168640136719 0.90795892477035522461 0.90723615884780883789 0.90257304906845092773 0.89691966772079467773 0.88488876819610595703 0.87118369340896606445 0.83545815944671630859 0.83268183469772338867 0.82910865545272827148 0.90154826641082763672 0.94965440034866333008 0.92214155197143554688 0.89377993345260620117 0.89005821943283081055 0.90459233522415161133 0.89377385377883911133 0.86332070827484130859 0.85130935907363891602 0.87062281370162963867 0.8569456934928894043 0.84891521930694580078 0.87560582160949707031
0.80424457788467407227 0.80689609050750732422 0.88440907001495361328 0.94538515806198120117 0.95693552494049072266 0.95005041360855102539 0.92110919952392578125 0.89582043886184692383 0.90873140096664428711 0.91443461179733276367 0.92849916219711303711 0.93470972776412963867 0.93346488475799560547 0.9277852177619934082 0.92055946588516235352 0.91149419546127319336 0.90579557418823242188 0.87407016754150390625 0.84262353181838989258 0.85157889127731323242 0.88771462440490722656 0.89211344718933105469 0.89036083221435546875 0.89793241024017333984 0.90068846940994262695 0.90078914165496826172 0.89314317703247070312 0.87244665622711181641 0.84365051984786987305 0.81345659494400024414 0.81540828943252563477 0.84109771251678466797 0.91366982460021972656 0.95153564214706420898 0.91996824741363525391 0.88563144207000732422 0.86321151256561279297 0.88366025686264038086 0.87977129220962524414 0.85776019096374511719 0.84060055017471313477 0.84840023517608642578 0.82134705781936645508 0.84196287393569946289 0.86876291036605834961
0.8187580108642578125 0.81341701745986938477 0.88703340291976928711 0.94324731826782226562 0.95756542682647705078 0.94924896955490112305 0.9255434870719909668 0.9089870452880859375 0.91226053237915039062 0.91570138931274414062 0.92650836706161499023 0.92761778831481933594 0.91721969842910766602 0.90148127079010009766 0.88446474075317382812 0.8769741058349609375 0.88746893405914306641 0.86685764789581298828 0.84301728010177612305 0.81461691856384277344 0.87869054079055786133 0.89033097028732299805 0.89198613166809082031 0.88845413923263549805 0.88582462072372436523 0.88758683204650878906 0.87706726789474487305 0.84820461273193359375 0.82407575845718383789 0.82009917497634887695 0.83931207656860351562 0.86456280946731567383 0.92466008663177490234 0.9496453404426574707 0.92552405595779418945 0.90002995729446411133 0.88214802742004394531 0.87467288970947265625 0.86382663249969482422 0.87023615837097167969 0.85242044925689697266 0.84471213817596435547 0.84268367290496826172 0.83561378717422485352 0.8601519465446472168
0.82369697093963623047 0.87453138828277587891 0.9156443476676940918 0.94071990251541137695 0.94890767335891723633 0.94383758306503295898 0.92942035198211669922 0.91183459758758544922 0.90172463655471801758 0.90866464376449584961 0.91191703081130981445 0.9029509425163269043 0.88560950756072998047 0.87406462430953979492 0.84271591901779174805 0.82089322805404663086 0.8567040562629699707 0.85162293910980224609 0.82288372516632080078 0.82328027486801147461 0.84596621990203857422 0.86394339799880981445 0.88651865720748901367 0.88658386468887329102 0.865566253662109375 0.87793278694152832031 0.86156958341598510742 0.83075094223022460938 0.81441229581832885742 0.82520526647567749023 0.8420187830924987793 0.86945253610610961914 0.92836618423461914062 0.94883841276168823242 0.92672926187515258789 0.90208786725997924805 0.88883721828460693359 0.86393857002258300781 0.85392361879348754883 0.86262112855911254883 0.85231626033782958984 0.84819948673248291016 0.83997613191604614258 0.83505731821060180664 0.85638844966888427734
0.85358214378356933594 0.90000462532043457031 0.92602264881134033203 0.9296944737434387207 0.9366582036018371582 0.93704962730407714844 0.93068599700927734375 0.91339105367660522461 0.88893651962280273438 0.89161229133605957031 0.88878357410430908203 0.8591823577880859375 0.84617376327514648438 0.84405887126922607422 0.85966348648071289062 0.82524305582046508789 0.83152788877487182617 0.83464956283569335938 0.80393707752227783203 0.81028115749359130859 0.7916705012321472168 0.83622968196868896484 0.87127459049224853516 0.87655687332153320312 0.86737048625946044922 0.85970520973205566406 0.85627186298370361328 0.8136749267578125 0.80465471744537353516 0.80471312999725341797 0.83173948526382446289 0.86806219816207885742 0.93580847978591918945 0.94618296623229980469 0.92212927341461181641 0.90283864736557006836 0.8974552154541015625 0.8614228367805480957 0.83836060762405395508 0.85456794500350952148 0.84344881772994995117 0.83605951070785522461 0.84120720624923706055 0.82732164859771728516 0.86005944013595581055
0.86246955394744873047 0.9097664952278137207 0.93018746376037597656 0.9289290308952331543 0.93013495206832885742 0.93451446294784545898 0.93536549806594848633 0.91529554128646850586 0.88898772001266479492 0.87665706872940063477 0.86778920888900756836 0.84084433317184448242 0.7992121577262878418 0.81620001792907714844 0.83288520574569702148 0.82088202238082885742 0.79778581857681274414 0.83170861005783081055 0.82579016685485839844 0.7995281219482421875 0.80810761451721191406 0.83824831247329711914 0.85430699586868286133 0.85768449306488037109 0.82366794347763061523 0.85345560312271118164 0.87182670831680297852 0.84553956985473632812 0.82995271682739257812 0.84113919734954833984 0.87447297573089599609 0.90135270357131958008 0.94222730398178100586 0.94487214088439941406 0.91897696256637573242 0.90330928564071655273 0.90402913093566894531 0.88422191143035888672 0.86305630207061767578 0.85645776987075805664 0.85199487209320068359 0.83967721462249755859 0.8354466557502746582 0.81306314468383789062 0.85135018825531005859
0.87373155355453491211 0.92035812139511108398 0.93080407381057739258 0.92436850070953369141 0.92368936538696289062 0.92197406291961669922 0.92243492603302001953 0.90799683332443237305 0.88780456781387329102 0.86165010929107666016 0.84360963106155395508 0.84019649028778076172 0.82497841119766235352 0.80716723203659057617 0.82819408178329467773 0.83482491970062255859 0.83634102344512939453 0.82720458507537841797 0.83144998550415039062 0.8364493250846862793 0.8202502131462097168 0.84160614013671875 0.86110168695449829102 0.85114312171936035156 0.81755852699279785156 0.8464190363883972168 0.8529949188232421875 0.82609552145004272461 0.81182575225830078125 0.80207961797714233398 0.83932989835739135742 0.89227789640426635742 0.94016486406326293945 0.94392782449722290039 0.91377031803131103516 0.89177608489990234375 0.89595580101013183594 0.8919391632080078125 0.87305891513824462891 0.84452956914901733398 0.83422738313674926758 0.81679928302764892578 0.83579450845718383789 0.82700163125991821289 0.81075370311737060547
0.88529986143112182617 0.92434585094451904297 0.93187046051025390625 0.91747099161148071289 0.91279804706573486328 0.90970671176910400391 0.90941095352172851562 0.90550392866134643555 0.8920497894287109375 0.85668426752090454102 0.82809555530548095703 0.8291339874267578125 0.8329830169677734375 0.82399320602416992188 0.81726741790771484375 0.82279771566390991211 0.841098785400390625 0.83429855108261108398 0.82946109771728515625 0.83510249853134155273 0.82334321737289428711 0.83220970630645751953 0.84382611513137817383 0.83150440454483032227 0.82296890020370483398 0.84662050008773803711 0.84830707311630249023 0.82807379961013793945 0.83061951398849487305 0.84840655326843261719 0.88415497541427612305 0.89701831340789794922 0.93262821435928344727 0.94311517477035522461 0.91109752655029296875 0.89054143428802490234 0.89050215482711791992 0.88777267932891845703 0.88072371482849121094 0.86356496810913085938 0.83213144540786743164 0.81895506381988525391 0.82324773073196411133 0.82592117786407470703 0.84326666593551635742
0.88700175285339355469 0.92673671245574951172 0.92988318204879760742 0.91042268276214599609 0.91150271892547607422 0.90531998872756958008 0.90047180652618408203 0.90318346023559570312 0.89580756425857543945 0.84237468242645263672 0.83353382349014282227 0.81795394420623779297 0.82577967643737792969 0.81587952375411987305 0.82296693325042724609 0.82162839174270629883 0.84039723873138427734 0.83651870489120483398 0.83962249755859375 0.83042091131210327148 0.82127648591995239258 0.82092303037643432617 0.81953191757202148438 0.83026945590972900391 0.82179600000381469727 0.81503289937973022461 0.83279752731323242188 0.8068606257438659668 0.83031451702117919922 0.84639006853103637695 0.86927735805511474609 0.89293730258941650391 0.92641800642013549805 0.93564802408218383789 0.90648257732391357422 0.88563531637191772461 0.87057840824127197266 0.86146152019500732422 0.86157274246215820312 0.86787736415863037109 0.85624939203262329102 0.83388721942901611328 0.80784070491790771484 0.82634848356246948242 0.78495556116104125977
0.89778184890747070312 0.92665046453475952148 0.92884212732315063477 0.90702134370803833008 0.91185402870178222656 0.91234624385833740234 0.90218192338943481445 0.89408445358276367188 0.89428162574768066406 0.83308142423629760742 0.78356492519378662109 0.80760753154754638672 0.81714630126953125 0.81917947530746459961 0.81606554985046386719 0.82229274511337280273 0.83454072475433349609 0.83242118358612060547 0.83966916799545288086 0.83252131938934326172 0.82986539602279663086 0.83141779899597167969 0.84715574979782104492 0.84160292148590087891 0.81569653749465942383 0.78560733795166015625 0.79216009378433227539 0.76727688312530517578 0.76531630754470825195 0.83589601516723632812 0.88397759199142456055 0.90479028224945068359 0.92124676704406738281 0.91726213693618774414 0.8889515995979309082 0.87815749645233154297 0.8631623387336730957 0.85027724504470825195 0.84157323837280273438 0.84433835744857788086 0.85905349254608154297 0.85244566202163696289 0.82836884260177612305 0.80579608678817749023 0.79074501991271972656
0.90336143970489501953 0.92242276668548583984 0.9266573786735534668 0.91297441720962524414 0.91473996639251708984 0.91270619630813598633 0.88878363370895385742 0.8868725895881652832 0.89897131919860839844 0.84635823965072631836 0.79951953887939453125 0.80059444904327392578 0.80741560459136962891 0.81403338909149169922 0.82301193475723266602 0.82413703203201293945 0.82909131050109863281 0.83178478479385375977 0.83740878105163574219 0.834445953369140625 0.82971692085266113281 0.84673708677291870117 0.83594441413879394531 0.82233136892318725586 0.80597573518753051758 0.79385328292846679688 0.78212279081344604492 0.75631666183471679688 0.84121114015579223633 0.88758552074432373047 0.91093200445175170898 0.92351752519607543945 0.91681343317031860352 0.90280681848526000977 0.8730862736701965332 0.86909645795822143555 0.87064629793167114258 0.85030603408813476562 0.83829462528228759766 0.84093320369720458984 0.83647876977920532227 0.85994327068328857422 0.8253567814826965332 0.79848229885101318359 0.81083524227142333984
0.90420806407928466797 0.91564851999282836914 0.9291477203369140625 0.92684203386306762695 0.91209661960601806641 0.89619266986846923828 0.89208841323852539062 0.88395094871520996094 0.89098811149597167969 0.871440887451171875 0.82258176803588867188 0.80761390924453735352 0.81434690952301025391 0.82550078630447387695 0.82091093063354492188 0.82101076841354370117 0.83113175630569458008 0.82566684484481811523 0.83777922391891479492 0.83524411916732788086 0.84132462739944458008 0.84687101840972900391 0.83895015716552734375 0.82739400863647460938 0.80897432565689086914 0.77078902721405029297 0.79065674543380737305 0.82612150907516479492 0.86519289016723632812 0.91122072935104370117 0.92119711637496948242 0.92557024955749511719 0.91728681325912475586 0.89556145668029785156 0.86951404809951782227 0.86646747589111328125 0.87504440546035766602 0.85175979137420654297 0.84787827730178833008 0.83945757150650024414 0.82023459672927856445 0.85613054037094116211 0.83999854326248168945 0.82435369491577148438 0.83316451311111450195
0.91460514068603515625 0.92044556140899658203 0.93760186433792114258 0.93597227334976196289 0.9082362055778503418 0.88734608888626098633 0.89124476909637451172 0.87550908327102661133 0.88173568248748779297 0.87431120872497558594 0.82641291618347167969 0.79868555068969726562 0.80551820993423461914 0.81768184900283813477 0.82225257158279418945 0.81680321693420410156 0.82550144195556640625 0.83077973127365112305 0.83604538440704345703 0.79419082403182983398 0.85077702999114990234 0.84627580642700195312 0.83707928657531738281 0.81704759597778320312 0.79029250144958496094 0.76229590177536010742 0.80168420076370239258 0.83269608020782470703 0.8428732752799987793 0.87914407253265380859 0.89037781953811645508 0.92561835050582885742 0.92222154140472412109 0.89258581399917602539 0.8681609034538269043 0.86653727293014526367 0.87519699335098266602 0.85872191190719604492 0.83853769302368164062 0.83001309633255004883 0.82482987642288208008 0.83538234233856201172 0.81465119123458862305 0.8099110722541809082 0.81128746271133422852
0.93276464939117431641 0.93297058343887329102 0.94064766168594360352 0.94168007373809814453 0.91262948513031005859 0.87081283330917358398 0.88019675016403198242 0.87125790119171142578 0.86849349737167358398 0.87185627222061157227 0.84791284799575805664 0.81494098901748657227 0.8096078038215637207 0.81338536739349365234 0.82420396804809570312 0.82657963037490844727 0.82844793796539306641 0.83176100254058837891 0.83108174800872802734 0.80099016427993774414 0.84735834598541259766 0.84271770715713500977 0.83753120899200439453 0.8085950016975402832 0.79143935441970825195 0.77909010648727416992 0.79949927330017089844 0.79079985618591308594 0.8435948491096496582 0.88173580169677734375 0.90642970800399780273 0.93024963140487670898 0.92717450857162475586 0.89483696222305297852 0.85265409946441650391 0.84782850742340087891 0.86357331275939941406 0.84047842025756835938 0.84176719188690185547 0.83397680521011352539 0.81904911994934082031 0.83703583478927612305 0.82142728567123413086 0.80889040231704711914 0.81631743907928466797
