OMS_GEOET11/data/Meledrio/2/DEM_2.asc
ncols        192
nrows        212
xllcorner    628522.000000000000
yllcorner    5129758.000000000000
cellsize     30.000000000000
NODATA_value  -9999
[rows 120 to 139 of 212, columns 90 to 134 of 192]
1123.875 1103.9169921875 1090.2490234375 1082.9510498046875 1089.1529541015625 1091.2159423828125 1087.637939453125 1091 1093.761962890625 1101.4539794921875 1114.0860595703125 1116.8380126953125 1128.27099609375 1143.873046875 1157.7550048828125 1154.2669677734375 1156.759033203125 1161.3809814453125 1170.1429443359375 1191.0460205078125 1195.5279541015625 1202.72998046875 1210.6419677734375 1215.4139404296875 1224.135986328125 1231.47802734375 1242.9200439453125 1258.0830078125 1275.135009765625 1297.0469970703125 1318.5889892578125 1334.4510498046875 1342.4830322265625 1345.0350341796875 1347.47802734375 1349 1354.08203125 1359.85400390625 1378.385986328125 1393.7679443359375 1404.300048828125 1411.572998046875 1420.43505859375 1425.64697265625 1433.8690185546875
1131.7550048828125 1122.947021484375 1104.8790283203125 1086.1619873046875 1080.3260498046875 1082.9859619140625 1085.3079833984375 1084.8900146484375 1084.592041015625 1091.2340087890625 1105.166015625 1112.8890380859375 1118.720947265625 1134.5030517578125 1141.2650146484375 1142.5870361328125 1147.259033203125 1159.7010498046875 1177.3740234375 1183.926025390625 1185.6080322265625 1196.239990234375 1209.741943359375 1224.904052734375 1237.2159423828125 1247.91796875 1268.801025390625 1281.4029541015625 1298.655029296875 1313.5870361328125 1325.178955078125 1333.8409423828125 1339.6929931640625 1340.4759521484375 1337.9580078125 1343.77001953125 1356.1519775390625 1371.634033203125 1380.9959716796875 1388.7879638671875 1399.010986328125 1408.373046875 1417.135009765625 1421.8070068359375 1427.9090576171875
1137.675048828125 1130.9169921875 1120.530029296875 1105.1820068359375 1085.7039794921875 1080.3260498046875 1075.8079833984375 1080.75 1081.592041015625 1083.803955078125 1090.3370361328125 1102.5589599609375 1113.6710205078125 1122.2430419921875 1128.625 1135.0169677734375 1152.1490478515625 1171.4520263671875 1176.4840087890625 1175.926025390625 1195.3480224609375 1205.280029296875 1215.3819580078125 1231.323974609375 1245.8170166015625 1263.3089599609375 1277.7110595703125 1288.4029541015625 1300.9949951171875 1311.8370361328125 1321.5789794921875 1329.4210205078125 1331.614013671875 1329.7559814453125 1334.91796875 1349.4000244140625 1360.8819580078125 1369.573974609375 1378.696044921875 1388.468994140625 1395.56103515625 1403.9730224609375 1410.7049560546875 1420.0670166015625 1422.93896484375
1146.3349609375 1137.5379638671875 1131.1199951171875 1122.5419921875 1098.9439697265625 1086.9859619140625 1079.8179931640625 1073.010009765625 1076.02294921875 1081.5250244140625 1092.376953125 1097.718994140625 1108.1009521484375 1113.9329833984375 1122.2349853515625 1137.39697265625 1150.800048828125 1163.08203125 1165.9439697265625 1178.7259521484375 1195.2779541015625 1203.530029296875 1213.7320556640625 1231.18505859375 1248.0870361328125 1262.7989501953125 1276.9110107421875 1284.52294921875 1297.0350341796875 1308.197021484375 1315.2490234375 1317.612060546875 1318.2640380859375 1327.2259521484375 1338.8079833984375 1346.8599853515625 1358.2320556640625 1369.2340087890625 1376.636962890625 1383.76904296875 1388.7110595703125 1394.9930419921875 1401.5250244140625 1406.8170166015625 1412.4990234375
1155.5860595703125 1142.89794921875 1137.199951171875 1129.9119873046875 1111.634033203125 1106.0360107421875 1094.968017578125 1078.98095703125 1071.262939453125 1076.1949462890625 1087.697021484375 1098.22900390625 1103.9410400390625 1110.9429931640625 1119.405029296875 1133.6080322265625 1146.3199462890625 1157.8819580078125 1160.7440185546875 1180.2760009765625 1191.7080078125 1199.949951171875 1213.5030517578125 1229.7650146484375 1245.376953125 1257.3089599609375 1266.9210205078125 1278.2130126953125 1291.2750244140625 1297.906982421875 1300.06005859375 1303.6619873046875 1317.553955078125 1329.7459716796875 1333.988037109375 1340.3900146484375 1352.6419677734375 1362.0849609375 1369.5770263671875 1377.22900390625 1382.56103515625 1384.1529541015625 1390.6949462890625 1399.5269775390625 1409.678955078125
1161.2960205078125 1149.3079833984375 1137.3499755859375 1126.052001953125 1123.884033203125 1117.10595703125 1109.8590087890625 1082.6409912109375 1071.133056640625 1073.10498046875 1085.89697265625 1094.279052734375 1100.571044921875 1106.39404296875 1117.0860595703125 1132.16796875 1146.050048828125 1150.8919677734375 1161.60400390625 1179.406005859375 1189.3280029296875 1197.3409423828125 1212.9129638671875 1229.81494140625 1241.39697265625 1247.4990234375 1253.3809814453125 1260.4029541015625 1276.594970703125 1279.2979736328125 1291.8199462890625 1305.4720458984375 1312.5340576171875 1321.35595703125 1326.7979736328125 1334.3800048828125 1345.9029541015625 1354.7049560546875 1362.697021484375 1369.708984375 1374.3409423828125 1377.35302734375 1381.5450439453125 1393.967041015625 1404.6500244140625
1159.7860107421875 1155.508056640625 1149.1600341796875 1142.9520263671875 1128.7540283203125 1117.7869873046875 1108.208984375 1087.6510009765625 1070.1429443359375 1070.875 1079.427001953125 1089.6490478515625 1094.81201171875 1100.884033203125 1112.0660400390625 1127.8380126953125 1140.0400390625 1145.0419921875 1163.0240478515625 1176.43603515625 1184.0489501953125 1196.220947265625 1209.3330078125 1226.9649658203125 1232.1070556640625 1232.0589599609375 1233.791015625 1245.9229736328125 1268.2860107421875 1282.7979736328125 1293.43994140625 1300.302001953125 1308.134033203125 1316.5660400390625 1318.7679443359375 1330.291015625 1340.1929931640625 1346.2850341796875 1353.866943359375 1360.1190185546875 1364.260986328125 1367.35302734375 1376.81494140625 1387.43798828125 1395.280029296875
1177.5460205078125 1167.8780517578125 1168.06005859375 1158.27294921875 1142.125 1125.717041015625 1111.1390380859375 1093.1810302734375 1070.2230224609375 1066.35498046875 1077.0770263671875 1085.1600341796875 1088.2320556640625 1096.81396484375 1106.676025390625 1120.8680419921875 1132.6199951171875 1141.3919677734375 1159.634033203125 1173.217041015625 1182.6090087890625 1194.06103515625 1207.1629638671875 1214.8050537109375 1216.656982421875 1219.4090576171875 1228.6619873046875 1249.0340576171875 1265.865966796875 1280.508056640625 1287.3399658203125 1293.4420166015625 1303.1739501953125 1307.7359619140625 1312.178955078125 1324.6610107421875 1334.2030029296875 1340.864990234375 1343.68701171875 1348.239013671875 1355.52099609375 1363.4129638671875 1369.115966796875 1375.66796875 1385.0899658203125
1191.696044921875 1187.0579833984375 1184.260986328125 1167.2430419921875 1156.5050048828125 1140.3070068359375 1123.2989501953125 1099.3409423828125 1073.52294921875 1065.1259765625 1072.5579833984375 1078.68994140625 1080.1319580078125 1094.303955078125 1104.0560302734375 1117.508056640625 1128.6199951171875 1137.032958984375 1156.2149658203125 1167.427001953125 1178.0989990234375 1192.4110107421875 1201.512939453125 1202.5550537109375 1208.4169921875 1217.0400390625 1232.501953125 1246.2540283203125 1263.10595703125 1272.0679931640625 1281.449951171875 1287.1319580078125 1294.654052734375 1300.14697265625 1306.4189453125 1316.9110107421875 1326.012939453125 1329.6650390625 1335.8270263671875 1342.6090087890625 1348.56103515625 1355.0240478515625 1359.4759521484375 1367.8780517578125 1381.43994140625
1210.166015625 1205.928955078125 1200.7509765625 1179.4029541015625 1160.094970703125 1147.47705078125 1129.1390380859375 1105.31103515625 1078.9139404296875 1065.1259765625 1068.5579833984375 1072.1099853515625 1075.4019775390625 1089.1639404296875 1102.5059814453125 1111.68798828125 1120.27099609375 1132.06298828125 1151.81494140625 1161.9969482421875 1172.489013671875 1181.1710205078125 1186.4730224609375 1193.7349853515625 1207.0579833984375 1224.43994140625 1235.02197265625 1243.9539794921875 1257.666015625 1265.5579833984375 1274.0999755859375 1281.862060546875 1288.405029296875 1294.487060546875 1302.0989990234375 1308.6810302734375 1316.1529541015625 1320.675048828125 1331.116943359375 1333.3389892578125 1339.552001953125 1349.2540283203125 1354.2960205078125 1362.22802734375 1373.0999755859375
1215.4969482421875 1210.448974609375 1202.4310302734375 1185.8929443359375 1171.2750244140625 1152.886962890625 1128.448974609375 1109.842041015625 1088.7440185546875 1070.345947265625 1061.43798828125 1066.75 1069.58203125 1081.614013671875 1100.865966796875 1108.5789794921875 1114.8509521484375 1126.012939453125 1142.7249755859375 1154.3370361328125 1160.8489990234375 1167.531005859375 1179.532958984375 1196.115966796875 1209.947998046875 1226.300048828125 1234.1519775390625 1242.843994140625 1253.676025390625 1262.2879638671875 1269.0899658203125 1279.3330078125 1286.135009765625 1291.126953125 1296.678955078125 1302.3509521484375 1307.0030517578125 1312.125 1321.0870361328125 1328.469970703125 1334.6820068359375 1340.9539794921875 1347.8360595703125 1356.3480224609375 1367.27001953125
1217.0970458984375 1208.4090576171875 1200.3310546875 1191.04296875 1177.0849609375 1159.8170166015625 1136.9599609375 1116.842041015625 1095.2740478515625 1078.7060546875 1064.5880126953125 1058.8299560546875 1063.802001953125 1076.4139404296875 1098.866943359375 1104.97900390625 1108.541015625 1123.4730224609375 1133.364990234375 1141.5670166015625 1150.779052734375 1165.56103515625 1182.833984375 1198.85595703125 1216.2979736328125 1223.6199951171875 1231.83203125 1239.9139404296875 1249.2359619140625 1258.7879638671875 1263.8409423828125 1275.7530517578125 1281.344970703125 1286.906982421875 1292.3189697265625 1296.6009521484375 1301.6429443359375 1305.7349853515625 1313.5279541015625 1323.739990234375 1330.60205078125 1338.2939453125 1342.416015625 1351.0379638671875 1360.0999755859375
1218.717041015625 1212.4189453125 1202.2110595703125 1194.04296875 1180.3759765625 1170.3780517578125 1151.27001953125 1131.4219970703125 1108.4639892578125 1089.0159912109375 1071.66796875 1061.2900390625 1056.282958984375 1071.625 1089.7769775390625 1096.6090087890625 1108.48095703125 1119.4730224609375 1128.405029296875 1138.447021484375 1150.77001953125 1166.491943359375 1180.4139404296875 1196.426025390625 1209.5679931640625 1218.93994140625 1226.072021484375 1237.6839599609375 1245.177001953125 1254.4189453125 1261.5810546875 1271.322998046875 1277.9749755859375 1281.697021484375 1286.51904296875 1290.1009521484375 1296.802978515625 1301.135986328125 1306.3580322265625 1315.449951171875 1323.8819580078125 1327.2640380859375 1334.2359619140625 1342.407958984375 1349.22998046875
1220.47705078125 1214.6390380859375 1204.3809814453125 1192.4339599609375 1181.385986328125 1171.137939453125 1154.6800537109375 1136.3819580078125 1116.803955078125 1098.115966796875 1081.677978515625 1068.52099609375 1054.302978515625 1058.7950439453125 1074.116943359375 1089.009033203125 1098.970947265625 1114.9930419921875 1129.6650390625 1139.5980224609375 1152.77001953125 1164.052001953125 1174.5140380859375 1187.7359619140625 1200.72802734375 1212.699951171875 1221.802001953125 1233.155029296875 1239.95703125 1245.948974609375 1259.9110107421875 1266.77294921875 1274.925048828125 1276.7469482421875 1278.8690185546875 1284.9219970703125 1289.884033203125 1293.93603515625 1300.718017578125 1306.4200439453125 1313.781982421875 1320.2939453125 1325.8360595703125 1333.7879638671875 1344.551025390625
1222.0770263671875 1211.93896484375 1198.08203125 1191.6839599609375 1174.2159423828125 1168.97802734375 1153.5899658203125 1136.802001953125 1129.573974609375 1112.7659912109375 1100.468994140625 1079.9310302734375 1058.6829833984375 1053.2650146484375 1060.3370361328125 1073.208984375 1086.9310302734375 1104.0030517578125 1125.385986328125 1131.197998046875 1143.8800048828125 1155.58203125 1165.4739990234375 1174.7559814453125 1186.3179931640625 1205.6099853515625 1218.072998046875 1228.4150390625 1238.6669921875 1243.8389892578125 1252.510986328125 1261.9129638671875 1270.5849609375 1272.3470458984375 1276.6400146484375 1280.1619873046875 1283.8740234375 1289.196044921875 1293.427978515625 1300.6500244140625 1306.58203125 1313.2440185546875 1319.2669677734375 1324.6390380859375 1337.8409423828125
1220.0179443359375 1207.6600341796875 1197.58203125 1188.7039794921875 1177.60595703125 1170.2080078125 1158.780029296875 1140.761962890625 1130.18505859375 1123.70703125 1104.3790283203125 1086.321044921875 1068.623046875 1055.7550048828125 1049.447021484375 1057.8389892578125 1073.9210205078125 1090.2840576171875 1117.0660400390625 1126.97802734375 1132.4300537109375 1143.781982421875 1152.7939453125 1164.35595703125 1180.0980224609375 1195.1610107421875 1209.593017578125 1222.425048828125 1235.3070068359375 1241.678955078125 1245.791015625 1253.843017578125 1261.43505859375 1266.887939453125 1269.699951171875 1276.81201171875 1279.5140380859375 1282.1259765625 1289.2080078125 1295.3900146484375 1300.511962890625 1308.114990234375 1313.72705078125 1318.9990234375 1328.1910400390625
1221.407958984375 1205.8499755859375 1194.4219970703125 1185.9339599609375 1177.8759765625 1169.947998046875 1162.93994140625 1148.5830078125 1132.4549560546875 1125.136962890625 1116.759033203125 1099.02099609375 1083.322998046875 1071.4449462890625 1053.5169677734375 1048.8800048828125 1061.322021484375 1081.60400390625 1098.426025390625 1121.407958984375 1125.550048828125 1132.8919677734375 1141.404052734375 1153.885986328125 1168.01904296875 1182.27099609375 1196.282958984375 1207.9449462890625 1222.5269775390625 1237.97900390625 1243.8310546875 1248.0830078125 1253.166015625 1261.387939453125 1267.489990234375 1273.1619873046875 1277.884033203125 1281.426025390625 1283.7879638671875 1287.1500244140625 1294.4429931640625 1299.8349609375 1305.5069580078125 1311.3990478515625 1321.3509521484375
1223.637939453125 1206.97998046875 1193.862060546875 1185.64404296875 1177.7559814453125 1170.0179443359375 1163.281005859375 1149.9530029296875 1135.89501953125 1125.7669677734375 1115.6390380859375 1106.3909912109375 1095.262939453125 1080.7650146484375 1062.4580078125 1043.4000244140625 1049.092041015625 1069.0439453125 1086.4859619140625 1106.3380126953125 1120.489990234375 1123.9820556640625 1130.1650390625 1142.876953125 1156.4090576171875 1174.821044921875 1190.072998046875 1199.68505859375 1212.70703125 1223.698974609375 1234.73095703125 1239.654052734375 1246.9759521484375 1251.218017578125 1259.760009765625 1265.08203125 1272.9439697265625 1275.5159912109375 1279.157958984375 1282.5909423828125 1287.843017578125 1294.31494140625 1297.93701171875 1303.0789794921875 1311.8809814453125
1220.258056640625 1209.3800048828125 1194.8819580078125 1187.9539794921875 1178.6669921875 1173.509033203125 1165.1810302734375 1156.2230224609375 1144.9649658203125 1130.47705078125 1118.51904296875 1107.1710205078125 1096.27294921875 1082.666015625 1063.1280517578125 1043.4300537109375 1041.8719482421875 1059.134033203125 1077.8759765625 1099.758056640625 1111.9000244140625 1117.9129638671875 1121.7950439453125 1132.22705078125 1145.3189697265625 1161.970947265625 1178.9229736328125 1195.0849609375 1203.237060546875 1213.260009765625 1223.33203125 1233.093994140625 1238.7060546875 1242.3680419921875 1242.77001953125 1250.2120361328125 1260.303955078125 1264.35595703125 1269.428955078125 1279.0810546875 1283.9229736328125 1288.4449462890625 1291.136962890625 1294.1689453125 1301.1610107421875
1219.3179931640625 1210.239990234375 1197.9320068359375 1189.7449951171875 1181.18701171875 1175.3790283203125 1168.1309814453125 1159.10302734375 1148.7149658203125 1138.3070068359375 1121.489013671875 1108.2320556640625 1090.343994140625 1071.4859619140625 1055.0179443359375 1038.8800048828125 1041.4119873046875 1052.0439453125 1074.2860107421875 1086.5179443359375 1102.8310546875 1110.0830078125 1115.824951171875 1122.0269775390625 1135.22900390625 1152.1409912109375 1167.762939453125 1180.2550048828125 1193.18798828125 1204.6500244140625 1211.052001953125 1223.093994140625 1231.64599609375 1236.5980224609375 1235.9200439453125 1240.6719970703125 1245.4639892578125 1251.177001953125 1261.9189453125 1267.821044921875 1274.54296875 1278.7049560546875 1282.0269775390625 1284.26904296875 1288.48095703125
