OMS_GEOET11/data/Meledrio/2/DEM_2.asc
ncols        192
nrows        212
xllcorner    628522.000000000000
yllcorner    5129758.000000000000
cellsize     30.000000000000
NODATA_value  -9999
[rows 160 to 179 of 212, columns 45 to 89 of 192]
2005.626953125 1983.467041015625 1965.968017578125 1947.155029296875 1927.509033203125 1905.27001953125 1887.300048828125 1863.490966796875 1851.6710205078125 1831.781982421875 1812.2130126953125 1779.10302734375 1758.7939453125 1736.2039794921875 1712.2149658203125 1695.6259765625 1686.926025390625 1678.1669921875 1663.3470458984375 1646.0679931640625 1625.16796875 1604.948974609375 1589.239990234375 1578.2099609375 1570.4510498046875 1561.6109619140625 1549.06201171875 1534.6629638671875 1519.7430419921875 1506.5439453125 1497.0439453125 1484.7349853515625 1471.925048828125 1468.22802734375 1461.8199462890625 1452.31201171875 1443.5040283203125 1430.6650390625 1407.7469482421875 1387.239013671875 1371.6209716796875 1360.7030029296875 1350.0159912109375 1346.14794921875 1343.6099853515625
2019.886962890625 2005.4580078125 1983.5379638671875 1959.6729736328125 1950.47900390625 1923.6099853515625 1893.510986328125 1879.781005859375 1861.6820068359375 1845.2320556640625 1815.2230224609375 1800.77294921875 1775.14404296875 1753.324951171875 1729.2650146484375 1711.095947265625 1703.115966796875 1693.97705078125 1674.488037109375 1655.8280029296875 1636.5489501953125 1619.428955078125 1605.31005859375 1595.469970703125 1584.970947265625 1573.2120361328125 1561.31201171875 1549.4730224609375 1537.4530029296875 1527.7340087890625 1508.654052734375 1498.114990234375 1497.4560546875 1489.5579833984375 1480.18994140625 1469.5419921875 1448.0240478515625 1434.5550537109375 1412.72705078125 1396.759033203125 1385.3919677734375 1372.0439453125 1363.2159423828125 1365.3780517578125 1360.6400146484375
2037.1669921875 2021.927978515625 1999.248046875 1974.6629638671875 1958.6099853515625 1937.6500244140625 1920.1510009765625 1892.73095703125 1863.7919921875 1850.343017578125 1843.4530029296875 1818.823974609375 1797.0140380859375 1770.655029296875 1745.4549560546875 1735.416015625 1725.217041015625 1715.0770263671875 1698.89794921875 1675.0980224609375 1653.0689697265625 1642.5889892578125 1627.1199951171875 1610.510986328125 1595.1209716796875 1585.1920166015625 1579.8819580078125 1569.593017578125 1557.073974609375 1537.5140380859375 1524.31494140625 1520.5150146484375 1522.7060546875 1510.22802734375 1493.02001953125 1471.531982421875 1453.553955078125 1441.0849609375 1424.0479736328125 1411.5999755859375 1395.6419677734375 1386.5040283203125 1385.0360107421875 1383.3179931640625 1364.3900146484375
2035.8380126953125 2019.0179443359375 1998.3189697265625 1988.4139404296875 1978.6300048828125 1956.6800537109375 1935.56103515625 1896.112060546875 1871.6419677734375 1865.012939453125 1857.012939453125 1842.64404296875 1814.425048828125 1781.43505859375 1770.3160400390625 1756.10595703125 1743.18701171875 1731.2869873046875 1720.008056640625 1702.9990234375 1685.279052734375 1660.75 1636.199951171875 1623.23095703125 1608.8709716796875 1601.60205078125 1598.032958984375 1587.79296875 1574.6739501953125 1553.2139892578125 1554.905029296875 1550.4549560546875 1544.5560302734375 1526.3380126953125 1503.6300048828125 1489.27197265625 1467.5439453125 1458.0159912109375 1439.248046875 1421.9200439453125 1411.6219482421875 1404.154052734375 1405.845947265625 1389.0179443359375 1373.030029296875
2037.998046875 2023.8580322265625 2012.198974609375 1998.1510009765625 1991.3699951171875 1965.531005859375 1939.041015625 1908.6319580078125 1904.112060546875 1876.4830322265625 1864.9239501953125 1846.053955078125 1814.4849853515625 1806.114990234375 1793.9959716796875 1778.2760009765625 1764.386962890625 1751.39794921875 1731.968017578125 1713.22900390625 1693.2889404296875 1666.25 1653.4510498046875 1638.52099609375 1628.781982421875 1627.761962890625 1618.9329833984375 1604.7330322265625 1579.343994140625 1584.4150390625 1578.405029296875 1577.2359619140625 1560.635986328125 1544.998046875 1521.6300048828125 1505.4119873046875 1477.2550048828125 1467.3160400390625 1455.218017578125 1445.8399658203125 1431.531982421875 1425.39404296875 1418.68603515625 1399.1080322265625 1388.6300048828125
2044.3580322265625 2034.7490234375 2022.8990478515625 2011.5560302734375 2007.5 1978.1610107421875 1958.261962890625 1937.77197265625 1911.133056640625 1884.6729736328125 1866.4739990234375 1848.8740234375 1851.1949462890625 1839.2860107421875 1818.43603515625 1799.947021484375 1790.9169921875 1762.748046875 1737.68798828125 1724.009033203125 1702.780029296875 1687.4599609375 1669.291015625 1655.781005859375 1645.6219482421875 1648.842041015625 1633.85302734375 1611.573974609375 1600.6839599609375 1606.3050537109375 1602.60498046875 1596.196044921875 1576.7969970703125 1557.41796875 1536.4210205078125 1512.7230224609375 1491.64501953125 1494.416015625 1479.758056640625 1461.550048828125 1453.4820556640625 1446.073974609375 1429.85595703125 1415.948974609375 1406.4510498046875
2058.617919921875 2048.12890625 2034.1090087890625 2022.35595703125 2018.6309814453125 1995.0909423828125 1972.52197265625 1944.27197265625 1916.6929931640625 1892.4339599609375 1878.2139892578125 1874.2049560546875 1873.93505859375 1862.615966796875 1847.5460205078125 1818.8470458984375 1789.988037109375 1767.5279541015625 1761.6689453125 1736.0789794921875 1722.43994140625 1708.550048828125 1690.321044921875 1673.491943359375 1666.781982421875 1664.512939453125 1638.9530029296875 1619.2239990234375 1627.4439697265625 1634.14501953125 1628.5159912109375 1612.2159423828125 1591.5670166015625 1570.5489501953125 1549.6910400390625 1519.10302734375 1521.89501953125 1520.885986328125 1495.5980224609375 1482.5 1475.4019775390625 1463.7750244140625 1445.886962890625 1435.6689453125 1426.3609619140625
2074.26904296875 2059.618896484375 2042.1700439453125 2026.552001953125 2023.0009765625 2007.48095703125 1984.781982421875 1961.2130126953125 1931.10302734375 1903.4539794921875 1891.60400390625 1896.3050537109375 1900.344970703125 1887.095947265625 1860.7469482421875 1825.68701171875 1800.258056640625 1792.887939453125 1770.01904296875 1760.8990478515625 1747.949951171875 1728.1510009765625 1708.8509521484375 1693.31201171875 1690.3819580078125 1674.363037109375 1651.31396484375 1642.5240478515625 1651.35498046875 1652.7550048828125 1647.865966796875 1627.6259765625 1607.93701171875 1581.4990234375 1552.9410400390625 1539.6629638671875 1546.68505859375 1532.2459716796875 1514.238037109375 1507.1009521484375 1497.133056640625 1478.60498046875 1464.1070556640625 1456.51904296875 1445.3509521484375
2082.368896484375 2067.118896484375 2051.469970703125 2034.3690185546875 2033.740966796875 2026.112060546875 1997.9219970703125 1968.4429931640625 1937.6629638671875 1923.9539794921875 1908.844970703125 1921.2049560546875 1916.3360595703125 1893.18603515625 1862.217041015625 1837.237060546875 1829.718017578125 1805.4990234375 1792.5489501953125 1779.3900146484375 1763.6199951171875 1743.23095703125 1728.6910400390625 1719.7220458984375 1709.6429443359375 1692.52294921875 1666.2840576171875 1670.9539794921875 1674.655029296875 1668.4549560546875 1653.8060302734375 1640.7669677734375 1613.906982421875 1595.3189697265625 1579.260986328125 1569.54296875 1558.8050537109375 1551.5870361328125 1539.239013671875 1531.5009765625 1518.60302734375 1497.574951171875 1486.7969970703125 1477.6490478515625 1466.9410400390625
2095.489013671875 2077.1298828125 2058.550048828125 2044.7879638671875 2043.6109619140625 2036.001953125 2003.4129638671875 1975.883056640625 1958.1739501953125 1938.85400390625 1929.635009765625 1938.9449462890625 1919.7760009765625 1896.1669921875 1882.89697265625 1870.0379638671875 1844.9580078125 1823.8790283203125 1825.18896484375 1805.27001953125 1780.470947265625 1757.1109619140625 1744.842041015625 1737.2120361328125 1727.8330078125 1701.2530517578125 1694.89404296875 1703.7550048828125 1697.5050048828125 1683.2459716796875 1664.7060546875 1649.8370361328125 1646.5870361328125 1625.1590576171875 1598.3709716796875 1598.02294921875 1588.68505859375 1582.2969970703125 1571.8189697265625 1557.1109619140625 1540.56298828125 1523.43505859375 1509.677001953125 1496.6390380859375 1490.56103515625
2104.638916015625 2083.699951171875 2065.820068359375 2059.85791015625 2046.1820068359375 2045.7120361328125 2017.123046875 1995.1929931640625 1975.7840576171875 1958.364013671875 1954.0150146484375 1942.176025390625 1919.2760009765625 1913.5369873046875 1906.406982421875 1888.738037109375 1861.677978515625 1849.759033203125 1845.81005859375 1819.949951171875 1791.27099609375 1773.3310546875 1770.842041015625 1757.741943359375 1737.9530029296875 1717.634033203125 1722.7640380859375 1719.9150390625 1715.2049560546875 1697.135986328125 1680.2159423828125 1667.5670166015625 1655.9580078125 1641.1390380859375 1626.6710205078125 1616.4339599609375 1614.9859619140625 1612.5469970703125 1591.458984375 1580.240966796875 1558.9329833984375 1542.155029296875 1530.126953125 1515.3890380859375 1516.491943359375
2112.340087890625 2095.050048828125 2082.381103515625 2071.325927734375 2056.58203125 2052.802001953125 2043.012939453125 2020.81396484375 1997.573974609375 1979.4649658203125 1959.9849853515625 1945.4859619140625 1939.345947265625 1932.43701171875 1922.2779541015625 1911.4580078125 1890.3590087890625 1881.678955078125 1858.0899658203125 1827.56005859375 1812.2509765625 1800.761962890625 1799.8919677734375 1775.6829833984375 1754.4229736328125 1741.803955078125 1753.7840576171875 1748.155029296875 1732.7060546875 1714.5760498046875 1699.886962890625 1691.467041015625 1671.5880126953125 1652.52001953125 1652.9720458984375 1640.7939453125 1641.2860107421875 1631.89697265625 1621.8790283203125 1604.4010009765625 1590.613037109375 1562.5150146484375 1549.498046875 1539.8900146484375 1542.8819580078125
2128.409912109375 2114.489990234375 2098.611083984375 2080.968017578125 2061.83203125 2049.623046875 2065.77294921875 2044.5140380859375 2016.7840576171875 1996.405029296875 1971.64599609375 1955.9659423828125 1967.2869873046875 1956.93701171875 1943.4580078125 1928.0679931640625 1908.43896484375 1892.2490234375 1866.949951171875 1846.4010009765625 1843.31103515625 1832.991943359375 1821.4320068359375 1796.633056640625 1778.4630126953125 1763.10400390625 1771.5250244140625 1764.2349853515625 1750.0059814453125 1736.5360107421875 1724.0069580078125 1705.197021484375 1682.3780517578125 1684.9200439453125 1668.751953125 1671.404052734375 1665.4959716796875 1661.39697265625 1642.5589599609375 1621.541015625 1600.384033203125 1583.93603515625 1571.488037109375 1567.3800048828125 1571.3919677734375
2143.6201171875 2128.37109375 2110.260986328125 2088.85693359375 2070.741943359375 2060.052978515625 2064.403076171875 2050.763916015625 2028.5450439453125 2006.2349853515625 1986.2659912109375 1975.845947265625 1984.697021484375 1975.7569580078125 1970.498046875 1952.3890380859375 1920.489013671875 1902.9200439453125 1894.780029296875 1872.06103515625 1874.9210205078125 1858.9119873046875 1840.52294921875 1814.4129638671875 1798.7840576171875 1789.6839599609375 1790.3050537109375 1774.4449462890625 1766.156005859375 1752.406982421875 1738.0670166015625 1711.5479736328125 1712.5980224609375 1711.5799560546875 1693.4420166015625 1699.6839599609375 1694.7359619140625 1685.0369873046875 1658.8699951171875 1637.1319580078125 1620.9139404296875 1607.4560546875 1598.8580322265625 1599.77001953125 1590.1820068359375
2153.43994140625 2135.631103515625 2120.27099609375 2102.080078125 2086.492919921875 2072.992919921875 2057.47412109375 2056.833984375 2036.925048828125 2022.3050537109375 2011.3060302734375 2000.427001953125 2001.8570556640625 1994.8780517578125 1987.5679931640625 1958.6689453125 1932.1590576171875 1936.2900390625 1919.8509521484375 1896.9410400390625 1886.072021484375 1871.8919677734375 1847.2430419921875 1842.1529541015625 1823.154052734375 1817.0240478515625 1808.0050048828125 1796.135986328125 1782.7060546875 1767.7569580078125 1744.217041015625 1739.3680419921875 1735.2879638671875 1733.6199951171875 1722.56201171875 1722.404052734375 1713.7459716796875 1701.2879638671875 1682.010009765625 1661.4320068359375 1646.7139892578125 1646.2659912109375 1640.4580078125 1625.530029296875 1596.781982421875
2169.8310546875 2150.89111328125 2134.922119140625 2116.9169921875 2100.43310546875 2080.423095703125 2060.9541015625 2064.074951171875 2056.074951171875 2037.865966796875 2034.5159912109375 2024.6669921875 2016.64697265625 2012.0980224609375 1987.7879638671875 1968.1190185546875 1961.77001953125 1962.56005859375 1947.510986328125 1923.8310546875 1901.261962890625 1878.011962890625 1876.4129638671875 1862.4239501953125 1848.364013671875 1844.155029296875 1833.6650390625 1820.666015625 1806.7159423828125 1783.45703125 1772.927978515625 1764.907958984375 1751.97900390625 1750.97998046875 1745.531982421875 1740.073974609375 1734.3070068359375 1724.427978515625 1707.1400146484375 1694.511962890625 1674.7039794921875 1675.4560546875 1656.468017578125 1628.5999755859375 1604.4820556640625
2179.10107421875 2168.740966796875 2147.08203125 2130.7958984375 2112.443115234375 2095.0439453125 2076.75390625 2069.4150390625 2064.864990234375 2058.696044921875 2056.696044921875 2047.6070556640625 2031.8280029296875 2015.637939453125 1997.6490478515625 1985.9189453125 1987.2099609375 1978.6099853515625 1960.1910400390625 1938.592041015625 1910.9720458984375 1902.6729736328125 1903.7130126953125 1884.85400390625 1877.803955078125 1874.375 1867.2159423828125 1846.60595703125 1817.5770263671875 1803.1669921875 1801.5179443359375 1791.008056640625 1785.9990234375 1770.9000244140625 1763.79296875 1756.9549560546875 1755.8570556640625 1747.677978515625 1734.3599853515625 1722.08203125 1710.1739501953125 1686.39599609375 1660.89794921875 1635.0799560546875 1618.4530029296875
2192.87109375 2175.991943359375 2159.52197265625 2143.528076171875 2129.60302734375 2112.81396484375 2098.10400390625 2081.60498046875 2078.97607421875 2075.01611328125 2073.3369140625 2063.056884765625 2039.22802734375 2027.6180419921875 2009.5589599609375 2004.4100341796875 2006.9200439453125 1993.02099609375 1968.02099609375 1946.33203125 1941.741943359375 1927.863037109375 1937.77294921875 1913.083984375 1909.9749755859375 1898.875 1876.4659423828125 1853.5760498046875 1853.5169677734375 1834.5269775390625 1821.248046875 1819.1290283203125 1806.698974609375 1787.6810302734375 1789.4730224609375 1778.4649658203125 1773.8470458984375 1761.5679931640625 1745.780029296875 1732.5419921875 1713.7740478515625 1687.0870361328125 1665.7889404296875 1643.4310302734375 1629.113037109375
2200.5810546875 2188.241943359375 2168.951904296875 2158.85693359375 2145.714111328125 2131.52392578125 2117.135009765625 2102.5048828125 2094.006103515625 2085.615966796875 2086.757080078125 2070.748046875 2053.93798828125 2040.4090576171875 2026.0889892578125 2025.0699462890625 2011.8800048828125 1993.1209716796875 1973.1309814453125 1973.241943359375 1974.04296875 1963.7030029296875 1962.9439697265625 1950.6939697265625 1938.175048828125 1915.64501953125 1885.0260009765625 1886.427001953125 1866.927001953125 1856.8780517578125 1849.177978515625 1840.5389404296875 1820.6590576171875 1813.06103515625 1813.1929931640625 1803.85498046875 1790.0469970703125 1776.6280517578125 1756.4200439453125 1733.9730224609375 1714.574951171875 1696.487060546875 1675.3990478515625 1650.821044921875 1637.0030517578125
2194.751953125 2188.412109375 2178.462890625 2163.2490234375 2157.14404296875 2144.833984375 2132.0048828125 2121.486083984375 2110.5859375 2103.10693359375 2090.6669921875 2082.89794921875 2066.3779296875 2055.97900390625 2046.7490234375 2042.27001953125 2022.3909912109375 2000.2110595703125 1988.761962890625 1989.1319580078125 1995.363037109375 1995.052978515625 1987.1639404296875 1971.7149658203125 1953.60498046875 1926.5560302734375 1908.2960205078125 1906.906982421875 1884.8070068359375 1887.2879638671875 1872.1180419921875 1855.3389892578125 1838.43994140625 1842.970947265625 1833.032958984375 1816.385009765625 1797.116943359375 1783.1090087890625 1760.720947265625 1740.322998046875 1721.4649658203125 1700.7669677734375 1680.0789794921875 1662.4310302734375 1643.9630126953125
