OMS_GEOET11/data/Meledrio/2/DEM_2.asc
ncols        192
nrows        212
xllcorner    628522.000000000000
yllcorner    5129758.000000000000
cellsize     30.000000000000
NODATA_value  -9999
[rows 20 to 39 of 212, columns 90 to 134 of 192]
1783.176025390625 1806.197998046875 1818.9189453125 1827.47998046875 1837.7919921875 1847.9329833984375 1859.89501953125 1870.0660400390625 1874.2969970703125 1881.029052734375 1891.4599609375 1899.2919921875 1912.1629638671875 1920.1839599609375 1916.35595703125 1914.5069580078125 1918.258056640625 1925.0799560546875 1940.9610595703125 1954.2030029296875 1957.85400390625 1975.4749755859375 1995.8570556640625 2017.3280029296875 2037.27001953125 2056.90087890625 2082.6220703125 2097.464111328125 2116.10498046875 2136.906982421875 2159.93798828125 2183.678955078125 2207.291015625 2224.181884765625 2227.97412109375 2235.06494140625 2246.85595703125 2266.2080078125 2287.118896484375 2317.52099609375 2339.261962890625 2380.85302734375 2409.5849609375 2427.966064453125 2445.626953125
1773.866943359375 1799.637939453125 1814.448974609375 1820.260986328125 1830.4520263671875 1839.7740478515625 1850.5050048828125 1858.416015625 1863.1180419921875 1869.6090087890625 1878.7010498046875 1889.011962890625 1908.593017578125 1908.2550048828125 1904.6259765625 1904.387939453125 1904.259033203125 1916.4599609375 1927.81201171875 1931.9830322265625 1955.35498046875 1975.7659912109375 1992.5770263671875 2013.8790283203125 2032.5400390625 2050.4619140625 2071.23291015625 2095.493896484375 2118.156005859375 2139.31689453125 2162.60888671875 2186.27001953125 2194.31103515625 2199.383056640625 2203.2939453125 2215.4560546875 2242.737060546875 2258.677978515625 2282.31005859375 2309.450927734375 2330.23291015625 2356.10400390625 2384.125 2407.97705078125 2428.718017578125
1771.72705078125 1799.4990234375 1807.9200439453125 1813.760986328125 1823.613037109375 1834.8740234375 1844.8160400390625 1849.1070556640625 1850.5179443359375 1855.81005859375 1870.490966796875 1890.123046875 1897.85400390625 1893.375 1886.22705078125 1891.43798828125 1891.22998046875 1894.321044921875 1912.2020263671875 1936.134033203125 1953.60498046875 1972.3070068359375 1990.3680419921875 2010.3990478515625 2028.990966796875 2048.48193359375 2068.553955078125 2095.594970703125 2114.416015625 2124.66796875 2144.299072265625 2164.12109375 2169.251953125 2170.883056640625 2186.215087890625 2215.0859375 2242.197998046875 2254.529052734375 2274.530029296875 2303.162109375 2324.593017578125 2347.375 2369.156005859375 2389.988037109375 2407.819091796875
1769.718017578125 1792.18896484375 1799.77001953125 1809.9320068359375 1816.032958984375 1828.14501953125 1837.5059814453125 1840.376953125 1841.029052734375 1851.31005859375 1870.072021484375 1882.27294921875 1880.89404296875 1876.115966796875 1866.6070556640625 1872.928955078125 1873.3900146484375 1899.071044921875 1922.4930419921875 1939.154052734375 1953.3160400390625 1973.5469970703125 1990.51904296875 2007.199951171875 2025.9110107421875 2047.0030517578125 2064.18408203125 2074.2958984375 2081.197021484375 2095.1279296875 2122.3798828125 2131.180908203125 2143.373046875 2168.7041015625 2193.31591796875 2224.01708984375 2241.847900390625 2265 2291.7109375 2313.02294921875 2322.033935546875 2339.97509765625 2360.537109375 2381.2080078125 2405.169921875
1773.2879638671875 1783.0889892578125 1792.4510498046875 1802.10205078125 1812.553955078125 1819.094970703125 1825.0660400390625 1828.7679443359375 1835.4990234375 1843.3509521484375 1858.531982421875 1861.10302734375 1857.9749755859375 1854.68603515625 1849.907958984375 1851.948974609375 1877.510986328125 1901.6319580078125 1916.3929443359375 1921.6949462890625 1937.18603515625 1958.947998046875 1977.1490478515625 1997.5009765625 2013.072021484375 2024.4029541015625 2040.594970703125 2044.656005859375 2061.05810546875 2085.68896484375 2109.2099609375 2135.501953125 2163.02294921875 2184.614990234375 2203.946044921875 2220.238037109375 2240.819091796875 2266.72998046875 2293.902099609375 2319.903076171875 2346.3349609375 2366.906005859375 2381.218017578125 2394.68896484375 2413.169921875
1767.5279541015625 1774.3900146484375 1785.6710205078125 1795.7230224609375 1802.884033203125 1803.81494140625 1809.2769775390625 1823.89794921875 1842.5 1840.6910400390625 1841.9830322265625 1843.083984375 1837.7950439453125 1832.7569580078125 1830.47802734375 1856.1199951171875 1875.6710205078125 1890.7330322265625 1893.39404296875 1903.074951171875 1919.616943359375 1936.697998046875 1950.6500244140625 1964.2010498046875 1987.79296875 2003.4139404296875 2023.375 2051.866943359375 2079.43798828125 2102.179931640625 2124.611083984375 2146.27294921875 2164.1640625 2190.93505859375 2221.346923828125 2240.427978515625 2258.14990234375 2282.031005859375 2304.072998046875 2325.50390625 2350.375 2376.297119140625 2407.4580078125 2426.409912109375 2435.740966796875
1756.68896484375 1770.1400146484375 1778.4820556640625 1788.383056640625 1786.2540283203125 1785.196044921875 1803.447021484375 1824.2989501953125 1830.6800537109375 1828.0419921875 1826.883056640625 1822.6739501953125 1814.18603515625 1804.7869873046875 1832.0589599609375 1850.0999755859375 1859.1920166015625 1868.4329833984375 1889.0439453125 1910.2359619140625 1927.2469482421875 1949.47900390625 1974.43994140625 1990.092041015625 2010.863037109375 2032.3050537109375 2049.31591796875 2067.047119140625 2087.928955078125 2112.39990234375 2144.172119140625 2171.79296875 2188.425048828125 2204.916015625 2226.047119140625 2246.4990234375 2271.239990234375 2295.552001953125 2319.443115234375 2344.304931640625 2366.93603515625 2388.468017578125 2409.158935546875 2440.780029296875 2460.951904296875
1747.8189697265625 1760.1810302734375 1770.592041015625 1778.2330322265625 1774.7149658203125 1776.7960205078125 1802.0880126953125 1805.5889892578125 1807.8409423828125 1807.1719970703125 1804.02294921875 1797.885009765625 1790.8160400390625 1807.3280029296875 1826.178955078125 1832.720947265625 1848.7220458984375 1872.323974609375 1892.4749755859375 1916.2060546875 1938.3179931640625 1959.26904296875 1980.6910400390625 2005.761962890625 2028.6739501953125 2051.175048828125 2066.277099609375 2079.447998046875 2103.6689453125 2129.87109375 2152.741943359375 2169.323974609375 2188.965087890625 2205.06689453125 2224.39794921875 2246.929931640625 2272.81103515625 2309.201904296875 2331.60400390625 2357.10498046875 2373.947021484375 2408.847900390625 2433.97998046875 2450.4609375 2476.762939453125
1741.5 1755.3509521484375 1765.4119873046875 1762.364013671875 1758.18505859375 1779.677001953125 1795.47802734375 1793.2900390625 1791.1510009765625 1789.9329833984375 1781.4339599609375 1774.2950439453125 1777.93701171875 1798.3580322265625 1811.530029296875 1833.48095703125 1855.802978515625 1876.4639892578125 1899.3759765625 1919.906982421875 1939.0279541015625 1959.77001953125 1978.6810302734375 1999.0830078125 2023.4439697265625 2047.166015625 2065.537109375 2082.569091796875 2105.77001953125 2128.862060546875 2140.77294921875 2158.114013671875 2174.885986328125 2196.89697265625 2219.279052734375 2244.35009765625 2278.052001953125 2301.992919921875 2324.534912109375 2339.52587890625 2364.1279296875 2395.87890625 2431.52001953125 2451.322021484375 2477.5029296875
1737.280029296875 1748.4010009765625 1748.883056640625 1744.2540283203125 1762.3360595703125 1783.2669677734375 1785.0789794921875 1777.25 1775.031982421875 1771.782958984375 1757.364013671875 1758.666015625 1767.7569580078125 1788.259033203125 1813.72998046875 1834.751953125 1856.802978515625 1877.5050048828125 1898.5460205078125 1917.218017578125 1938.93896484375 1955.6700439453125 1974.6820068359375 1995.3929443359375 2018.9949951171875 2038.696044921875 2058.008056640625 2074.819091796875 2093.56103515625 2110.27197265625 2126.48388671875 2148.284912109375 2178.427001953125 2198.847900390625 2219.26904296875 2243.85107421875 2267.672119140625 2286.6240234375 2308.985107421875 2332.717041015625 2364.798095703125 2398.139892578125 2417.56103515625 2450.98291015625 2473.093994140625
1728.969970703125 1737.751953125 1731.1829833984375 1747.4749755859375 1771.8260498046875 1767.2979736328125 1766.5789794921875 1762.5009765625 1757.2919921875 1749.1629638671875 1737.074951171875 1739.93603515625 1774.43798828125 1794.529052734375 1815.9010009765625 1837.8719482421875 1856.614013671875 1879.5050048828125 1898.4169921875 1915.9580078125 1933.31005859375 1950.6309814453125 1968.60205078125 1989.583984375 2010.0150146484375 2026.366943359375 2043.0880126953125 2061.639892578125 2079.760986328125 2100.06298828125 2122.033935546875 2149.006103515625 2169.467041015625 2191.448974609375 2214.590087890625 2242.592041015625 2260.3330078125 2284.284912109375 2314.74609375 2342.346923828125 2368.049072265625 2382.6201171875 2407.172119140625 2439.403076171875 2452.844970703125
1721.4410400390625 1723.491943359375 1731.7039794921875 1754.7850341796875 1756.1070556640625 1751.72802734375 1749.9200439453125 1747.1910400390625 1738.33203125 1727.0340576171875 1721.5250244140625 1748.987060546875 1778.157958984375 1797.9599609375 1819.0810546875 1839.6929931640625 1859.593994140625 1879.595947265625 1897.427001953125 1913.1390380859375 1926.4300537109375 1942.1719970703125 1961.7030029296875 1982.9849853515625 2007.7760009765625 2026.5570068359375 2047.0689697265625 2063.010009765625 2082.822021484375 2100.27294921875 2121.81494140625 2146.986083984375 2169.238037109375 2198.158935546875 2220.98095703125 2250.3720703125 2273.25390625 2300.81494140625 2323.9169921875 2342.528076171875 2349.18994140625 2374.091064453125 2398.552978515625 2419.35400390625 2434.89599609375
1708.801025390625 1708.6529541015625 1734.1839599609375 1746.1259765625 1739.3270263671875 1735.89794921875 1734.469970703125 1730.98095703125 1717.4029541015625 1703.083984375 1727.8759765625 1756.717041015625 1782.8089599609375 1799.489990234375 1821.761962890625 1839.873046875 1858.5150146484375 1876.196044921875 1891.5679931640625 1899.3990478515625 1915.4410400390625 1937.9019775390625 1961.2139892578125 1984.9150390625 2010.5770263671875 2026.68798828125 2040.5899658203125 2060.821044921875 2085.302978515625 2111.6240234375 2134.544921875 2154.306884765625 2172.68798828125 2195.110107421875 2218.31103515625 2250.052978515625 2274.64404296875 2297.2060546875 2310.866943359375 2320.708984375 2340.1201171875 2371.931884765625 2378.462890625 2399.864990234375 2425.416015625
1689.8509521484375 1707.4630126953125 1730.364013671875 1726.7559814453125 1722.987060546875 1718.7989501953125 1718.010009765625 1712.501953125 1695.7530517578125 1700.7449951171875 1729.0360107421875 1752.89794921875 1779.1390380859375 1796.9310302734375 1818.7020263671875 1837.7139892578125 1855.2850341796875 1866.5770263671875 1873.258056640625 1895.3900146484375 1912.1109619140625 1929.1529541015625 1949.7939453125 1970.43603515625 1986.7469482421875 2007.779052734375 2031.68994140625 2056.281982421875 2085.693115234375 2106.425048828125 2129.825927734375 2156.298095703125 2182.968994140625 2204.85107421875 2226.39208984375 2246.614013671875 2260.804931640625 2268.987060546875 2290.177978515625 2300.199951171875 2326.450927734375 2349.712890625 2375.364013671875 2399.756103515625 2430.306884765625
1680.822021484375 1704.04296875 1714.60498046875 1709.9659423828125 1705.498046875 1701.5989990234375 1695.8909912109375 1689.8719482421875 1674.5340576171875 1698.85498046875 1733.156982421875 1754.6080322265625 1775.3800048828125 1794.720947265625 1815.4429931640625 1833.553955078125 1843.426025390625 1848.866943359375 1872.178955078125 1887.7099609375 1903.531982421875 1916.633056640625 1940.0150146484375 1963.7060546875 1994.8179931640625 2020.0989990234375 2042.4610595703125 2066.822021484375 2090.02392578125 2111.344970703125 2135.10693359375 2163.028076171875 2186.199951171875 2208.2509765625 2221.462890625 2228.7041015625 2237.99609375 2248.467041015625 2265.489013671875 2284.530029296875 2316.58203125 2337.262939453125 2363.114990234375 2394.926025390625 2419.01806640625
1671.6519775390625 1694.2440185546875 1692.9949951171875 1691.5870361328125 1689.5679931640625 1681.3900146484375 1675.4410400390625 1663.343017578125 1673.5340576171875 1700.426025390625 1725.0570068359375 1754.3489990234375 1770.75 1793.85205078125 1811.4830322265625 1823.1949462890625 1823.166015625 1843.748046875 1862.51904296875 1873.4110107421875 1896.112060546875 1915.4940185546875 1935.7850341796875 1959.4969482421875 1991.0179443359375 2017.300048828125 2047.0009765625 2071.472900390625 2098.81396484375 2118.8759765625 2140.93701171875 2160.47900390625 2180.35009765625 2197.7119140625 2198.782958984375 2207.27490234375 2215.6259765625 2233.117919921875 2260.7890625 2293.341064453125 2321.882080078125 2346.763916015625 2368.31494140625 2390.85693359375 2416.318115234375
1666.282958984375 1676.4840087890625 1671.385986328125 1668.7469482421875 1673.7989501953125 1662.8699951171875 1655.58203125 1644.35302734375 1665.56494140625 1708.0460205078125 1728.8780517578125 1748.68896484375 1773.9310302734375 1793.241943359375 1803.7840576171875 1798.9549560546875 1819.237060546875 1836.18798828125 1850.9100341796875 1871.06103515625 1889.9930419921875 1910.7640380859375 1932.8160400390625 1955.886962890625 1986.509033203125 2014.510009765625 2041.501953125 2074.7529296875 2100.385009765625 2126.43603515625 2135.72802734375 2142.208984375 2157.180908203125 2164.593017578125 2172.02392578125 2178.52587890625 2202.31689453125 2224.93896484375 2260.2900390625 2294.902099609375 2318.1630859375 2336.465087890625 2358.1259765625 2386.367919921875 2420.158935546875
1656.9329833984375 1657.9549560546875 1649.7559814453125 1648.3179931640625 1652.1290283203125 1643.240966796875 1635.491943359375 1637.0040283203125 1665.7550048828125 1697.8270263671875 1721.5379638671875 1746.050048828125 1775.5909423828125 1782.623046875 1777.7340087890625 1792.9560546875 1807.376953125 1819.968994140625 1841.8599853515625 1864.052001953125 1889.6629638671875 1912.0350341796875 1936.3060302734375 1962.6080322265625 1985.6390380859375 2015.9610595703125 2039.6729736328125 2053.4541015625 2076.535888671875 2098.826904296875 2114.549072265625 2117.93994140625 2127.31201171875 2134.7529296875 2149.39501953125 2172.6259765625 2195.35791015625 2229.6689453125 2263.0810546875 2286.261962890625 2304.1240234375 2332.364990234375 2357.126953125 2375.39794921875 2423.77001953125
1640.06298828125 1635.0050048828125 1629.5870361328125 1624.0980224609375 1630.3499755859375 1619.8409423828125 1618.7330322265625 1640.803955078125 1667.365966796875 1691.0069580078125 1718.958984375 1753.969970703125 1757.751953125 1759.8929443359375 1766.4949951171875 1779.2459716796875 1798.9580078125 1827.1390380859375 1850.541015625 1873.1419677734375 1897.10400390625 1922.14501953125 1944.89697265625 1947.43896484375 1960.18994140625 1989.802001953125 2007.35302734375 2023.0350341796875 2056.365966796875 2077.568115234375 2088.839111328125 2095.64111328125 2102.451904296875 2132.10400390625 2161.695068359375 2185.287109375 2204.2080078125 2226.360107421875 2258.071044921875 2281.89306640625 2309.7548828125 2331.7958984375 2352.10791015625 2377.68896484375 2419.031005859375
1616.7740478515625 1613.0250244140625 1603.7569580078125 1594.5980224609375 1605.6300048828125 1600.60205078125 1617.35302734375 1638.8050537109375 1663.2559814453125 1697.5179443359375 1732.3189697265625 1743.3409423828125 1735.81201171875 1735.343994140625 1751.094970703125 1773.1669921875 1801.3079833984375 1823.530029296875 1850.1209716796875 1871.593017578125 1901.364013671875 1918.446044921875 1920.988037109375 1918.5989990234375 1938.7010498046875 1954.1619873046875 1981.1939697265625 2006.6949462890625 2038.0870361328125 2055.30810546875 2063.780029296875 2077.06103515625 2102.29296875 2129.714111328125 2155.385986328125 2182.47802734375 2208.928955078125 2236.5009765625 2261.322021484375 2283.033935546875 2311.135009765625 2339.427001953125 2370.337890625 2400.669921875 2425.321044921875
