OMS_GEOET11/data/Meledrio/2/DEM_2.asc
ncols        192
nrows        212
xllcorner    628522.000000000000
yllcorner    5129758.000000000000
cellsize     30.000000000000
NODATA_value  -9999
[rows 0 to 19 of 212, columns 135 to 179 of 192]
-9999 -9999 -9999 -9999 -9999 -9999 -9999 -9999 -9999 -9999 -9999 -9999 -9999 -9999 -9999 -9999 -9999 -9999 -9999 -9999 -9999 -9999 -9999 -9999 -9999 -9999 -9999 2831.506103515625 -9999 -9999 -9999 -9999 -9999 -9999 -9999 -9999 -9999 -9999 -9999 -9999 -9999 -9999 -9999 -9999 -9999
-9999 -9999 -9999 -9999 -9999 -9999 -9999 -9999 -9999 -9999 -9999 -9999 -9999 -9999 -9999 -9999 -9999 -9999 -9999 -9999 -9999 -9999 -9999 -9999 -9999 -9999 2836.196044921875 2816.306884765625 2798.2880859375 -9999 -9999 -9999 -9999 -9999 -9999 -9999 -9999 -9999 -9999 -9999 -9999 -9999 -9999 -9999 -9999
-9999 -9999 -9999 -9999 -9999 -9999 -9999 -9999 -9999 -9999 -9999 -9999 -9999 -9999 -9999 -9999 -9999 -9999 -9999 -9999 -9999 -9999 -9999 -9999 -9999 2839.946044921875 2824.1669921875 2807.278076171875 2791.01904296875 2778.52001953125 2765.791015625 -9999 -9999 -9999 -9999 -9999 -9999 -9999 -9999 -9999 -9999 -9999 -9999 -9999 -9999
-9999 -9999 -9999 -9999 -9999 -9999 -9999 -9999 -9999 -9999 -9999 -9999 -9999 -9999 -9999 -9999 -9999 -9999 -9999 -9999 -9999 2867.281982421875 2860.843017578125 2852.02392578125 2841.5859375 2828.0869140625 2814.5380859375 2799.1689453125 2782.1201171875 2766.220947265625 2755.822021484375 2750.39306640625 2746.7939453125 2746.0048828125 2743.47607421875 -9999 -9999 -9999 -9999 -9999 -9999 -9999 -9999 -9999 -9999
-9999 -9999 -9999 -9999 -9999 -9999 -9999 -9999 -9999 -9999 -9999 -9999 -9999 -9999 -9999 -9999 -9999 -9999 -9999 -9999 2838.801025390625 2846.56298828125 2842.553955078125 2833.514892578125 2823.02587890625 2815.498046875 2805.12890625 2792.070068359375 2775.881103515625 2758.572021484375 2746.54296875 2737.43408203125 2737.465087890625 2726.615966796875 2730.56689453125 2723.988037109375 2719.59912109375 -9999 -9999 -9999 -9999 -9999 -9999 -9999 -9999
-9999 -9999 -9999 -9999 -9999 -9999 -9999 -9999 -9999 -9999 -9999 -9999 -9999 -9999 -9999 -9999 -9999 2813.51806640625 2815.280029296875 2818.281005859375 2813.471923828125 2815.39306640625 2815.375 2811.906005859375 2802.626953125 2797.819091796875 2793.800048828125 2785.8310546875 2772.451904296875 2757.673095703125 2744.073974609375 2732.364990234375 2727.825927734375 2712.386962890625 2706.14794921875 2705.35888671875 2702.090087890625 2702.180908203125 -9999 -9999 -9999 -9999 -9999 -9999 -9999
-9999 -9999 -9999 -9999 -9999 -9999 -9999 -9999 -9999 -9999 -9999 -9999 -9999 -9999 -9999 -9999 2789.657958984375 2790.5791015625 2787.639892578125 2794.052001953125 2788.9130859375 2789.763916015625 2791.486083984375 2786.116943359375 2780.597900390625 2779.070068359375 2777.60107421875 2776.011962890625 2769.552978515625 2755.7041015625 2741.155029296875 2731.385986328125 2718.47705078125 2707.41796875 2693.178955078125 2687.449951171875 2690.06103515625 2693.201904296875 2703.212890625 2712.403076171875 -9999 -9999 -9999 -9999 -9999
-9999 -9999 -9999 -9999 -9999 -9999 -9999 -9999 -9999 -9999 -9999 -9999 -9999 -9999 2783.51611328125 2777.297119140625 2768.388916015625 2762.590087890625 2762.321044921875 2764.89306640625 2764.533935546875 2764.465087890625 2767.89697265625 2763.7080078125 2761.55908203125 2759.37109375 2758.48193359375 2759.443115234375 2757.924072265625 2750.284912109375 2736.285888671875 2721.136962890625 2710.177978515625 2700.84912109375 2690.050048828125 2687.220947265625 2685.551025390625 2688.241943359375 2696.822998046875 2706.4541015625 2718.705078125 -9999 -9999 -9999 -9999
2598.260009765625 -9999 -9999 -9999 -9999 -9999 -9999 -9999 -9999 -9999 -9999 -9999 -9999 2773.14697265625 2773.14697265625 2760.387939453125 2749.010009765625 2740.470947265625 2740.322021484375 2739.39404296875 2739.485107421875 2738.2958984375 2741.39794921875 2741.60888671875 2741.320068359375 2741.0810546875 2738.77294921875 2738.72412109375 2741.93505859375 2741.986083984375 2731.616943359375 2714.367919921875 2700.408935546875 2691.6201171875 2688.580078125 2688.301025390625 2684.612060546875 2687.262939453125 2691.073974609375 2698.68505859375 2714.345947265625 2736.89697265625 -9999 -9999 -9999
2590.19091796875 2611.27197265625 2632.193115234375 2655.14501953125 2671.216064453125 -9999 -9999 -9999 -9999 -9999 -9999 -9999 2773.346923828125 2754.327880859375 2754.327880859375 2741.698974609375 2733.260009765625 2724.092041015625 2720.262939453125 2718.77392578125 2715.305908203125 2714.376953125 2720.718017578125 2718.929931640625 2720.551025390625 2722.052001953125 2720.4541015625 2720.9150390625 2723.76611328125 2728.1259765625 2723.10693359375 2707.85791015625 2693.84912109375 2691 2689.781005859375 2690.9619140625 2685.673095703125 2679.73388671875 2683.14501953125 2693.885986328125 2704.9970703125 2732.577880859375 2752.049072265625 -9999 -9999
2579.89111328125 2595.5029296875 2616.60400390625 2641.10498046875 2658.467041015625 2676.6279296875 2703.839111328125 2720.801025390625 2736.3720703125 2766.363037109375 2763.264892578125 2756.885986328125 2753.297119140625 2739.489013671875 2739.489013671875 2726.050048828125 2714.321044921875 2706.383056640625 2700.083984375 2697.465087890625 2696.43701171875 2693.137939453125 2699.259033203125 2696.010986328125 2699.991943359375 2702.113037109375 2702.47509765625 2703.784912109375 2707.176025390625 2707.06689453125 2705.05810546875 2696.0390625 2687.320068359375 2686.490966796875 2688.33203125 2692.68310546875 2686.6240234375 2679.72509765625 2677.446044921875 2688.06689453125 2705.7080078125 2728.158935546875 2750.6201171875 2766.010986328125 -9999
2562.4619140625 2583.174072265625 2604.9951171875 2625.27587890625 2642.258056640625 2665.89892578125 2683.409912109375 2704.221923828125 2726.843017578125 2745.763916015625 2733.60595703125 2733.797119140625 2719.7880859375 2719.25 2719.25 2706.881103515625 2697.5419921875 2686.444091796875 2678.6650390625 2674.26611328125 2677.30810546875 2666.18896484375 2673.489990234375 2669.39208984375 2679.81298828125 2682.843994140625 2685.804931640625 2687.3359375 2691.26708984375 2691.64794921875 2689.68896484375 2683.75 2679.02099609375 2678.721923828125 2682.31298828125 2684.6240234375 2679.97509765625 2676.666015625 2676.616943359375 2688.3779296875 2705.208984375 2727.919921875 2748.69091796875 2765.81201171875 2795.52294921875
2556.302978515625 2576.02392578125 2586.885986328125 2609.47705078125 2635.657958984375 2646.679931640625 2667.541015625 2693.7919921875 2716.81396484375 2730.705078125 2715.156005859375 2703.887939453125 2695.049072265625 2686.919921875 2686.919921875 2678.19189453125 2675.48291015625 2668.083984375 2657.035888671875 2649.126953125 2645.488037109375 2649.72998046875 2639.7109375 2640.501953125 2653.39404296875 2660.764892578125 2660.446044921875 2665.797119140625 2671.22802734375 2673.18896484375 2671.949951171875 2669.85107421875 2667.23193359375 2665.403076171875 2672.43408203125 2678.264892578125 2674.8359375 2671.697021484375 2676.14794921875 2689.388916015625 2703.68994140625 2723.48095703125 2745.471923828125 2768.653076171875 2792.4140625
2547.39404296875 2553.68505859375 2574.555908203125 2592.41796875 2612.1689453125 2642.320068359375 2665.60205078125 2689.60302734375 2711.194091796875 2722.97607421875 2707.717041015625 2695.39892578125 2680.7900390625 2672.12109375 2672.12109375 2662.73291015625 2655.3740234375 2647.264892578125 2637.757080078125 2629.9580078125 2622.0791015625 2616.15087890625 2620.672119140625 2617.512939453125 2612.695068359375 2626.365966796875 2634.5869140625 2642.68798828125 2652.8291015625 2656.110107421875 2655.2509765625 2657.172119140625 2660.302978515625 2658.89404296875 2662.18505859375 2669.055908203125 2669.927001953125 2667.498046875 2673.388916015625 2690.75 2701.551025390625 2719.281982421875 2739.89306640625 2759.904052734375 2788.68505859375
2524.033935546875 2538.93603515625 2559.6669921875 2582.339111328125 2607.070068359375 2635.40087890625 2659.972900390625 2677.194091796875 2694.364990234375 2723.156982421875 2708.847900390625 2694.198974609375 2677.791015625 2663.681884765625 2663.681884765625 2653.123046875 2641.625 2626.716064453125 2620.85693359375 2612.868896484375 2606.18994140625 2599.56201171875 2601.802978515625 2598.97412109375 2593.416015625 2592.787109375 2610.68798828125 2623.299072265625 2637.570068359375 2644.720947265625 2649.862060546875 2651.722900390625 2651.48388671875 2652.18505859375 2659.6259765625 2665.156982421875 2665.827880859375 2671.868896484375 2679.10009765625 2689.930908203125 2694.83203125 2707.89306640625 2734.243896484375 2748.125 2809.845947265625
2509.39501953125 2524.6669921875 2547.68798828125 2569.05908203125 2602.611083984375 2626.572021484375 2641.7529296875 2664.205078125 2686.236083984375 2720.45703125 2708.6689453125 2693.97998046875 2672.802001953125 2654.153076171875 2654.153076171875 2640.0439453125 2628.18603515625 2611.51708984375 2604.427978515625 2599.080078125 2591.631103515625 2583.662109375 2583.81396484375 2581.445068359375 2576.39697265625 2572.66796875 2576.7890625 2603.389892578125 2629.041015625 2637.902099609375 2645.68310546875 2644.884033203125 2649.885009765625 2650.055908203125 2658.76708984375 2669.0380859375 2673.1689453125 2676.360107421875 2686.041015625 2688.592041015625 2696.0830078125 2713.444091796875 2733.81494140625 2762.0859375 2791.4169921875
2496.99609375 2526.126953125 2548.2490234375 2565.60009765625 2589.12109375 2617.472900390625 2639.803955078125 2661.055908203125 2690.9169921875 2713.85791015625 2703.4599609375 2685.9208984375 2668.422119140625 2649.0439453125 2649.0439453125 2632.455078125 2617.805908203125 2608.748046875 2597.799072265625 2588.160888671875 2581.612060546875 2575.623046875 2569.465087890625 2566.56591796875 2561.14697265625 2557.35888671875 2560.110107421875 2578.571044921875 2614.4619140625 2625.072998046875 2638.6640625 2646.804931640625 2650.615966796875 2653.177001953125 2666.177978515625 2672.72900390625 2677.260009765625 2676.7509765625 2688.471923828125 2690.943115234375 2697.2939453125 2712.965087890625 2745.35595703125 2782.987060546875 2821.488037109375
2495.467041015625 2521.68798828125 2547.85888671875 2563.760986328125 2589.572021484375 2623.283935546875 2637.945068359375 2654.865966796875 2672.93798828125 2710.43896484375 2698.699951171875 2681.9619140625 2660.843017578125 2643.77490234375 2643.77490234375 2630.966064453125 2617.9169921875 2601.43896484375 2588.35009765625 2581.77099609375 2577.782958984375 2570.64404296875 2569.176025390625 2561.126953125 2549.468017578125 2547.5 2548.7109375 2564.221923828125 2585.173095703125 2612.593994140625 2633.5849609375 2642.81591796875 2652.6669921875 2659.028076171875 2662.64892578125 2672.9599609375 2678.910888671875 2677.241943359375 2681.27294921875 2687.6240234375 2699.6650390625 2721.97607421875 2748.45703125 2793.837890625 2822.259033203125
2494.037109375 2510.739013671875 2528.43994140625 2543.10205078125 2566.77294921875 2600.533935546875 2624.76611328125 2641.987060546875 2665.327880859375 2706 2692.35107421875 2672.35302734375 2657.14404296875 2643.054931640625 2643.054931640625 2629.427001953125 2616.89794921875 2600.47998046875 2587.9609375 2576.6220703125 2575.18408203125 2568.52490234375 2565.306884765625 2559.758056640625 2544.59912109375 2541.950927734375 2545.912109375 2558.742919921875 2580.25390625 2617.925048828125 2628.5859375 2633.93701171875 2642.488037109375 2652.5791015625 2658.22998046875 2668.2109375 2677.64208984375 2674.10302734375 2677.25390625 2686.074951171875 2703.716064453125 2725.06689453125 2746.827880859375 2782.85791015625 2818.739013671875
2482.2080078125 2494.639892578125 2508.10107421875 2525.362060546875 2547.093994140625 2574.405029296875 2619.056884765625 2636.30810546875 2660.239013671875 2694.841064453125 2681.162109375 2669.623046875 2651.4951171875 2638.52587890625 2638.52587890625 2625.51806640625 2609.37890625 2593.7900390625 2581.56201171875 2579.282958984375 2571.614990234375 2562.31591796875 2558.636962890625 2553.87890625 2542.9599609375 2538.031982421875 2538.403076171875 2547.02392578125 2573.77490234375 2609.805908203125 2623.326904296875 2623.657958984375 2633.458984375 2641.610107421875 2645.930908203125 2658.4619140625 2667.472900390625 2666.384033203125 2673.175048828125 2680.5458984375 2693.45703125 2726.95703125 2754.327880859375 2795.85888671875 2813.169921875
