OMS_GEOET11/data/Meledrio/2/skyview_2.asc
ncols        192
nrows        212
xllcorner    628522.000000000000
yllcorner    5129758.000000000000
cellsize     30.000000000000
NODATA_value  -9999
[rows 90 to 107 of 212, columns 120 to 159 of 192]
0.70509409904479980469 0.79018819332122802734 0.83889877796173095703 0.84653705358505249023 0.87138360738754272461 0.81755328178405761719 0.7811362147331237793 0.78433042764663696289 0.79434591531753540039 0.79077094793319702148 0.78276711702346801758 0.81298339366912841797 0.83133327960968017578 0.82977873086929321289 0.82444489002227783203 0.80710607767105102539 0.8040491938591003418 0.82107901573181152344 0.82181012630462646484 0.83973151445388793945 0.8231385350227355957 0.85888451337814331055 0.87611865997314453125 0.87542933225631713867 0.86273753643035888672 0.86658811569213867188 0.87308198213577270508 0.87386608123779296875 0.87927514314651489258 0.87231230735778808594 0.87013036012649536133 0.8565451502799987793 0.86039710044860839844 0.87771111726760864258 0.88048666715621948242 0.87886184453964233398 0.87857091426849365234 0.87502878904342651367 0.87347757816314697266 0.87334066629409790039
0.80684083700180053711 0.82323515415191650391 0.831298828125 0.86179488897323608398 0.87351649999618530273 0.80638682842254638672 0.78417450189590454102 0.78922182321548461914 0.79845720529556274414 0.79442352056503295898 0.81514513492584228516 0.82110434770584106445 0.82404911518096923828 0.8248469233512878418 0.80206459760665893555 0.81962186098098754883 0.82029104232788085938 0.7986519932746887207 0.81623554229736328125 0.81229352951049804688 0.81578987836837768555 0.85065764188766479492 0.87941038608551025391 0.87044310569763183594 0.86451053619384765625 0.85481339693069458008 0.84920060634613037109 0.8580906987190246582 0.88048553466796875 0.86692786216735839844 0.87126642465591430664 0.87571281194686889648 0.87045753002166748047 0.87248325347900390625 0.87928003072738647461 0.88033407926559448242 0.87983179092407226562 0.87624621391296386719 0.8760776519775390625 0.87547266483306884766
0.81855863332748413086 0.82693070173263549805 0.84192818403244018555 0.87215602397918701172 0.86008661985397338867 0.81589776277542114258 0.78672111034393310547 0.79757833480834960938 0.80032902956008911133 0.81102913618087768555 0.81149309873580932617 0.81417733430862426758 0.82252401113510131836 0.80512380599975585938 0.80119746923446655273 0.83436006307601928711 0.83491593599319458008 0.80142027139663696289 0.81874066591262817383 0.79042345285415649414 0.81288766860961914062 0.83165758848190307617 0.84233814477920532227 0.87522470951080322266 0.87026035785675048828 0.850078582763671875 0.86740201711654663086 0.88165801763534545898 0.88191384077072143555 0.8737958073616027832 0.86457598209381103516 0.87803655862808227539 0.88035190105438232422 0.87996149063110351562 0.87764567136764526367 0.87862741947174072266 0.87951898574829101562 0.87399959564208984375 0.8779951930046081543 0.87755864858627319336
0.81621211767196655273 0.83643972873687744141 0.87019830942153930664 0.8616498112678527832 0.82677793502807617188 0.82513272762298583984 0.80005592107772827148 0.7923793792724609375 0.79688596725463867188 0.81228548288345336914 0.82084167003631591797 0.82154279947280883789 0.81832176446914672852 0.80956959724426269531 0.8065077662467956543 0.84218108654022216797 0.82970559597015380859 0.80366140604019165039 0.82110476493835449219 0.82279944419860839844 0.8237845301628112793 0.8525149226188659668 0.85383749008178710938 0.87971216440200805664 0.87342858314514160156 0.86182928085327148438 0.870807647705078125 0.88280504941940307617 0.88297611474990844727 0.87311410903930664062 0.87144833803176879883 0.8818047642707824707 0.88234889507293701172 0.87737596035003662109 0.87322217226028442383 0.8656718134880065918 0.87983530759811401367 0.86622977256774902344 0.88022178411483764648 0.88098251819610595703
0.8337726593017578125 0.86598896980285644531 0.87603932619094848633 0.83970415592193603516 0.81610727310180664062 0.82305312156677246094 0.80851888656616210938 0.81365936994552612305 0.80520224571228027344 0.8134860992431640625 0.81127828359603881836 0.8116677403450012207 0.8211072087287902832 0.78771311044692993164 0.81219762563705444336 0.84260702133178710938 0.82343614101409912109 0.82106202840805053711 0.79627549648284912109 0.79395937919616699219 0.82542520761489868164 0.86046332120895385742 0.85937237739562988281 0.88332474231719970703 0.87135905027389526367 0.87632811069488525391 0.88596135377883911133 0.88481527566909790039 0.88384449481964111328 0.87342149019241333008 0.87263357639312744141 0.87663054466247558594 0.87707108259201049805 0.87493145465850830078 0.86442017555236816406 0.85386198759078979492 0.86449056863784790039 0.87064635753631591797 0.86050146818161010742 0.87030613422393798828
0.86034661531448364258 0.87658673524856567383 0.85073459148406982422 0.81743294000625610352 0.80509537458419799805 0.81854432821273803711 0.8011646270751953125 0.81001311540603637695 0.80169838666915893555 0.80129516124725341797 0.80292910337448120117 0.80904310941696166992 0.81795793771743774414 0.81595516204833984375 0.83930879831314086914 0.83607697486877441406 0.82013833522796630859 0.81776165962219238281 0.80246680974960327148 0.80483704805374145508 0.82672369480133056641 0.86968964338302612305 0.85420554876327514648 0.87925034761428833008 0.87046658992767333984 0.86873555183410644531 0.87813770771026611328 0.88667857646942138672 0.88571763038635253906 0.88341420888900756836 0.88118767738342285156 0.87896329164505004883 0.87868082523345947266 0.87542665004730224609 0.8758366703987121582 0.87060624361038208008 0.86453860998153686523 0.86327147483825683594 0.85144507884979248047 0.85600334405899047852
0.87123274803161621094 0.85434043407440185547 0.83363062143325805664 0.81627798080444335938 0.80686479806900024414 0.81620168685913085938 0.80966007709503173828 0.81474763154983520508 0.81133151054382324219 0.78103685379028320312 0.81428557634353637695 0.82386767864227294922 0.82484966516494750977 0.83425372838973999023 0.84228616952896118164 0.8383941650390625 0.81152260303497314453 0.80850660800933837891 0.79751831293106079102 0.80082672834396362305 0.82620400190353393555 0.87563419342041015625 0.86577600240707397461 0.86737966537475585938 0.85826104879379272461 0.87863570451736450195 0.87522780895233154297 0.88732790946960449219 0.88623249530792236328 0.88401854038238525391 0.8831914067268371582 0.87994170188903808594 0.87989771366119384766 0.8796221613883972168 0.87749218940734863281 0.87774509191513061523 0.87441051006317138672 0.86548268795013427734 0.86638379096984863281 0.84854370355606079102
0.84848332405090332031 0.82612711191177368164 0.82720279693603515625 0.80954504013061523438 0.81145960092544555664 0.8234507441520690918 0.81072366237640380859 0.80640894174575805664 0.80830657482147216797 0.79734706878662109375 0.81848865747451782227 0.83470481634140014648 0.83374691009521484375 0.8368975520133972168 0.84065616130828857422 0.82761156558990478516 0.80589115619659423828 0.81754916906356811523 0.79824334383010864258 0.77653115987777709961 0.82406783103942871094 0.87514638900756835938 0.86655902862548828125 0.87037456035614013672 0.86709082126617431641 0.86528414487838745117 0.88136214017868041992 0.88722640275955200195 0.88805919885635375977 0.88159251213073730469 0.88374334573745727539 0.88219827413558959961 0.88174670934677124023 0.88012874126434326172 0.88089150190353393555 0.87848323583602905273 0.87703955173492431641 0.86665588617324829102 0.8658275604248046875 0.86301881074905395508
0.84588032960891723633 0.83162105083465576172 0.83448106050491333008 0.81248438358306884766 0.81725144386291503906 0.81990021467208862305 0.80504280328750610352 0.81401836872100830078 0.8151009678840637207 0.8159453272819519043 0.83722364902496337891 0.83500593900680541992 0.82528972625732421875 0.79710698127746582031 0.80843693017959594727 0.83551138639450073242 0.82811462879180908203 0.81639689207077026367 0.80140000581741333008 0.77888518571853637695 0.82656687498092651367 0.86810791492462158203 0.87738049030303955078 0.87556850910186767578 0.8867180943489074707 0.86711764335632324219 0.88286626338958740234 0.88615816831588745117 0.88793003559112548828 0.88451427221298217773 0.88425999879837036133 0.88495385646820068359 0.8837407231330871582 0.88296639919281005859 0.88001471757888793945 0.87815463542938232422 0.87339890003204345703 0.86519169807434082031 0.86946469545364379883 0.86353564262390136719
0.84296202659606933594 0.82666110992431640625 0.83498287200927734375 0.81047475337982177734 0.81154918670654296875 0.82181817293167114258 0.81062430143356323242 0.81962090730667114258 0.82124930620193481445 0.80725538730621337891 0.82900762557983398438 0.81885015964508056641 0.80481475591659545898 0.81827819347381591797 0.82413190603256225586 0.83235454559326171875 0.82611835002899169922 0.82316946983337402344 0.80404078960418701172 0.79459089040756225586 0.83539605140686035156 0.87194937467575073242 0.87902599573135375977 0.88398939371109008789 0.88429236412048339844 0.88724690675735473633 0.87224268913269042969 0.88850826025009155273 0.88969528675079345703 0.88687688112258911133 0.88543397188186645508 0.88304239511489868164 0.88392227888107299805 0.8813412785530090332 0.88166499137878417969 0.87667071819305419922 0.87547659873962402344 0.87312376499176025391 0.87243151664733886719 0.8650531768798828125
0.84014832973480224609 0.81793189048767089844 0.83353477716445922852 0.81579762697219848633 0.81500416994094848633 0.80909955501556396484 0.81272459030151367188 0.80715066194534301758 0.78320723772048950195 0.78409105539321899414 0.78583735227584838867 0.78301715850830078125 0.78372985124588012695 0.81286942958831787109 0.84221518039703369141 0.82067418098449707031 0.81669723987579345703 0.80480688810348510742 0.77450013160705566406 0.75561845302581787109 0.82779407501220703125 0.87377476692199707031 0.88426131010055541992 0.88831388950347900391 0.88025879859924316406 0.88610988855361938477 0.87550890445709228516 0.88285928964614868164 0.8896007537841796875 0.88520830869674682617 0.88598233461380004883 0.884563446044921875 0.88468450307846069336 0.88400304317474365234 0.88032180070877075195 0.87943053245544433594 0.86436021327972412109 0.87754857540130615234 0.86766040325164794922 0.86729371547698974609
0.83613008260726928711 0.81692922115325927734 0.82427698373794555664 0.82395231723785400391 0.8139362335205078125 0.82102018594741821289 0.82025539875030517578 0.81617259979248046875 0.79829490184783935547 0.82109993696212768555 0.81521743535995483398 0.81520265340805053711 0.81603640317916870117 0.83443605899810791016 0.85003048181533813477 0.83382868766784667969 0.83537054061889648438 0.8262990117073059082 0.81518560647964477539 0.80709367990493774414 0.84122240543365478516 0.8847789764404296875 0.88740187883377075195 0.887847900390625 0.87834662199020385742 0.88364899158477783203 0.88458734750747680664 0.87604707479476928711 0.88461405038833618164 0.87476831674575805664 0.88425850868225097656 0.88553571701049804688 0.88546895980834960938 0.8824145197868347168 0.87901341915130615234 0.86968249082565307617 0.87129312753677368164 0.87613099813461303711 0.87222170829772949219 0.8771788477897644043
0.82756197452545166016 0.81358045339584350586 0.82004296779632568359 0.80601418018341064453 0.81873524188995361328 0.81884682178497314453 0.82183694839477539062 0.80080586671829223633 0.82174146175384521484 0.82043814659118652344 0.81529247760772705078 0.84305679798126220703 0.84703594446182250977 0.84919029474258422852 0.8554986119270324707 0.84583735466003417969 0.84662306308746337891 0.83454275131225585938 0.79881054162979125977 0.79355478286743164062 0.84361916780471801758 0.88714224100112915039 0.88482749462127685547 0.88761490583419799805 0.88278472423553466797 0.87862706184387207031 0.88188302516937255859 0.87162035703659057617 0.88347673416137695312 0.86371338367462158203 0.86555880308151245117 0.87421172857284545898 0.88066279888153076172 0.88272553682327270508 0.88345736265182495117 0.88268589973449707031 0.85852771997451782227 0.8659877777099609375 0.86592811346054077148 0.85748195648193359375
0.81882613897323608398 0.80836874246597290039 0.80803400278091430664 0.79441487789154052734 0.81382727622985839844 0.82912617921829223633 0.80552196502685546875 0.81840032339096069336 0.78012865781784057617 0.81729674339294433594 0.82888627052307128906 0.85091036558151245117 0.8539244532585144043 0.85759043693542480469 0.85708415508270263672 0.86105275154113769531 0.85459274053573608398 0.81911075115203857422 0.81772905588150024414 0.80612677335739135742 0.84868770837783813477 0.88916265964508056641 0.88897615671157836914 0.88621258735656738281 0.88491028547286987305 0.88434302806854248047 0.88343572616577148438 0.86957406997680664062 0.88665807247161865234 0.86869698762893676758 0.87325316667556762695 0.86491769552230834961 0.86954724788665771484 0.87601828575134277344 0.88280302286148071289 0.88607847690582275391 0.88266855478286743164 0.88536053895950317383 0.86874300241470336914 0.85973173379898071289
0.83443027734756469727 0.8360303044319152832 0.82200908660888671875 0.83492928743362426758 0.83986437320709228516 0.83310246467590332031 0.80810385942459106445 0.80876773595809936523 0.80496490001678466797 0.83474588394165039062 0.86701625585556030273 0.87190586328506469727 0.86766505241394042969 0.86804944276809692383 0.86564183235168457031 0.86706435680389404297 0.86140418052673339844 0.84200370311737060547 0.83146309852600097656 0.81460648775100708008 0.83253920078277587891 0.88396894931793212891 0.89077639579772949219 0.89099538326263427734 0.88821935653686523438 0.89006143808364868164 0.89042818546295166016 0.88884437084197998047 0.88808333873748779297 0.87370419502258300781 0.88483601808547973633 0.87185728549957275391 0.8652788996696472168 0.87554401159286499023 0.87454617023468017578 0.87095963954925537109 0.87128126621246337891 0.87757277488708496094 0.87649035453796386719 0.86025822162628173828
0.84131461381912231445 0.84167647361755371094 0.82771074771881103516 0.8505904078483581543 0.85135698318481445312 0.82124829292297363281 0.79923862218856811523 0.80854833126068115234 0.84165465831756591797 0.87724906206130981445 0.87745183706283569336 0.86599647998809814453 0.87201476097106933594 0.87176138162612915039 0.86491990089416503906 0.84535861015319824219 0.84974247217178344727 0.84849518537521362305 0.84555089473724365234 0.84539490938186645508 0.83776879310607910156 0.86971050500869750977 0.88710045814514160156 0.89081352949142456055 0.88935339450836181641 0.88350516557693481445 0.88811856508255004883 0.88213551044464111328 0.88809257745742797852 0.87208533287048339844 0.87233883142471313477 0.8856207728385925293 0.88587844371795654297 0.87981933355331420898 0.87557685375213623047 0.87029099464416503906 0.86859285831451416016 0.86855590343475341797 0.87565553188323974609 0.87551862001419067383
0.84622782468795776367 0.84499222040176391602 0.83376723527908325195 0.83128494024276733398 0.83184796571731567383 0.81057190895080566406 0.80884212255477905273 0.84175032377243041992 0.878955841064453125 0.87101012468338012695 0.83408135175704956055 0.862606048583984375 0.86453682184219360352 0.86695599555969238281 0.86847853660583496094 0.84635436534881591797 0.83278751373291015625 0.85183256864547729492 0.84929728507995605469 0.84880632162094116211 0.83678305149078369141 0.87823700904846191406 0.86444759368896484375 0.87535053491592407227 0.87534135580062866211 0.88758647441864013672 0.88141131401062011719 0.88243567943572998047 0.88584548234939575195 0.87799191474914550781 0.8666070103645324707 0.86170119047164916992 0.87091988325119018555 0.88531315326690673828 0.88160938024520874023 0.87046605348587036133 0.86758714914321899414 0.86486536264419555664 0.87155592441558837891 0.87370777130126953125
0.83539181947708129883 0.81254857778549194336 0.80012941360473632812 0.80093050003051757812 0.81638735532760620117 0.83160376548767089844 0.85978007316589355469 0.88000494241714477539 0.83861672878265380859 0.78840357065200805664 0.85652947425842285156 0.86432355642318725586 0.86033433675765991211 0.85891020298004150391 0.86458021402359008789 0.8566436767578125 0.85288530588150024414 0.85155099630355834961 0.85513979196548461914 0.85060971975326538086 0.86464208364486694336 0.88847297430038452148 0.87341725826263427734 0.8755251765251159668 0.85814076662063598633 0.88388615846633911133 0.88785290718078613281 0.88080817461013793945 0.88398450613021850586 0.87759417295455932617 0.86500918865203857422 0.84553921222686767578 0.86500751972198486328 0.87915951013565063477 0.8794848322868347168 0.86616152524948120117 0.87332063913345336914 0.87233358621597290039 0.87179160118103027344 0.8749383091926574707
