OMS_GEOET11/data/Meledrio/2/skyview_2.asc
ncols        192
nrows        212
xllcorner    628522.000000000000
yllcorner    5129758.000000000000
cellsize     30.000000000000
NODATA_value  -9999
[rows 162 to 179 of 212, columns 80 to 119 of 192]
0.79560446739196777344 0.79201459884643554688 0.81466311216354370117 0.80346500873565673828 0.81329929828643798828 0.80423724651336669922 0.80394244194030761719 0.81610381603240966797 0.82713603973388671875 0.80950260162353515625 0.80692327022552490234 0.81432384252548217773 0.81533139944076538086 0.80239123106002807617 0.80673480033874511719 0.81100237369537353516 0.8113200068473815918 0.8275896906852722168 0.81889361143112182617 0.81535750627517700195 0.81199049949645996094 0.82458949089050292969 0.82485246658325195312 0.83043360710144042969 0.82841324806213378906 0.82679122686386108398 0.82089251279830932617 0.81795024871826171875 0.81474137306213378906 0.81733369827270507812 0.82110905647277832031 0.82420313358306884766 0.82600998878479003906 0.82695692777633666992 0.82492494583129882812 0.82517677545547485352 0.82644790410995483398 0.82572287321090698242 0.82466691732406616211 0.82414019107818603516
0.80322748422622680664 0.7823651432991027832 0.81711483001708984375 0.80327171087265014648 0.78495901823043823242 0.78614634275436401367 0.80665171146392822266 0.82587724924087524414 0.80954277515411376953 0.80026668310165405273 0.79948133230209350586 0.80496537685394287109 0.79514986276626586914 0.78664875030517578125 0.79266178607940673828 0.79187959432601928711 0.79185003042221069336 0.79642826318740844727 0.81143009662628173828 0.80897021293640136719 0.80670523643493652344 0.82368230819702148438 0.81961137056350708008 0.82504183053970336914 0.82323956489562988281 0.82248663902282714844 0.81140226125717163086 0.80229258537292480469 0.80735158920288085938 0.81303119659423828125 0.82093298435211181641 0.82368636131286621094 0.82358539104461669922 0.82498377561569213867 0.82529306411743164062 0.82369607686996459961 0.82406157255172729492 0.82198339700698852539 0.81746256351470947266 0.82006895542144775391
0.80190753936767578125 0.7585353851318359375 0.79677206277847290039 0.78698039054870605469 0.80288881063461303711 0.79197329282760620117 0.81194448471069335938 0.82113021612167358398 0.79631543159484863281 0.80171674489974975586 0.79458642005920410156 0.79471588134765625 0.76364111900329589844 0.77756738662719726562 0.78836965560913085938 0.79902559518814086914 0.78974103927612304688 0.7865422368049621582 0.81055861711502075195 0.81494665145874023438 0.81881868839263916016 0.82537209987640380859 0.82372057437896728516 0.82631623744964599609 0.82363706827163696289 0.81756854057312011719 0.81826341152191162109 0.80740767717361450195 0.81224960088729858398 0.81915384531021118164 0.82103818655014038086 0.82411783933639526367 0.82570207118988037109 0.82178735733032226562 0.82312095165252685547 0.82246887683868408203 0.82370603084564208984 0.82285517454147338867 0.81445538997650146484 0.82064491510391235352
0.78502827882766723633 0.71762233972549438477 0.79863208532333374023 0.79721790552139282227 0.78879243135452270508 0.79535764455795288086 0.81563371419906616211 0.8008301854133605957 0.79661971330642700195 0.7998879551887512207 0.78556877374649047852 0.78513985872268676758 0.7917067408561706543 0.77318233251571655273 0.80159318447113037109 0.8126894831657409668 0.79714119434356689453 0.80216604471206665039 0.81294608116149902344 0.81585538387298583984 0.82098335027694702148 0.82247996330261230469 0.82255268096923828125 0.82273572683334350586 0.81432241201400756836 0.81416976451873779297 0.81530302762985229492 0.80926150083541870117 0.81869459152221679688 0.81902277469635009766 0.82196885347366333008 0.82438731193542480469 0.82276654243469238281 0.8206589818000793457 0.82032698392868041992 0.82172638177871704102 0.82190227508544921875 0.81974691152572631836 0.8186492919921875 0.81989818811416625977
0.71125072240829467773 0.79749464988708496094 0.82397478818893432617 0.76441073417663574219 0.78427857160568237305 0.79327750205993652344 0.8028023838996887207 0.78234779834747314453 0.797016143798828125 0.79023015499114990234 0.77895945310592651367 0.77053278684616088867 0.76900529861450195312 0.76201826333999633789 0.80067884922027587891 0.77084487676620483398 0.76680922508239746094 0.78378534317016601562 0.7916800379753112793 0.80916482210159301758 0.81373602151870727539 0.81959766149520874023 0.80716550350189208984 0.81049573421478271484 0.80053025484085083008 0.80159896612167358398 0.81212610006332397461 0.81246799230575561523 0.8236891627311706543 0.81915682554244995117 0.81965178251266479492 0.82188189029693603516 0.81990259885787963867 0.81860482692718505859 0.81903243064880371094 0.81746590137481689453 0.81745779514312744141 0.81546282768249511719 0.81854474544525146484 0.81831824779510498047
0.74472177028656005859 0.81456613540649414062 0.80463719367980957031 0.76536172628402709961 0.79333740472793579102 0.79363262653350830078 0.77277261018753051758 0.77746546268463134766 0.79127746820449829102 0.77773267030715942383 0.76805382966995239258 0.77325260639190673828 0.7974688410758972168 0.77800470590591430664 0.79479372501373291016 0.76505857706069946289 0.77830511331558227539 0.78430062532424926758 0.80481767654418945312 0.81757152080535888672 0.81128960847854614258 0.81314259767532348633 0.81405609846115112305 0.81647861003875732422 0.80460965633392333984 0.8018620610237121582 0.80513989925384521484 0.81073522567749023438 0.81856065988540649414 0.81934398412704467773 0.81932359933853149414 0.81706780195236206055 0.81216382980346679688 0.80959081649780273438 0.81458318233489990234 0.81332767009735107422 0.81566661596298217773 0.81480109691619873047 0.81176900863647460938 0.81587076187133789062
0.77193534374237060547 0.75541132688522338867 0.77705168724060058594 0.75201380252838134766 0.78874826431274414062 0.78231871128082275391 0.75713932514190673828 0.77984195947647094727 0.78871113061904907227 0.76074659824371337891 0.76774203777313232422 0.79604411125183105469 0.84999686479568481445 0.82754504680633544922 0.78921669721603393555 0.79490453004837036133 0.79467403888702392578 0.80010312795639038086 0.80379652976989746094 0.80334967374801635742 0.80720382928848266602 0.81744301319122314453 0.81403571367263793945 0.80947214365005493164 0.79317671060562133789 0.79693281650543212891 0.80026853084564208984 0.81042903661727905273 0.81579267978668212891 0.81522399187088012695 0.8137734532356262207 0.81473755836486816406 0.81396621465682983398 0.81139403581619262695 0.81039732694625854492 0.80831778049468994141 0.81007748842239379883 0.80757111310958862305 0.8074932098388671875 0.80919045209884643555
0.79975712299346923828 0.77465164661407470703 0.7839705348014831543 0.78689861297607421875 0.8002859950065612793 0.77768576145172119141 0.79315108060836791992 0.78218895196914672852 0.77632975578308105469 0.75758457183837890625 0.78237521648406982422 0.83231908082962036133 0.84286952018737792969 0.78894519805908203125 0.76708716154098510742 0.77586609125137329102 0.77648752927780151367 0.80602365732192993164 0.81246274709701538086 0.82306230068206787109 0.82220345735549926758 0.8252080082893371582 0.81732451915740966797 0.81020075082778930664 0.79166460037231445312 0.7909685969352722168 0.80097585916519165039 0.80973899364471435547 0.81451505422592163086 0.81620538234710693359 0.8152129054069519043 0.8093960881233215332 0.81195420026779174805 0.79977780580520629883 0.79508513212203979492 0.79584276676177978516 0.80195057392120361328 0.80043500661849975586 0.80082613229751586914 0.80448049306869506836
0.78048378229141235352 0.79646962881088256836 0.81179815530776977539 0.75352126359939575195 0.7842909693717956543 0.74237674474716186523 0.77422910928726196289 0.78127616643905639648 0.75564545392990112305 0.75724512338638305664 0.79779332876205444336 0.8457043766975402832 0.80551600456237792969 0.80130743980407714844 0.80969101190567016602 0.80162698030471801758 0.76111948490142822266 0.80369395017623901367 0.81486886739730834961 0.82483762502670288086 0.82470142841339111328 0.8236185908317565918 0.80919575691223144531 0.79440099000930786133 0.78307515382766723633 0.79682236909866333008 0.80564796924591064453 0.80711561441421508789 0.81105595827102661133 0.80980610847473144531 0.81078886985778808594 0.80636495351791381836 0.79887050390243530273 0.79206544160842895508 0.79558193683624267578 0.79619961977005004883 0.7969837188720703125 0.79517465829849243164 0.79869920015335083008 0.80067712068557739258
0.77814793586730957031 0.7895018458366394043 0.79970496892929077148 0.79868340492248535156 0.79433470964431762695 0.79842031002044677734 0.76280575990676879883 0.76909059286117553711 0.74728208780288696289 0.7824147343635559082 0.83696228265762329102 0.8242976069450378418 0.79637193679809570312 0.78634065389633178711 0.75557780265808105469 0.77913892269134521484 0.78370451927185058594 0.79164814949035644531 0.80895048379898071289 0.82025319337844848633 0.81997835636138916016 0.81538575887680053711 0.78770309686660766602 0.77197778224945068359 0.79307007789611816406 0.80142706632614135742 0.80389332771301269531 0.80620396137237548828 0.80573266744613647461 0.80420029163360595703 0.80594688653945922852 0.80038076639175415039 0.77988523244857788086 0.78069794178009033203 0.78673410415649414062 0.78532052040100097656 0.78321039676666259766 0.78374856710433959961 0.78472864627838134766 0.79431992769241333008
0.79033195972442626953 0.77839642763137817383 0.80074197053909301758 0.79108285903930664062 0.78543871641159057617 0.76516032218933105469 0.77969270944595336914 0.74198633432388305664 0.75527119636535644531 0.82703697681427001953 0.82008332014083862305 0.7795168757438659668 0.75759226083755493164 0.78178244829177856445 0.78650039434432983398 0.79238939285278320312 0.78777259588241577148 0.79212647676467895508 0.80638462305068969727 0.81332880258560180664 0.80847275257110595703 0.79706251621246337891 0.7692521214485168457 0.779743194580078125 0.79303604364395141602 0.80340951681137084961 0.80080628395080566406 0.79428374767303466797 0.80504053831100463867 0.8012478947639465332 0.79226183891296386719 0.79095643758773803711 0.78032314777374267578 0.76813501119613647461 0.76418155431747436523 0.76463711261749267578 0.76985353231430053711 0.76800709962844848633 0.77053904533386230469 0.78231012821197509766
0.80547368526458740234 0.82674795389175415039 0.8271033167839050293 0.76603263616561889648 0.7557805180549621582 0.75540214776992797852 0.73153704404830932617 0.71906530857086181641 0.78655326366424560547 0.83575415611267089844 0.79593294858932495117 0.78078663349151611328 0.8056767582893371582 0.81877356767654418945 0.83226233720779418945 0.82138955593109130859 0.80377829074859619141 0.79519468545913696289 0.79292535781860351562 0.80057948827743530273 0.79362529516220092773 0.78415328264236450195 0.77755898237228393555 0.79374372959136962891 0.7974268794059753418 0.79964768886566162109 0.79709196090698242188 0.79595720767974853516 0.79837173223495483398 0.78598201274871826172 0.78400790691375732422 0.77844083309173583984 0.76822513341903686523 0.74540948867797851562 0.75071936845779418945 0.7342529296875 0.7434508204460144043 0.75582772493362426758 0.76724898815155029297 0.77416461706161499023
0.83088904619216918945 0.83411401510238647461 0.81438010931015014648 0.76331496238708496094 0.74921232461929321289 0.71944057941436767578 0.77893269062042236328 0.80740696191787719727 0.82981860637664794922 0.79137527942657470703 0.79159879684448242188 0.80219662189483642578 0.82964301109313964844 0.82831788063049316406 0.82315796613693237305 0.81037127971649169922 0.78978812694549560547 0.78062266111373901367 0.76976990699768066406 0.77229940891265869141 0.77407127618789672852 0.76996415853500366211 0.77812063694000244141 0.79396599531173706055 0.79419666528701782227 0.79538619518280029297 0.79527580738067626953 0.78532546758651733398 0.78680962324142456055 0.78985244035720825195 0.76655715703964233398 0.7498124241828918457 0.75208288431167602539 0.72925734519958496094 0.74484264850616455078 0.6985365748405456543 0.7258536219596862793 0.73362445831298828125 0.75712335109710693359 0.76387381553649902344
0.83503872156143188477 0.82794183492660522461 0.81350004673004150391 0.76827323436737060547 0.76818215847015380859 0.73498868942260742188 0.83848565816879272461 0.83486908674240112305 0.80565655231475830078 0.798534393310546875 0.81737118959426879883 0.82248866558074951172 0.83167976140975952148 0.82633566856384277344 0.82380998134613037109 0.79682219028472900391 0.77063089609146118164 0.75348544120788574219 0.75924521684646606445 0.76861631870269775391 0.7811368107795715332 0.78209865093231201172 0.78130918741226196289 0.78491634130477905273 0.78788471221923828125 0.78978151082992553711 0.78607821464538574219 0.77299576997756958008 0.79018980264663696289 0.77373707294464111328 0.75970083475112915039 0.73349016904830932617 0.7317212224006652832 0.70522004365921020508 0.6785017848014831543 0.69930034875869750977 0.68543833494186401367 0.67685693502426147461 0.69529819488525390625 0.71849733591079711914
0.81870836019515991211 0.84739905595779418945 0.85149216651916503906 0.84569561481475830078 0.84511429071426391602 0.85098677873611450195 0.83162534236907958984 0.80594807863235473633 0.79251784086227416992 0.82212388515472412109 0.83048403263092041016 0.82050108909606933594 0.81133246421813964844 0.79390573501586914062 0.79197496175765991211 0.77198493480682373047 0.7362543940544128418 0.73487693071365356445 0.76399320363998413086 0.77102732658386230469 0.77648937702178955078 0.78046816587448120117 0.77291113138198852539 0.77760320901870727539 0.78496658802032470703 0.7840277552604675293 0.76005357503890991211 0.7727496027946472168 0.76512199640274047852 0.75240319967269897461 0.75400364398956298828 0.75869023799896240234 0.74327695369720458984 0.76491051912307739258 0.73824387788772583008 0.69303226470947265625 0.65579426288604736328 0.72851389646530151367 0.71938711404800415039 0.74291205406188964844
0.81595331430435180664 0.84581136703491210938 0.85120755434036254883 0.84268558025360107422 0.85563176870346069336 0.83640998601913452148 0.79208731651306152344 0.79599863290786743164 0.8001696467399597168 0.8255055546760559082 0.82396584749221801758 0.7960287928581237793 0.78144943714141845703 0.76166337728500366211 0.75010395050048828125 0.74939715862274169922 0.79200661182403564453 0.76364845037460327148 0.76858788728713989258 0.77515006065368652344 0.77544736862182617188 0.76830023527145385742 0.75937634706497192383 0.76947915554046630859 0.77599173784255981445 0.76239675283432006836 0.76770579814910888672 0.75496214628219604492 0.75842767953872680664 0.70939993858337402344 0.75761997699737548828 0.76802432537078857422 0.7754313349723815918 0.82382988929748535156 0.78848367929458618164 0.77720153331756591797 0.77849829196929931641 0.7270177006721496582 0.71280664205551147461 0.7090504765510559082
0.85522508621215820312 0.86014002561569213867 0.86045724153518676758 0.84007906913757324219 0.82396280765533447266 0.81943035125732421875 0.82687324285507202148 0.81735140085220336914 0.80446833372116088867 0.82434958219528198242 0.81374597549438476562 0.79012244939804077148 0.74595969915390014648 0.77838534116744995117 0.7687053680419921875 0.75809931755065917969 0.7746753692626953125 0.73898839950561523438 0.76330494880676269531 0.7664477229118347168 0.75211083889007568359 0.74074393510818481445 0.74711757898330688477 0.75503975152969360352 0.74576139450073242188 0.75803536176681518555 0.73900431394577026367 0.73110437393188476562 0.71975886821746826172 0.67390191555023193359 0.76908117532730102539 0.80475074052810668945 0.8098780512809753418 0.79952841997146606445 0.77635419368743896484 0.77289617061614990234 0.74972671270370483398 0.68393695354461669922 0.64778077602386474609 0.67641717195510864258
0.84307843446731567383 0.83251780271530151367 0.84533965587615966797 0.80948203802108764648 0.80875867605209350586 0.81451851129531860352 0.81143856048583984375 0.80623680353164672852 0.80935931205749511719 0.81015527248382568359 0.78770786523818969727 0.79514390230178833008 0.80966544151306152344 0.80832040309906005859 0.75365966558456420898 0.75140136480331420898 0.75819635391235351562 0.72365027666091918945 0.72942090034484863281 0.72318446636199951172 0.70926469564437866211 0.69807231426239013672 0.724430084228515625 0.73000240325927734375 0.72975558042526245117 0.73647266626358032227 0.69796538352966308594 0.68745160102844238281 0.74144321680068969727 0.75611698627471923828 0.78718286752700805664 0.7953968048095703125 0.79058235883712768555 0.77034592628479003906 0.76150393486022949219 0.71755397319793701172 0.72876459360122680664 0.72180068492889404297 0.72442233562469482422 0.7393601536750793457
