OMS_GEOET11/data/Meledrio/2/skyview_2.asc
ncols        192
nrows        212
xllcorner    628522.000000000000
yllcorner    5129758.000000000000
cellsize     30.000000000000
NODATA_value  -9999
[rows 0 to 17 of 212, columns 80 to 119 of 192]
-9999 -9999 -9999 -9999 -9999 -9999 -9999 -9999 -9999 -9999 -9999 -9999 -9999 -9999 -9999 -9999 -9999 -9999 -9999 -9999 -9999 -9999 -9999 -9999 -9999 -9999 -9999 -9999 -9999 -9999 0.90702843666076660156 0.89443993568420410156 0.9080378413200378418 0.91618305444717407227 -9999 -9999 -9999 -9999 -9999 -9999
-9999 -9999 -9999 -9999 -9999 -9999 -9999 -9999 -9999 -9999 -9999 -9999 -9999 -9999 -9999 -9999 -9999 -9999 -9999 -9999 -9999 -9999 -9999 -9999 -9999 -9999 -9999 -9999 -9999 0.91042745113372802734 0.9005673527717590332 0.86544859409332275391 0.87134516239166259766 0.88780879974365234375 0.90264153480529785156 0.9055684208869934082 0.91207700967788696289 0.91638851165771484375 -9999 -9999
-9999 -9999 -9999 -9999 -9999 -9999 -9999 -9999 -9999 -9999 -9999 -9999 -9999 -9999 -9999 -9999 -9999 -9999 -9999 -9999 -9999 -9999 -9999 -9999 -9999 -9999 -9999 -9999 0.87309020757675170898 0.89652675390243530273 0.90242850780487060547 0.88312113285064697266 0.86981600522994995117 0.87952435016632080078 0.88819670677185058594 0.88123929500579833984 0.87939512729644775391 0.89000928401947021484 0.89833045005798339844 0.90135103464126586914
-9999 -9999 -9999 -9999 -9999 -9999 -9999 -9999 -9999 -9999 -9999 -9999 -9999 -9999 -9999 -9999 -9999 -9999 -9999 -9999 -9999 -9999 -9999 -9999 -9999 0.88142251968383789062 0.85399216413497924805 0.8258419036865234375 0.86829191446304321289 0.88882368803024291992 0.89206355810165405273 0.87962865829467773438 0.87635439634323120117 0.87332874536514282227 0.87071073055267333984 0.87054157257080078125 0.85765570402145385742 0.8577525019645690918 0.87006515264511108398 0.87668460607528686523
-9999 -9999 -9999 -9999 -9999 -9999 -9999 -9999 -9999 -9999 -9999 -9999 -9999 -9999 -9999 -9999 -9999 -9999 -9999 -9999 -9999 -9999 0.90753370523452758789 0.90252774953842163086 0.8963019251823425293 0.89345604181289672852 0.87183994054794311523 0.86858910322189331055 0.87744754552841186523 0.88803392648696899414 0.89948225021362304688 0.88768112659454345703 0.87113624811172485352 0.86648225784301757812 0.858409881591796875 0.8557154536247253418 0.85097920894622802734 0.84414327144622802734 0.85536456108093261719 0.85166496038436889648
-9999 -9999 -9999 -9999 -9999 -9999 -9999 -9999 -9999 -9999 -9999 -9999 -9999 -9999 -9999 -9999 -9999 -9999 -9999 -9999 -9999 0.89240151643753051758 0.89929413795471191406 0.89166331291198730469 0.8911349177360534668 0.88847577571868896484 0.87869787216186523438 0.87016767263412475586 0.88145673274993896484 0.86896872520446777344 0.88298177719116210938 0.87997251749038696289 0.86374300718307495117 0.85892808437347412109 0.8467146754264831543 0.844532012939453125 0.84651207923889160156 0.8415095210075378418 0.84614902734756469727 0.82656890153884887695
-9999 -9999 -9999 -9999 -9999 -9999 -9999 -9999 -9999 -9999 -9999 -9999 -9999 -9999 -9999 -9999 -9999 -9999 -9999 -9999 0.89446568489074707031 0.8963457942008972168 0.89219897985458374023 0.88969373703002929688 0.88536286354064941406 0.88219398260116577148 0.85633069276809692383 0.86407130956649780273 0.87314009666442871094 0.8558457493782043457 0.858867645263671875 0.86521226167678833008 0.83786386251449584961 0.84128785133361816406 0.83637923002243041992 0.83623397350311279297 0.84196162223815917969 0.84262257814407348633 0.83225846290588378906 0.82037079334259033203
-9999 -9999 -9999 -9999 -9999 -9999 -9999 -9999 -9999 -9999 -9999 -9999 -9999 -9999 -9999 -9999 -9999 -9999 -9999 0.90416532754898071289 0.89160311222076416016 0.90121918916702270508 0.89304268360137939453 0.8728592991828918457 0.87609207630157470703 0.87849193811416625977 0.85665684938430786133 0.85573256015777587891 0.86746269464492797852 0.86314183473587036133 0.86635613441467285156 0.86516577005386352539 0.83469623327255249023 0.8437258601188659668 0.84142160415649414062 0.84448170661926269531 0.84306091070175170898 0.83430612087249755859 0.82163733243942260742 0.82735818624496459961
-9999 -9999 -9999 -9999 -9999 -9999 -9999 -9999 -9999 -9999 -9999 -9999 -9999 -9999 -9999 -9999 -9999 0.88988399505615234375 0.90276670455932617188 0.9089552760124206543 0.90626877546310424805 0.90570932626724243164 0.90272128582000732422 0.89481848478317260742 0.89280849695205688477 0.89088362455368041992 0.87601906061172485352 0.86577373743057250977 0.86659216880798339844 0.84788548946380615234 0.86578541994094848633 0.8605048060417175293 0.84881663322448730469 0.84483498334884643555 0.84477669000625610352 0.83799535036087036133 0.83291286230087280273 0.8361180424690246582 0.84302181005477905273 0.83304613828659057617
-9999 -9999 -9999 -9999 -9999 -9999 -9999 -9999 -9999 -9999 -9999 -9999 -9999 -9999 -9999 0.89180999994277954102 0.88649660348892211914 0.88770049810409545898 0.88638806343078613281 0.90165442228317260742 0.90803265571594238281 0.90408188104629516602 0.9009571075439453125 0.89998948574066162109 0.89791047573089599609 0.89563739299774169922 0.88642013072967529297 0.87685185670852661133 0.85338485240936279297 0.85707610845565795898 0.86402237415313720703 0.85201311111450195312 0.84979790449142456055 0.84772753715515136719 0.8374659419059753418 0.83464360237121582031 0.84065157175064086914 0.84734094142913818359 0.84037804603576660156 0.81889879703521728516
-9999 -9999 -9999 -9999 -9999 -9999 -9999 -9999 -9999 -9999 -9999 -9999 -9999 0.87305432558059692383 0.86175566911697387695 0.86001157760620117188 0.85735434293746948242 0.84924840927124023438 0.84532463550567626953 0.86005455255508422852 0.88274544477462768555 0.90023946762084960938 0.90230327844619750977 0.89902400970458984375 0.89787685871124267578 0.89241403341293334961 0.88292080163955688477 0.86789351701736450195 0.85723805427551269531 0.85994064807891845703 0.86582714319229125977 0.85433679819107055664 0.84936261177062988281 0.82487642765045166016 0.84916162490844726562 0.84860050678253173828 0.84123980998992919922 0.83172571659088134766 0.82798558473587036133 0.81411921977996826172
-9999 -9999 -9999 -9999 -9999 -9999 -9999 -9999 -9999 -9999 -9999 -9999 0.86089694499969482422 0.86084026098251342773 0.85072094202041625977 0.82491624355316162109 0.83833646774291992188 0.85803306102752685547 0.83659285306930541992 0.8261737823486328125 0.8151900172233581543 0.85024380683898925781 0.89151781797409057617 0.89992022514343261719 0.89744168519973754883 0.89111655950546264648 0.87735891342163085938 0.85750234127044677734 0.82339423894882202148 0.85028761625289916992 0.85493934154510498047 0.8320109248161315918 0.82968604564666748047 0.84244638681411743164 0.84690183401107788086 0.84403210878372192383 0.83220386505126953125 0.82029783725738525391 0.82108759880065917969 0.80996859073638916016
-9999 -9999 -9999 -9999 -9999 -9999 -9999 -9999 -9999 -9999 -9999 0.85502159595489501953 0.83646410703659057617 0.85498040914535522461 0.85406029224395751953 0.84968775510787963867 0.84950125217437744141 0.85924482345581054688 0.84817266464233398438 0.84215527772903442383 0.82717841863632202148 0.81689018011093139648 0.85166943073272705078 0.88484668731689453125 0.89255863428115844727 0.88089543581008911133 0.86538684368133544922 0.84454953670501708984 0.82851392030715942383 0.83934158086776733398 0.84952366352081298828 0.83152306079864501953 0.82507675886154174805 0.83872914314270019531 0.83559322357177734375 0.83300215005874633789 0.82726633548736572266 0.81863677501678466797 0.82925492525100708008 0.82019883394241333008
-9999 -9999 -9999 -9999 -9999 -9999 -9999 -9999 -9999 0.84814977645874023438 0.84984964132308959961 0.83121329545974731445 0.85614615678787231445 0.87637084722518920898 0.87152028083801269531 0.83047407865524291992 0.86324250698089599609 0.84899795055389404297 0.83865189552307128906 0.85511481761932373047 0.82750707864761352539 0.81968575716018676758 0.81127125024795532227 0.8483454585075378418 0.87101393938064575195 0.86353975534439086914 0.86552023887634277344 0.84776741266250610352 0.84412014484405517578 0.82521414756774902344 0.84925562143325805664 0.83691924810409545898 0.84447711706161499023 0.84008055925369262695 0.83234119415283203125 0.82896560430526733398 0.81841379404067993164 0.83196848630905151367 0.83015298843383789062 0.81626999378204345703
-9999 -9999 -9999 -9999 -9999 -9999 -9999 -9999 0.85243433713912963867 0.86245703697204589844 0.86792141199111938477 0.84899920225143432617 0.85712355375289916992 0.87759667634963989258 0.87741178274154663086 0.85497272014617919922 0.86622852087020874023 0.86467635631561279297 0.86057847738265991211 0.8620408177375793457 0.82886755466461181641 0.84225755929946899414 0.81349551677703857422 0.84627223014831542969 0.86351907253265380859 0.85298377275466918945 0.86135059595108032227 0.84718441963195800781 0.84835863113403320312 0.82861220836639404297 0.83671683073043823242 0.83652859926223754883 0.84080040454864501953 0.83710205554962158203 0.82461696863174438477 0.82036924362182617188 0.8238455653190612793 0.83013015985488891602 0.81980687379837036133 0.8147118687629699707
-9999 -9999 -9999 -9999 -9999 0.87601327896118164062 0.88022726774215698242 0.87257289886474609375 0.8602326512336730957 0.84212023019790649414 0.85658043622970581055 0.85201412439346313477 0.85380136966705322266 0.87434691190719604492 0.8799381256103515625 0.87519556283950805664 0.87180960178375244141 0.86745434999465942383 0.87165737152099609375 0.86129945516586303711 0.84761774539947509766 0.85630118846893310547 0.82233530282974243164 0.85315316915512084961 0.86560368537902832031 0.85536932945251464844 0.85009086132049560547 0.8394324183464050293 0.84988325834274291992 0.83582091331481933594 0.83640438318252563477 0.8354504704475402832 0.83225977420806884766 0.82837498188018798828 0.82587450742721557617 0.82732057571411132812 0.81345391273498535156 0.80550968647003173828 0.81027185916900634766 0.79270571470260620117
-9999 -9999 -9999 0.89190083742141723633 0.89017397165298461914 0.88584935665130615234 0.88321918249130249023 0.87333536148071289062 0.86449390649795532227 0.85171419382095336914 0.85415440797805786133 0.85857689380645751953 0.87005674839019775391 0.88321989774703979492 0.88362854719161987305 0.88132536411285400391 0.87510728836059570312 0.87286937236785888672 0.86947214603424072266 0.86855804920196533203 0.86513400077819824219 0.86543852090835571289 0.84002387523651123047 0.84278249740600585938 0.86386239528656005859 0.84819185733795166016 0.83773577213287353516 0.82467365264892578125 0.84084832668304443359 0.83407819271087646484 0.84396767616271972656 0.84414452314376831055 0.83508676290512084961 0.83499222993850708008 0.83577483892440795898 0.83177393674850463867 0.82625597715377807617 0.82339209318161010742 0.80735510587692260742 0.78219723701477050781
-9999 -9999 0.87859368324279785156 0.87649387121200561523 0.85933333635330200195 0.85708630084991455078 0.85869109630584716797 0.85933828353881835938 0.85002154111862182617 0.84469056129455566406 0.86529302597045898438 0.86137241125106811523 0.84423536062240600586 0.87504851818084716797 0.88371181488037109375 0.87996858358383178711 0.8779175877571105957 0.87109303474426269531 0.86425244808197021484 0.85289764404296875 0.84147584438323974609 0.8613185882568359375 0.83951109647750854492 0.83686810731887817383 0.85239577293395996094 0.81972616910934448242 0.80495810508728027344 0.7923806309700012207 0.82983356714248657227 0.8298587799072265625 0.83804732561111450195 0.8332754969596862793 0.83206039667129516602 0.83171039819717407227 0.82479751110076904297 0.80149811506271362305 0.81569725275039672852 0.73600780963897705078 0.81044715642929077148 0.80263692140579223633
