OMS_GEOET11/data/Meledrio/2/skyview_2.asc
ncols        192
nrows        212
xllcorner    628522.000000000000
yllcorner    5129758.000000000000
cellsize     30.000000000000
NODATA_value  -9999
[rows 72 to 89 of 212, columns 0 to 39 of 192]
-9999 -9999 -9999 -9999 -9999 -9999 -9999 -9999 -9999 -9999 -9999 -9999 -9999 -9999 -9999 -9999 0.91788744926452636719 0.91799503564834594727 0.879375457763671875 0.87636470794677734375 0.87166559696197509766 0.88012844324111938477 0.86051326990127563477 0.86575365066528320312 0.82901346683502197266 0.80235564708709716797 0.80318242311477661133 0.7802073359489440918 0.78758448362350463867 0.78072190284729003906 0.72631573677062988281 0.77397888898849487305 0.7809022068977355957 0.78866428136825561523 0.76896655559539794922 0.78537589311599731445 0.76898616552352905273 0.78763872385025024414 0.76654124259948730469 0.74600082635879516602
-9999 -9999 -9999 -9999 -9999 -9999 -9999 -9999 -9999 -9999 -9999 -9999 -9999 -9999 -9999 0.89367842674255371094 0.9040482640266418457 0.91320765018463134766 0.88090926408767700195 0.86129540205001831055 0.85081535577774047852 0.8845112919807434082 0.85083931684494018555 0.83916515111923217773 0.81595516204833984375 0.80390667915344238281 0.80012238025665283203 0.76243025064468383789 0.73788392543792724609 0.72324025630950927734 0.70777833461761474609 0.76810109615325927734 0.79800832271575927734 0.8000946044921875 0.76329684257507324219 0.74188888072967529297 0.76355987787246704102 0.78363776206970214844 0.77750974893569946289 0.76932710409164428711
-9999 -9999 -9999 -9999 -9999 -9999 -9999 -9999 -9999 -9999 -9999 -9999 -9999 -9999 -9999 0.89489597082138061523 0.87967944145202636719 0.91761136054992675781 0.90050357580184936523 0.86497449874877929688 0.85332435369491577148 0.86448961496353149414 0.81879383325576782227 0.79131877422332763672 0.75614786148071289062 0.76772987842559814453 0.73638808727264404297 0.79744899272918701172 0.80698180198669433594 0.81734460592269897461 0.80911272764205932617 0.77279567718505859375 0.77099108695983886719 0.73624724149703979492 0.74121993780136108398 0.73516184091567993164 0.78509122133255004883 0.78780919313430786133 0.76782822608947753906 0.74383205175399780273
-9999 -9999 -9999 -9999 -9999 -9999 -9999 -9999 -9999 -9999 -9999 -9999 -9999 -9999 0.92126554250717163086 0.90470254421234130859 0.9019101262092590332 0.89444893598556518555 0.90556252002716064453 0.8726952672004699707 0.83552825450897216797 0.83477008342742919922 0.78762406110763549805 0.76047497987747192383 0.80684912204742431641 0.76204711198806762695 0.83329355716705322266 0.8387393951416015625 0.81973999738693237305 0.79510527849197387695 0.7244542241096496582 0.73081701993942260742 0.72195571660995483398 0.73819518089294433594 0.73660200834274291992 0.76934409141540527344 0.70401120185852050781 0.72613406181335449219 0.73171818256378173828 0.73224359750747680664
-9999 -9999 -9999 -9999 -9999 -9999 -9999 -9999 -9999 -9999 -9999 -9999 -9999 -9999 0.91786682605743408203 0.91689187288284301758 0.90632832050323486328 0.90524959564208984375 0.90633922815322875977 0.89512705802917480469 0.87426322698593139648 0.84545224905014038086 0.82981371879577636719 0.80843460559844970703 0.80804789066314697266 0.83474165201187133789 0.83343297243118286133 0.79519927501678466797 0.73142653703689575195 0.73851889371871948242 0.77151542901992797852 0.75362443923950195312 0.70352208614349365234 0.78153175115585327148 0.79174959659576416016 0.78106909990310668945 0.73522406816482543945 0.74106156826019287109 0.71610367298126220703 0.76747155189514160156
-9999 -9999 -9999 -9999 -9999 -9999 -9999 -9999 -9999 -9999 -9999 -9999 -9999 -9999 0.90234345197677612305 0.90538120269775390625 0.90133059024810791016 0.88696449995040893555 0.90819567441940307617 0.89665532112121582031 0.86895847320556640625 0.87012004852294921875 0.87485772371292114258 0.83116972446441650391 0.82522827386856079102 0.81808453798294067383 0.78736549615859985352 0.7865505218505859375 0.82214385271072387695 0.80440974235534667969 0.79073709249496459961 0.76653218269348144531 0.82366406917572021484 0.84699589014053344727 0.83621275424957275391 0.8072350621223449707 0.74818730354309082031 0.75057649612426757812 0.79734915494918823242 0.81427121162414550781
-9999 -9999 -9999 -9999 -9999 -9999 -9999 -9999 -9999 -9999 -9999 -9999 -9999 0.90779703855514526367 0.9058475494384765625 0.89274412393569946289 0.88893067836761474609 0.86792069673538208008 0.9032910466194152832 0.90715265274047851562 0.88749533891677856445 0.87986838817596435547 0.87650972604751586914 0.86974340677261352539 0.83936476707458496094 0.82220917940139770508 0.82219159603118896484 0.84238463640213012695 0.85229820013046264648 0.82728916406631469727 0.80285847187042236328 0.82229250669479370117 0.85078215599060058594 0.8635641932487487793 0.85642993450164794922 0.82222831249237060547 0.78436487913131713867 0.82466882467269897461 0.82934159040451049805 0.80797797441482543945
-9999 -9999 -9999 -9999 -9999 -9999 -9999 -9999 -9999 -9999 -9999 -9999 0.91129815578460693359 0.90942364931106567383 0.89304131269454956055 0.91140270233154296875 0.91132169961929321289 0.8774039149284362793 0.87535572052001953125 0.90731942653656005859 0.90063017606735229492 0.89287418127059936523 0.86249727010726928711 0.87246567010879516602 0.86417555809020996094 0.83690911531448364258 0.8345616459846496582 0.8597615361213684082 0.85106480121612548828 0.85164904594421386719 0.86926746368408203125 0.86197519302368164062 0.8574199676513671875 0.87034463882446289062 0.87703627347946166992 0.86802053451538085938 0.865001678466796875 0.86816084384918212891 0.86188274621963500977 0.83594459295272827148
-9999 -9999 -9999 -9999 -9999 -9999 -9999 -9999 -9999 -9999 -9999 -9999 0.89534235000610351562 0.90000563859939575195 0.87381863594055175781 0.88747698068618774414 0.90457880496978759766 0.90031999349594116211 0.88497012853622436523 0.89907371997833251953 0.90344387292861938477 0.89342141151428222656 0.87979143857955932617 0.86974442005157470703 0.88322627544403076172 0.86767190694808959961 0.86140799522399902344 0.84634369611740112305 0.82229411602020263672 0.83360379934310913086 0.83915162086486816406 0.85258185863494873047 0.87152063846588134766 0.87383049726486206055 0.87109923362731933594 0.88067388534545898438 0.85652077198028564453 0.87104660272598266602 0.86555844545364379883 0.85858207941055297852
-9999 -9999 -9999 -9999 -9999 -9999 -9999 -9999 -9999 -9999 -9999 0.9092464447021484375 0.88833451271057128906 0.88444149494171142578 0.87996500730514526367 0.8612359166145324707 0.86651360988616943359 0.87284088134765625 0.8630530238151550293 0.88044655323028564453 0.86529058218002319336 0.87015676498413085938 0.86210906505584716797 0.82109791040420532227 0.86943155527114868164 0.82965058088302612305 0.83264046907424926758 0.80586594343185424805 0.78311449289321899414 0.80507802963256835938 0.82380723953247070312 0.85040193796157836914 0.85607618093490600586 0.854618072509765625 0.86597305536270141602 0.86688077449798583984 0.87852710485458374023 0.85218477249145507812 0.81719565391540527344 0.82005733251571655273
-9999 -9999 -9999 -9999 -9999 -9999 -9999 -9999 -9999 -9999 0.94392573833465576172 0.93220198154449462891 0.90408349037170410156 0.88868618011474609375 0.89080846309661865234 0.88243114948272705078 0.87670701742172241211 0.86984115839004516602 0.88626992702484130859 0.88222169876098632812 0.86627393960952758789 0.86703020334243774414 0.86978971958160400391 0.86764276027679443359 0.87933427095413208008 0.8683064579963684082 0.86249268054962158203 0.8403828740119934082 0.79642879962921142578 0.78774297237396240234 0.80865657329559326172 0.8533414006233215332 0.85809183120727539062 0.86139112710952758789 0.86958926916122436523 0.87576764822006225586 0.88295739889144897461 0.86866551637649536133 0.84680277109146118164 0.85638767480850219727
-9999 -9999 -9999 -9999 -9999 -9999 -9999 -9999 -9999 -9999 -9999 0.95097589492797851562 0.93477046489715576172 0.91398042440414428711 0.89708214998245239258 0.89203286170959472656 0.86935949325561523438 0.84956765174865722656 0.88229465484619140625 0.87962538003921508789 0.82987922430038452148 0.84464168548583984375 0.85846912860870361328 0.86382162570953369141 0.86537057161331176758 0.87126410007476806641 0.86230361461639404297 0.8770999908447265625 0.87081468105316162109 0.85128968954086303711 0.82649505138397216797 0.82738614082336425781 0.82661908864974975586 0.81134068965911865234 0.85350745916366577148 0.86593294143676757812 0.87576633691787719727 0.86646896600723266602 0.83147805929183959961 0.85049980878829956055
-9999 -9999 -9999 -9999 -9999 -9999 -9999 -9999 -9999 -9999 -9999 0.95282191038131713867 0.94245362281799316406 0.94226884841918945312 0.92056560516357421875 0.90264207124710083008 0.87905877828598022461 0.86608129739761352539 0.88240760564804077148 0.89661020040512084961 0.86241096258163452148 0.8312327265739440918 0.84031373262405395508 0.84193748235702514648 0.86571180820465087891 0.88443553447723388672 0.87677013874053955078 0.87971979379653930664 0.88674390316009521484 0.89002078771591186523 0.87400847673416137695 0.84787082672119140625 0.83869570493698120117 0.8302974700927734375 0.84283125400543212891 0.86879682540893554688 0.87741738557815551758 0.87709379196166992188 0.84578454494476318359 0.85483461618423461914
-9999 -9999 -9999 -9999 -9999 -9999 -9999 -9999 -9999 -9999 -9999 0.95242285728454589844 0.94412577152252197266 0.9472929835319519043 0.93572819232940673828 0.91683673858642578125 0.89760839939117431641 0.87453836202621459961 0.87669718265533447266 0.91023123264312744141 0.89769732952117919922 0.85939049720764160156 0.85564810037612915039 0.84920573234558105469 0.85395216941833496094 0.88257920742034912109 0.87981164455413818359 0.88232320547103881836 0.88942140340805053711 0.87869215011596679688 0.88278758525848388672 0.88543087244033813477 0.87639027833938598633 0.8590195775032043457 0.86530089378356933594 0.87677299976348876953 0.88189399242401123047 0.88285809755325317383 0.86911427974700927734 0.86071091890335083008
-9999 -9999 -9999 -9999 -9999 -9999 -9999 -9999 -9999 -9999 -9999 0.95208710432052612305 0.94856268167495727539 0.94392877817153930664 0.93813502788543701172 0.90617477893829345703 0.88678592443466186523 0.84687596559524536133 0.8679682612419128418 0.87699663639068603516 0.88958311080932617188 0.88355284929275512695 0.87724411487579345703 0.84304732084274291992 0.83534580469131469727 0.85895913839340209961 0.8620980381965637207 0.83675980567932128906 0.86134284734725952148 0.85694134235382080078 0.86783742904663085938 0.87247288227081298828 0.87095981836318969727 0.87366753816604614258 0.87515074014663696289 0.86660158634185791016 0.86889636516571044922 0.86539983749389648438 0.84990894794464111328 0.84135496616363525391
-9999 -9999 -9999 -9999 -9999 -9999 -9999 -9999 -9999 -9999 0.95131969451904296875 0.95161664485931396484 0.94800943136215209961 0.9397208094596862793 0.94250082969665527344 0.91670703887939453125 0.89478850364685058594 0.87836694717407226562 0.84522205591201782227 0.87908738851547241211 0.88595807552337646484 0.87929511070251464844 0.87578231096267700195 0.85775357484817504883 0.86007261276245117188 0.86671960353851318359 0.85473436117172241211 0.82911515235900878906 0.86089736223220825195 0.82563483715057373047 0.83257246017456054688 0.84005868434906005859 0.86010408401489257812 0.87129944562911987305 0.87022757530212402344 0.84653252363204956055 0.85778528451919555664 0.86182153224945068359 0.85050225257873535156 0.85352969169616699219
-9999 -9999 -9999 -9999 -9999 -9999 -9999 -9999 -9999 -9999 -9999 0.95114594697952270508 0.94714635610580444336 0.93317562341690063477 0.94393497705459594727 0.92402088642120361328 0.9033705592155456543 0.88771736621856689453 0.88375061750411987305 0.86641466617584228516 0.88017106056213378906 0.87510263919830322266 0.87337297201156616211 0.86666166782379150391 0.86201089620590209961 0.86798393726348876953 0.86801940202713012695 0.8649889826774597168 0.8583507537841796875 0.84572947025299072266 0.83693408966064453125 0.82389909029006958008 0.83692842721939086914 0.86447274684906005859 0.85941690206527709961 0.85907816886901855469 0.86529934406280517578 0.86094069480895996094 0.85237264633178710938 0.83442986011505126953
-9999 -9999 -9999 -9999 -9999 -9999 -9999 -9999 -9999 -9999 -9999 0.9516327977180480957 0.94561791419982910156 0.92922407388687133789 0.93901520967483520508 0.92668122053146362305 0.91522890329360961914 0.90490680932998657227 0.87985795736312866211 0.89697593450546264648 0.90134954452514648438 0.89630544185638427734 0.85988247394561767578 0.86102271080017089844 0.86370080709457397461 0.87749677896499633789 0.88162618875503540039 0.88015097379684448242 0.87028199434280395508 0.84781306982040405273 0.82886838912963867188 0.834163665771484375 0.83411967754364013672 0.85451036691665649414 0.85573267936706542969 0.85595136880874633789 0.8489602208137512207 0.83704960346221923828 0.83503884077072143555 0.81390929222106933594
