OMS_GEOET11/data/Meledrio/7/DEM_7.asc
ncols        324
nrows        417
xllcorner    637612.000000000000
yllcorner    5119918.000000000000
cellsize     30.000000000000
NODATA_value  -9999
[rows 308 to 329 of 417, columns 250 to 299 of 324]
2430.52294921875 2456.8740234375 2499.486083984375 2503.22705078125 2539.72900390625 2603.06005859375 2603.9619140625 2634.242919921875 2658.6650390625 2657.986083984375 2648.18798828125 2652.458984375 2675.050048828125 2688.94189453125 2713.462890625 2734.9951171875 2742.256103515625 2756.617919921875 2763.3291015625 2769.720947265625 2756.69189453125 -9999 -9999 -9999 -9999 -9999 -9999 -9999 -9999 -9999 -9999 -9999 -9999 -9999 -9999 -9999 -9999 -9999 -9999 -9999 -9999 -9999 -9999 -9999 -9999 -9999 -9999 -9999 -9999 -9999
2382.0830078125 2414.0439453125 2490.68603515625 2501.556884765625 2529.548095703125 2520.719970703125 2536.611083984375 2566.593017578125 2626.993896484375 2636.466064453125 2615.4169921875 2632.51904296875 2657.75 2675.19189453125 2709.23291015625 2716.155029296875 2718.99609375 2734.3779296875 2742.178955078125 2741.2099609375 2713.0419921875 2695.113037109375 -9999 -9999 -9999 -9999 -9999 -9999 -9999 -9999 -9999 -9999 -9999 -9999 -9999 -9999 -9999 -9999 -9999 -9999 -9999 -9999 -9999 -9999 -9999 -9999 -9999 -9999 -9999 -9999
2300.412109375 2317.7041015625 2428.5849609375 2480.866943359375 2508.72802734375 2499.929931640625 2522.27099609375 2564.27294921875 2592.64404296875 2592.74609375 2587.626953125 2601.72802734375 2638.409912109375 2658.361083984375 2663.0029296875 2669.22412109375 2675.6259765625 2707.89697265625 2714.87890625 2706.360107421875 2691.9619140625 2675.802978515625 2672.554931640625 -9999 -9999 -9999 -9999 -9999 -9999 -9999 -9999 -9999 -9999 -9999 -9999 -9999 -9999 -9999 -9999 -9999 -9999 -9999 -9999 -9999 -9999 -9999 -9999 -9999 -9999 -9999
2281.85205078125 2295.02392578125 2304.385009765625 2355.285888671875 2462.137939453125 2486.80908203125 2512.950927734375 2547.511962890625 2573.25390625 2573.64501953125 2570.406982421875 2583.26806640625 2607.679931640625 2621.19091796875 2636.43310546875 2639.884033203125 2667.916015625 2685.64697265625 2691.568115234375 2674.18994140625 2669.611083984375 2655.18310546875 2656.14404296875 2653.676025390625 2661.757080078125 2676.18896484375 -9999 -9999 -9999 -9999 -9999 -9999 -9999 -9999 -9999 -9999 -9999 -9999 -9999 -9999 -9999 -9999 -9999 -9999 -9999 -9999 -9999 -9999 -9999 -9999
2263.491943359375 2276.452880859375 2292.014892578125 2308.035888671875 2377.927978515625 2454.68896484375 2459.6708984375 2485.971923828125 2498.174072265625 2515.554931640625 2549.365966796875 2568.048095703125 2587.2490234375 2588.9208984375 2587.971923828125 2593.06396484375 2620.1650390625 2624.047119140625 2655.028076171875 2644.02001953125 2644.90087890625 2635.012939453125 2640.674072265625 2635.406005859375 2647.6669921875 2660.72802734375 2684.199951171875 -9999 -9999 -9999 -9999 -9999 -9999 -9999 -9999 2842.623046875 -9999 -9999 -9999 -9999 -9999 -9999 -9999 -9999 -9999 -9999 -9999 -9999 -9999 -9999
2258.451904296875 2273.23291015625 2279.705078125 2293.2958984375 2311.376953125 2357.569091796875 2427.530029296875 2451.362060546875 2471.2529296875 2488.235107421875 2516.825927734375 2512.827880859375 2545.34912109375 2548.680908203125 2556.662109375 2510.18408203125 2511.945068359375 2573.3759765625 2587.0380859375 2591.64892578125 2628.60107421875 2621.132080078125 2623.77392578125 2625.18505859375 2632.537109375 2647.26806640625 2671.429931640625 2693.660888671875 -9999 -9999 -9999 -9999 -9999 -9999 2797.02099609375 2825.162109375 -9999 -9999 -9999 -9999 -9999 -9999 -9999 -9999 -9999 -9999 -9999 -9999 -9999 -9999
2261.490966796875 2271.742919921875 2282.85400390625 2292.26611328125 2303.116943359375 2320.8291015625 2349.330078125 2366.7919921875 2381.052978515625 2387.5048828125 2413.196044921875 2445.4970703125 2453.34912109375 2461.530029296875 2460.092041015625 2468.27294921875 2480.195068359375 2491.156005859375 2493.0380859375 2547.5791015625 2567.2509765625 2552.092041015625 2553.97412109375 2556.864990234375 2574.02587890625 2631.97802734375 2660.589111328125 2698.740966796875 2718.662109375 2722.6640625 2749.375 2749.76611328125 2739.048095703125 2754.5390625 2778.77099609375 2808.342041015625 -9999 -9999 -9999 -9999 -9999 -9999 -9999 -9999 -9999 -9999 -9999 -9999 -9999 -9999
2262.9609375 2270.222900390625 2285.194091796875 2295.2451171875 2311.547119140625 2319.97802734375 2332.35009765625 2347.1708984375 2365.29296875 2374.1640625 2380.85595703125 2397.156982421875 2412.18896484375 2427.530029296875 2441.322021484375 2452.06298828125 2461.98388671875 2471.595947265625 2480.0869140625 2484.30908203125 2496.760009765625 2505.931884765625 2525.52294921875 2531.425048828125 2548.43603515625 2558.9580078125 2600.678955078125 2659.2109375 2715.8720703125 2702.60400390625 2704.52392578125 2719.555908203125 2729.97705078125 2737.549072265625 2756.510009765625 2779.412109375 -9999 -9999 -9999 -9999 -9999 -9999 -9999 -9999 -9999 -9999 -9999 -9999 -9999 -9999
2263.94091796875 2272.491943359375 2287.843994140625 2299.35498046875 2316.72705078125 2328.008056640625 2336.4599609375 2346.87109375 2358.512939453125 2362.4140625 2374.715087890625 2387.217041015625 2403.028076171875 2415.97998046875 2424.8310546875 2435.23291015625 2448.033935546875 2462.885986328125 2468.527099609375 2471.319091796875 2481.4599609375 2491.85205078125 2505.6630859375 2516.674072265625 2532.26611328125 2549.297119140625 2562.638916015625 2661.7099609375 2675.172119140625 2674.383056640625 2683.944091796875 2700.74609375 2702.697021484375 2714.077880859375 2718.89990234375 2743.9208984375 -9999 -9999 -9999 -9999 -9999 -9999 -9999 -9999 -9999 -9999 -9999 -9999 -9999 -9999
2263.111083984375 2271.77197265625 2284.803955078125 2301.764892578125 2316.10595703125 2330.197998046875 2340.279052734375 2346.3310546875 2359.162109375 2373.52392578125 2382.034912109375 2382.547119140625 2396.1279296875 2410.780029296875 2421.9609375 2422.73291015625 2435.924072265625 2451.014892578125 2460.777099609375 2468.337890625 2471.070068359375 2480.6708984375 2492.943115234375 2502.904052734375 2526.6259765625 2533.60693359375 2551.3291015625 2615.409912109375 2648.822021484375 2636.322998046875 2666.464111328125 2679.635009765625 2669.947021484375 2689.818115234375 2703.409912109375 2711.6708984375 -9999 -9999 -9999 -9999 -9999 -9999 -9999 -9999 -9999 -9999 -9999 -9999 -9999 -9999
2264.320068359375 2274.19189453125 2282.972900390625 2292.364990234375 2308.76611328125 2325.488037109375 2336.80908203125 2348.680908203125 2361.112060546875 2382.212890625 2392.2548828125 2401.196044921875 2405.47802734375 2418.5791015625 2423.44091796875 2425.02197265625 2426.513916015625 2436.27490234375 2444.777099609375 2452.318115234375 2462.60009765625 2470.930908203125 2479.382080078125 2487.993896484375 2514.864990234375 2533.14697265625 2545.657958984375 2566.139892578125 2616.2109375 2606.262939453125 2614.573974609375 2645.93505859375 2639.055908203125 2646.76806640625 2662.118896484375 2689.740966796875 -9999 -9999 -9999 -9999 -9999 -9999 -9999 -9999 -9999 -9999 -9999 -9999 -9999 -9999
2268.3798828125 2271.7919921875 2279.462890625 2289.23388671875 2310.3359375 2322.636962890625 2334.958984375 2344.659912109375 2356.132080078125 2371.012939453125 2390.27490234375 2407.2958984375 2415.697998046875 2422.4990234375 2424.361083984375 2424.64208984375 2427.593017578125 2430.405029296875 2433.986083984375 2440.387939453125 2456.39892578125 2468.4208984375 2477.721923828125 2491.97412109375 2508.0048828125 2527.656982421875 2546.0380859375 2561.580078125 2578.910888671875 2590.77197265625 2595.863037109375 2610.014892578125 2619.285888671875 2632.18798828125 2643.759033203125 2655.301025390625 -9999 -9999 -9999 -9999 -9999 -9999 -9999 -9999 -9999 -9999 -9999 -9999 -9999 -9999
2271.300048828125 2277.781005859375 2286.702880859375 2294.1240234375 2302.64599609375 2320.2470703125 2337.339111328125 2352.31005859375 2361.342041015625 2369.093017578125 2382.073974609375 2396.805908203125 2412.156982421875 2420.589111328125 2424.889892578125 2428.412109375 2429.072998046875 2431.155029296875 2432.7060546875 2436.47802734375 2449.218994140625 2467.0400390625 2478.9619140625 2493.552978515625 2508.81494140625 2524.426025390625 2538.077880859375 2552.3291015625 2565.680908203125 2575.27197265625 2583.552978515625 2594.98388671875 2603.74609375 2618.366943359375 2621.958984375 2632.60009765625 -9999 -9999 -9999 -9999 -9999 -9999 -9999 -9999 -9999 -9999 -9999 -9999 -9999 -9999
2285.330078125 2291.69091796875 2298.943115234375 2306.77392578125 2314.0048828125 2331.447021484375 2346.55810546875 2353.409912109375 2366.720947265625 2372.48291015625 2386.993896484375 2404.055908203125 2414.096923828125 2425.299072265625 2428.85009765625 2432.0810546875 2432.35302734375 2432.384033203125 2435.196044921875 2437.43701171875 2448.68896484375 2468.320068359375 2482.56201171875 2497.89306640625 2514.3349609375 2529.305908203125 2532.31689453125 2543.138916015625 2552.9599609375 2565.6220703125 2573.31298828125 2580.154052734375 2585.466064453125 2594.116943359375 2607.198974609375 -9999 -9999 -9999 -9999 -9999 -9999 -9999 -9999 -9999 -9999 -9999 -9999 -9999 -9999 -9999
2292.89892578125 2303.680908203125 2313.842041015625 2320.02392578125 2324.364990234375 2340.076904296875 2349.337890625 2354.89990234375 2363.631103515625 2373.64208984375 2388.674072265625 2406.385009765625 2413.56689453125 2425.568115234375 2432.239990234375 2434.791015625 2436.802978515625 2436.654052734375 2439.27587890625 2440.846923828125 2452.64794921875 2471.199951171875 2488.950927734375 2507.29296875 2519.944091796875 2521.7060546875 2529.64697265625 2537.368896484375 2546.7099609375 2556.6220703125 2563.52197265625 2568.303955078125 2574.965087890625 2584.447021484375 2597.068115234375 -9999 -9999 -9999 -9999 -9999 -9999 -9999 -9999 -9999 -9999 -9999 -9999 -9999 -9999 -9999
2302.05908203125 2316.111083984375 2325.9619140625 2332.443115234375 2338.675048828125 2346.325927734375 2354.51806640625 2361.319091796875 2369.39111328125 2378.592041015625 2392.783935546875 2405.56494140625 2414.737060546875 2426.43798828125 2435.5390625 2439.260986328125 2440.19189453125 2442.583984375 2445.534912109375 2448.89697265625 2467.16796875 2481.409912109375 2491.73095703125 2500.923095703125 2510.743896484375 2509.115966796875 2519.5869140625 2535.867919921875 2552.68994140625 2559.90087890625 2564.281982421875 2572.72412109375 2580.77490234375 -9999 -9999 -9999 -9999 -9999 -9999 -9999 -9999 -9999 -9999 -9999 -9999 -9999 -9999 -9999 -9999 -9999
2354.22900390625 2332.340087890625 2343.02197265625 2347.2529296875 2355.10498046875 2363.76611328125 2366.447998046875 2374.0390625 2382.8310546875 2389.951904296875 2400.85302734375 2412.35498046875 2421.696044921875 2430.367919921875 2439.12890625 2447.861083984375 2450.27197265625 2450.50390625 2452.27490234375 2458.14697265625 2470.048095703125 2481.0390625 2483.73095703125 2485.4619140625 2488.243896484375 2492.824951171875 2509.4970703125 2528.7880859375 2558.7099609375 2566.531005859375 2574.412109375 2585.962890625 2596.4951171875 -9999 -9999 -9999 -9999 -9999 -9999 -9999 -9999 -9999 -9999 -9999 -9999 -9999 -9999 -9999 -9999 -9999
2416.708984375 2444.31005859375 2463.652099609375 2468.423095703125 2456.843994140625 2421.506103515625 2414.947021484375 2401.2490234375 2399 2409.69189453125 2417.883056640625 2424.534912109375 2430.39599609375 2438.427978515625 2446.14892578125 2452.989990234375 2454.7119140625 2455.123046875 2455.635009765625 2458.666015625 2470.22802734375 2478.72900390625 2481.2509765625 2477.491943359375 2476.969970703125 2485.35498046875 2502.35595703125 2526.617919921875 2543.868896484375 2565.37109375 2582.862060546875 2600.222900390625 -9999 -9999 -9999 -9999 -9999 -9999 -9999 -9999 -9999 -9999 -9999 -9999 -9999 -9999 -9999 -9999 -9999 -9999
2427.9580078125 2446.580078125 2467.220947265625 2485.113037109375 2489.2041015625 2485.47607421875 2475.177001953125 2456.85888671875 2440.81005859375 2438.291015625 2437.952880859375 2439.884033203125 2439.8359375 2444.386962890625 2451.509033203125 2457.06005859375 2459.412109375 2459.7529296875 2459.89501953125 2460.236083984375 2466.14697265625 2473.908935546875 2476.969970703125 2477.251953125 2476.969970703125 2489.885009765625 2505.2958984375 2522.407958984375 2540.178955078125 2569.970947265625 2598.6708984375 -9999 -9999 -9999 -9999 -9999 -9999 -9999 -9999 -9999 -9999 -9999 -9999 -9999 -9999 -9999 -9999 -9999 -9999 -9999
2412.16796875 2431.68994140625 2453.94091796875 2472.58203125 2493.243896484375 2503.675048828125 2504.43701171875 2502.298095703125 2496.159912109375 2474.4208984375 2465.383056640625 2458.783935546875 2454.946044921875 2458.156982421875 2458.498046875 2464.199951171875 2469.65087890625 2473.452880859375 2471.444091796875 2470.7958984375 2472.277099609375 2475.72900390625 2478.6201171875 2476.969970703125 2476.969970703125 2492.513916015625 2510.006103515625 2527.346923828125 2547.6689453125 2569.080078125 2585.8310546875 -9999 -9999 -9999 -9999 -9999 -9999 -9999 -9999 -9999 -9999 -9999 -9999 -9999 -9999 -9999 -9999 -9999 -9999 -9999
2396.508056640625 2419.7890625 2442.301025390625 2462.491943359375 2482.27392578125 2501.784912109375 2516.56689453125 2519.26806640625 2514.489013671875 2510.430908203125 2505.531982421875 2486.583984375 2473.875 2474.89697265625 2473.91796875 2473.820068359375 2476.470947265625 2478.48291015625 2481.654052734375 2482.844970703125 2482.527099609375 2484.22802734375 2480.889892578125 2482.89111328125 2481.923095703125 2496.6240234375 2512.31591796875 2530.596923828125 2547.0390625 2571.8798828125 2584.410888671875 -9999 -9999 -9999 -9999 -9999 -9999 -9999 -9999 -9999 -9999 -9999 -9999 -9999 -9999 -9999 -9999 -9999 -9999 -9999
2376.85791015625 2407.138916015625 2429.631103515625 2450.172119140625 2472.123046875 2491.925048828125 2510.97607421875 2529.7080078125 2534.64892578125 2529.98095703125 2522.85205078125 2515.7939453125 2500.705078125 2493.486083984375 2491.587890625 2488.208984375 2489.02099609375 2489.511962890625 2493.174072265625 2495.06494140625 2494.787109375 2495.9580078125 2494.860107421875 2495.091064453125 2494.35205078125 2503.533935546875 2515.9951171875 2533.826904296875 2552.72802734375 2573.22998046875 2610.470947265625 -9999 -9999 -9999 -9999 -9999 -9999 -9999 -9999 -9999 -9999 -9999 -9999 -9999 -9999 -9999 -9999 -9999 -9999 -9999
