OMS_GEOET11/data/Meledrio/7/DEM_7.asc
ncols        324
nrows        417
xllcorner    637612.000000000000
yllcorner    5119918.000000000000
cellsize     30.000000000000
NODATA_value  -9999
[rows 374 to 395 of 417, columns 200 to 249 of 324]
1826.43994140625 1828.02099609375 1836.720947265625 1837.9019775390625 1842.863037109375 1850.2230224609375 1860.053955078125 1870.9649658203125 1885.35595703125 1890.9560546875 1894.6070556640625 1897.677978515625 1901.8599853515625 1906.8709716796875 1914.511962890625 1924.31396484375 1940.344970703125 1949.3170166015625 1955.0279541015625 1960.5489501953125 1960.1510009765625 1955.52197265625 1952.654052734375 1950.125 1945.6669921875 1945.6669921875 1945.6669921875 1948.6209716796875 1951.7120361328125 1954.6240234375 1969.125 1986.0260009765625 2003.41796875 2016.678955078125 2040.9010009765625 2049.531982421875 2042.833984375 2040.7750244140625 2049.986083984375 2056.837890625 2060.799072265625 2068.48095703125 2084.77197265625 2105.363037109375 2126.375 2135.35595703125 2137.0380859375 2140.118896484375 2144.39111328125 2147.58203125
1835.760009765625 1836.9010009765625 1840.1219482421875 1843.1419677734375 1848.0830078125 1854.1739501953125 1864.6639404296875 1882.0550537109375 1891.3759765625 1891.156982421875 1894.5770263671875 1897.91796875 1900.3900146484375 1903.0810546875 1908.3929443359375 1916.384033203125 1934.31494140625 1950.386962890625 1959.5479736328125 1968.8699951171875 1969.8409423828125 1962.9520263671875 1957.583984375 1950.7349853515625 1947.7969970703125 1945.6669921875 1946.6700439453125 1949.9510498046875 1954.322021484375 1958.073974609375 1964.2249755859375 1978.0670166015625 1994.637939453125 2010.18896484375 2028.1910400390625 2048.781982421875 2044.4840087890625 2048.625 2057.26708984375 2057.55810546875 2068.388916015625 2077.31103515625 2087.172119140625 2106.714111328125 2127.175048828125 2134.02587890625 2138.867919921875 2140.30908203125 2144.240966796875 2146.052001953125
1850.6199951171875 1848.8709716796875 1850.2220458984375 1851.4429931640625 1857.6629638671875 1863.4739990234375 1873.614990234375 1889.385009765625 1899.0560302734375 1898.5069580078125 1898.8580322265625 1899.6290283203125 1900.9599609375 1903.56103515625 1910.1629638671875 1921.7139892578125 1936.85595703125 1955.0069580078125 1969.5379638671875 1977.5400390625 1978.781005859375 1970.4530029296875 1964.9539794921875 1956.595947265625 1947.2469482421875 1945.6669921875 1948.0999755859375 1950.4210205078125 1956.623046875 1961.343994140625 1964.1949462890625 1972.3270263671875 1985.97802734375 2002.9599609375 2018.781005859375 2042.35205078125 2055.384033203125 2058.85498046875 2057.01708984375 2066.818115234375 2075.02001953125 2080.341064453125 2089.632080078125 2109.323974609375 2126.9150390625 2135.406982421875 2139.97802734375 2142.908935546875 2146.220947265625 2148.281982421875
1868.4110107421875 1865.9610595703125 1864.52197265625 1866.1829833984375 1865.5140380859375 1871.9539794921875 1881.4150390625 1895.156005859375 1911.7760009765625 1912.3170166015625 1913.16796875 1914.458984375 1915.4100341796875 1912.612060546875 1921.35302734375 1932.364013671875 1947.2060546875 1967.3370361328125 1986.678955078125 1986.010009765625 1982.9410400390625 1987.4329833984375 1978.7139892578125 1967.365966796875 1957.3570556640625 1948.4189453125 1947.72998046875 1950.9110107421875 1959.373046875 1969.303955078125 1970.5560302734375 1975.366943359375 1984.1180419921875 2001.5 2018.760986328125 2037.9530029296875 2063.634033203125 2070.22607421875 2074.547119140625 2085.55810546875 2090.489990234375 2095.180908203125 2095.322998046875 2111.783935546875 2121.864990234375 2131.9970703125 2138.077880859375 2143.570068359375 2146.0009765625 2150.39208984375
1886.781005859375 1885.741943359375 1885.3719482421875 1886.032958984375 1885.6839599609375 1890.10498046875 1898.5450439453125 1909.7259521484375 1920.14697265625 1929.18701171875 1928.6180419921875 1923.1290283203125 1931.6700439453125 1925.56201171875 1932.7330322265625 1945.7850341796875 1960.9659423828125 1979.866943359375 1989.5789794921875 1994.97998046875 1988.011962890625 1990.1529541015625 1995.654052734375 1983.9959716796875 1972.5870361328125 1962.5589599609375 1955.7900390625 1958.4320068359375 1965.27294921875 1976.0240478515625 1983.7459716796875 1981.136962890625 1989.8489990234375 2005.300048828125 2024.7010498046875 2046.383056640625 2068.75390625 2074.135986328125 2078.7470703125 2083.14892578125 2091.64990234375 2094.970947265625 2097.282958984375 2112.4541015625 2118.216064453125 2130.876953125 2135.347900390625 2141.1201171875 2144.571044921875 2150.883056640625
1906.8310546875 1907.8719482421875 1909.2430419921875 1908.8330078125 1910.904052734375 1912.114990234375 1930.155029296875 1934.0159912109375 1942.7569580078125 1950.8580322265625 1947.2879638671875 1941.51904296875 1953.321044921875 1944.991943359375 1949.29296875 1961.2550048828125 1974.14599609375 1995.3179931640625 2005.76904296875 2000.72998046875 1997.06201171875 1996.8929443359375 2006.8050537109375 2004.385986328125 1990.366943359375 1977.448974609375 1972.6700439453125 1974.741943359375 1974.7230224609375 1983.2550048828125 1993.0460205078125 1997.906982421875 2002.18896484375 2009.8599853515625 2027.6719970703125 2051.593017578125 2072.323974609375 2077.075927734375 2080.076904296875 2086.5791015625 2089.89990234375 2095.612060546875 2096.613037109375 2108.714111328125 2122.006103515625 2128.136962890625 2134.2890625 2141.659912109375 2147.6708984375 2151.222900390625
1928.821044921875 1952.1219482421875 1948.343017578125 1933.5240478515625 1932.2340087890625 1936.2550048828125 1942.345947265625 1946.89599609375 1964.5069580078125 1971.447998046875 1965.3990478515625 1961.8690185546875 1965.551025390625 1968.6820068359375 1970.9339599609375 1984.2249755859375 1997.93603515625 2012.2779541015625 2024.4990234375 2018.3809814453125 2015.6519775390625 2011.7130126953125 2011.7850341796875 2019.7659912109375 2006.947998046875 1996.1290283203125 1991.0699462890625 1988.4520263671875 1987.1629638671875 1992.5849609375 1998.7060546875 2011.0579833984375 2016.239013671875 2028.030029296875 2038.1319580078125 2054.873046875 2070.485107421875 2072.285888671875 2085.076904296875 2086.9990234375 2097.39990234375 2106.072021484375 2106.5029296875 2108.154052734375 2118.486083984375 2128.487060546875 2134.989013671875 2139.570068359375 2145.77197265625 2152.43310546875
1955.9320068359375 1961.3719482421875 1957.4329833984375 1952.4840087890625 1940.9949951171875 1949.56494140625 1957.8260498046875 1958.947021484375 1970.6669921875 1982.2779541015625 1980.4090576171875 1968.8590087890625 1976.4410400390625 1979.33203125 1984.4639892578125 1992.6650390625 2005.927001953125 2022.718017578125 2033.6290283203125 2032.5009765625 2023.822021484375 2025.56396484375 2017.60498046875 2024.7060546875 2025.697998046875 2016.26904296875 2010.781005859375 2002.1419677734375 1998.762939453125 1997.06494140625 2005.2459716796875 2016.3179931640625 2027.489013671875 2049.281005859375 2064.14208984375 2059.322998046875 2066.344970703125 2070.196044921875 2076.927978515625 2083.638916015625 2090.25 2102.741943359375 2108.23291015625 2112.195068359375 2113.696044921875 2122.76708984375 2132.698974609375 2136.090087890625 2141.662109375 2154.133056640625
1958.342041015625 1958.3929443359375 1954.1929931640625 1949.7640380859375 1944.5150146484375 1956.635986328125 1968.9959716796875 1972.467041015625 1975.5179443359375 1980.7679443359375 1990.3389892578125 1986.2099609375 1976.740966796875 1988.7130126953125 1995.583984375 1998.93505859375 2011.467041015625 2026.5579833984375 2031.739990234375 2034.541015625 2028.4219970703125 2028.2340087890625 2030.2149658203125 2031.126953125 2029.748046875 2028.4090576171875 2019.3509521484375 2011.4119873046875 2014.4539794921875 2016.43505859375 2011.89599609375 2024.0179443359375 2037.8890380859375 2057.430908203125 2071.39208984375 2072.18408203125 2067.514892578125 2067.51611328125 2068.887939453125 2075.339111328125 2085.0810546875 2091.35205078125 2100.0830078125 2110.304931640625 2115.345947265625 2117.72802734375 2115.819091796875 2121.949951171875 2134.02197265625 2146.5029296875
1953.9420166015625 1954.4129638671875 1950.6240234375 1944.634033203125 1947.39501953125 1956.8360595703125 1973.166015625 1977.626953125 1984.7979736328125 1989.6090087890625 1997.1390380859375 1999.3900146484375 2000.6309814453125 1992.512939453125 1999.1939697265625 2002.7559814453125 2009.7869873046875 2023.5579833984375 2027.5899658203125 2029.9510498046875 2029.54296875 2029.56396484375 2032.875 2028.5240478515625 2030.68798828125 2029.449951171875 2026.8509521484375 2027.4520263671875 2028.593994140625 2024.655029296875 2027.2769775390625 2037.3079833984375 2053.47900390625 2062.65087890625 2073.011962890625 2074.10400390625 2074.1650390625 2072.406982421875 2071.177978515625 2074.2890625 2081.571044921875 2085.10205078125 2092.634033203125 2099.784912109375 2109.0859375 2111.39794921875 2110.618896484375 2114.81103515625 2121.751953125 2133.153076171875
1951.7330322265625 1945.77294921875 1944.634033203125 1944.634033203125 1944.634033203125 1954.2860107421875 1972.7969970703125 1984.7569580078125 1984.248046875 1988.239013671875 1992.22900390625 1999.219970703125 2006.81103515625 2010.79296875 2006.1240234375 2010.0260009765625 2018.5069580078125 2023.8189697265625 2025.22998046875 2026.990966796875 2028.9630126953125 2034.2239990234375 2028.5240478515625 2028.5240478515625 2030.5479736328125 2027.4599609375 2031.041015625 2030.04296875 2040.7840576171875 2039.4150390625 2042.5169677734375 2049.137939453125 2064.090087890625 2077.37109375 2077.10205078125 2078.5439453125 2077.89501953125 2080.6669921875 2076.9580078125 2076.56005859375 2082.041015625 2088.39208984375 2096.714111328125 2096.074951171875 2103.197021484375 2108.508056640625 2116.01904296875 2122.3310546875 2123.19189453125 2128.10400390625
1945.093017578125 1944.634033203125 1944.634033203125 1944.634033203125 1944.634033203125 1952.5159912109375 1973.616943359375 1987.1280517578125 1984.39794921875 1984.248046875 1991.0400390625 1993.8399658203125 2006.261962890625 2012.552978515625 2011.5150146484375 2017.5159912109375 2020.68701171875 2027.458984375 2033.219970703125 2030.4420166015625 2026.990966796875 2028.5240478515625 2031.9560546875 2033.7669677734375 2036.8389892578125 2033.6400146484375 2034.0009765625 2034.2530517578125 2037.323974609375 2045.7060546875 2051.76708984375 2059.337890625 2075.169921875 2077.12109375 2078.23291015625 2078.7041015625 2079.445068359375 2080.9169921875 2085.16796875 2084.3798828125 2084.031005859375 2099.29296875 2103.52392578125 2099.675048828125 2101.31689453125 2113.72802734375 2121.489990234375 2129.14111328125 2135.451904296875 2140.073974609375
1945.7330322265625 1946.2139892578125 1944.634033203125 1944.634033203125 1944.634033203125 1957.8470458984375 1973.2669677734375 1979.8079833984375 1984.76904296875 1988.279052734375 1990.8299560546875 1995.8509521484375 2004.001953125 2008.6429443359375 2010.864990234375 2015.9659423828125 2024.8280029296875 2032.51904296875 2035.75 2034.56201171875 2035.4630126953125 2042.5450439453125 2040.1259765625 2037.197021484375 2038.0989990234375 2037.8699951171875 2042.8819580078125 2039.032958984375 2042.093994140625 2049.176025390625 2056.47705078125 2066.708984375 2075.409912109375 2077.87109375 2078.35302734375 2079.634033203125 2083.535888671875 2087.806884765625 2090.68798828125 2095.919921875 2094.410888671875 2101.0029296875 2111.333984375 2113.31494140625 2108.81689453125 2116.8779296875 2124.0400390625 2128.14111328125 2131.39306640625 2139.25390625
1948.0030517578125 1949.5439453125 1953.7249755859375 1955.43505859375 1959.8060302734375 1964.22705078125 1977.217041015625 1985.137939453125 1996.9990234375 1997.5989990234375 2006.0999755859375 2003.801025390625 2002.9119873046875 2006.4029541015625 2014.1949462890625 2025.68603515625 2032.248046875 2037.759033203125 2042.6610107421875 2041.4219970703125 2042.6929931640625 2048.625 2047.5059814453125 2043.0780029296875 2042.6390380859375 2038.93994140625 2039.6719970703125 2041.06298828125 2042.4749755859375 2048.885986328125 2061.5869140625 2068.12890625 2075.3701171875 2077.471923828125 2079.18310546875 2080.174072265625 2085.926025390625 2090.547119140625 2093.319091796875 2098.159912109375 2103.541015625 2107.85302734375 2107.8740234375 2110.5859375 2113.876953125 2116.748046875 2117.550048828125 2119.160888671875 2126.27294921875 2131.013916015625
1950.7640380859375 1952.6839599609375 1957.0250244140625 1961.176025390625 1968.3160400390625 1980.8370361328125 1994.157958984375 1998.1180419921875 2001.3489990234375 2007.030029296875 2017.72998046875 2022.0009765625 2010.9420166015625 2016.384033203125 2019.875 2030.6259765625 2042.218017578125 2053.62890625 2049.9208984375 2050.281982421875 2052.013916015625 2053.18505859375 2053.365966796875 2046.0679931640625 2048.569091796875 2047.1409912109375 2040.991943359375 2042.04296875 2043.3349609375 2049.02587890625 2062.077880859375 2060.068115234375 2065.7900390625 2078.162109375 2077.471923828125 2082.455078125 2088.60595703125 2090.35693359375 2095.468994140625 2101.719970703125 2105.011962890625 2107.532958984375 2108.64404296875 2116.736083984375 2116.2470703125 2117.239013671875 2119.719970703125 2117.550048828125 2122.532958984375 2127.384033203125
1952.2640380859375 1955.0849609375 1963.2750244140625 1974.0360107421875 1986.22705078125 2000.45703125 2000.2779541015625 2006.7889404296875 2010.51904296875 2014.72998046875 2022.77099609375 2028.9610595703125 2029.6219482421875 2018.843994140625 2025.6650390625 2033.0169677734375 2045.3079833984375 2054.09912109375 2060.44091796875 2065.412109375 2062.194091796875 2058.485107421875 2063.427001953125 2054.657958984375 2056.62890625 2053.930908203125 2049.02197265625 2047.4439697265625 2051.655029296875 2051.426025390625 2060.068115234375 2064.87890625 2066.611083984375 2077.98193359375 2079.43310546875 2084.9951171875 2089.7060546875 2093.248046875 2100.09912109375 2107.280029296875 2109.162109375 2109.52294921875 2110.675048828125 2114.02587890625 2117.007080078125 2120.05908203125 2119.47998046875 2121.531982421875 2126.782958984375 2132.993896484375
1959.614013671875 1961.31494140625 1968.9959716796875 1981.9959716796875 1995.70703125 2003.738037109375 2004.0579833984375 2012.8990478515625 2022.698974609375 2019.199951171875 2026.0909423828125 2032.4110107421875 2037.9329833984375 2035.6839599609375 2038.9949951171875 2042.7769775390625 2049.10791015625 2057.8798828125 2065.31103515625 2067.531982421875 2063.39404296875 2061.4951171875 2074.156982421875 2068.16796875 2059.179931640625 2057.0009765625 2055.862060546875 2055.73388671875 2058.344970703125 2062.7470703125 2058.798095703125 2063.549072265625 2071.611083984375 2081.991943359375 2091.654052734375 2095.485107421875 2097.865966796875 2103.827880859375 2101.928955078125 2107.56103515625 2114.6220703125 2110.712890625 2111.5048828125 2115.1259765625 2118.3779296875 2120.739013671875 2121.610107421875 2128.281982421875 2128.712890625 2130.324951171875
1966.6650390625 1967.3050537109375 1972.5560302734375 1983.5369873046875 1992.97705078125 1999.637939453125 2004.137939453125 2009.1689453125 2022.1800537109375 2022.6700439453125 2025.4410400390625 2032.10205078125 2032.4329833984375 2035.904052734375 2041.8160400390625 2046.5870361328125 2054.14794921875 2059.969970703125 2068.291015625 2069.212890625 2065.833984375 2065.655029296875 2067.037109375 2071.43798828125 2066.590087890625 2065.430908203125 2062.29296875 2062.97412109375 2063.794921875 2066.45703125 2065.258056640625 2062 2075.4609375 2085.912109375 2092.303955078125 2095.794921875 2098.14697265625 2103.048095703125 2106.928955078125 2104.930908203125 2109.98193359375 2112.174072265625 2110.712890625 2112.5859375 2119.72802734375 2120.84912109375 2125.8310546875 2134.56201171875 2140.0029296875 2142.215087890625
1973.625 1976.7459716796875 1977.0660400390625 1983.0870361328125 1998.3170166015625 1999.7779541015625 2003.3990478515625 2012.708984375 2017.8499755859375 2025.1910400390625 2020.31103515625 2019.6820068359375 2024.5030517578125 2030.35400390625 2041.85595703125 2057.297119140625 2068.18896484375 2072.97998046875 2079.3310546875 2083.0029296875 2077.924072265625 2075.305908203125 2077.156982421875 2073.077880859375 2073.2900390625 2067.291015625 2069.742919921875 2066.743896484375 2066.56494140625 2068.64697265625 2070.748046875 2076.0400390625 2081.291015625 2093.592041015625 2101.743896484375 2097.35498046875 2102.616943359375 2105.41796875 2104.35888671875 2108.7109375 2107.751953125 2110.864013671875 2110.712890625 2110.826904296875 2115.85791015625 2119.12890625 2124.660888671875 2136.031982421875 2143.053955078125 2146.445068359375
1978.93505859375 1986.18603515625 1985.5860595703125 1986.89697265625 1992.5279541015625 2003.968017578125 2008.8389892578125 2008.969970703125 2014.06005859375 2018.010986328125 2017.31103515625 2014.7020263671875 2017.54296875 2023.574951171875 2031.676025390625 2048.096923828125 2066.09912109375 2082.989990234375 2088.48193359375 2093.052978515625 2092.464111328125 2082.325927734375 2079.51708984375 2076.928955078125 2075.159912109375 2075.35107421875 2070.3330078125 2068.52392578125 2069.06591796875 2067.777099609375 2069.0380859375 2084.389892578125 2097.260986328125 2105.10302734375 2108.77392578125 2112.97509765625 2110.22705078125 2112.887939453125 2114.3701171875 2110.541015625 2109.741943359375 2111.4541015625 2113.705078125 2111.97705078125 2115.077880859375 2117.2490234375 2117.2490234375 2127.902099609375 2140.98388671875 2149.155029296875
1979.9959716796875 1990.8060302734375 1993.70703125 1988.886962890625 1992.8179931640625 2008.5989990234375 2012.93896484375 2013.739990234375 2016 2014.06005859375 2014.7020263671875 2015.7320556640625 2016.9630126953125 2024.8349609375 2029.426025390625 2040.238037109375 2055.638916015625 2080.800048828125 2089.44189453125 2092.85302734375 2083.6650390625 2079.51708984375 2079.64697265625 2079.76904296875 2079.389892578125 2082.60205078125 2085.822998046875 2078.7041015625 2073.10595703125 2068.876953125 2069.87890625 2083.889892578125 2100.970947265625 2108.89306640625 2101.35400390625 2101.7958984375 2109.787109375 2114.68798828125 2116.219970703125 2112.4208984375 2115.572998046875 2116.60400390625 2113.284912109375 2117.287109375 2117.51806640625 2118.2900390625 2119.791015625 2126.94189453125 2143.323974609375 2152.215087890625
1987.1259765625 1996.4560546875 1994.116943359375 1995.3480224609375 1998.0880126953125 2008.708984375 2017.428955078125 2017.52001953125 2016.8609619140625 2018.551025390625 2016.2120361328125 2023.322998046875 2032.5439453125 2036.364990234375 2045.2860107421875 2050.577880859375 2057.47900390625 2075.0009765625 2086.73193359375 2086.5830078125 2079.51708984375 2079.51708984375 2079.51708984375 2079.839111328125 2081.239990234375 2085.89208984375 2090.68310546875 2087.864990234375 2084.115966796875 2074.846923828125 2075.72900390625 2088.840087890625 2091.451904296875 2101.48291015625 2097.904052734375 2097.904052734375 2102.826904296875 2109.64892578125 2118.659912109375 2115.541015625 2113.423095703125 2114.053955078125 2117.7958984375 2118.45703125 2123.5380859375 2128.550048828125 2127.291015625 2134.68310546875 2142.9541015625 2156.9150390625
