OMS_GEOET11/data/Meledrio/7/DEM_7.asc
ncols        324
nrows        417
xllcorner    637612.000000000000
yllcorner    5119918.000000000000
cellsize     30.000000000000
NODATA_value  -9999
[rows 220 to 241 of 417, columns 100 to 149 of 324]
2002.1939697265625 2004.89599609375 2008.91796875 2006.3599853515625 2004.7919921875 2004.85302734375 2007.9449462890625 2011.987060546875 2014.6390380859375 2016.7110595703125 2019.501953125 2022.1739501953125 2029.426025390625 2033.907958984375 2037.76904296875 2040.5810546875 2040.4429931640625 2039.2650146484375 2037.7259521484375 2035.64794921875 2033.8599853515625 2032.112060546875 2030.0030517578125 2025.864990234375 2021.9859619140625 2014.8470458984375 2006.927978515625 1999.030029296875 1993.1510009765625 1984.33203125 1976.383056640625 1969.4840087890625 1960.3759765625 1949.8170166015625 1941.7080078125 1935.72900390625 1929.071044921875 1921.1619873046875 1914.052978515625 1904.823974609375 1894.135009765625 1881.0369873046875 1864.93798828125 1846.948974609375 1832.0699462890625 1819.85205078125 1807.0030517578125 1794.1739501953125 1787.4849853515625 1781.156982421875
1979.7340087890625 1981.93603515625 1987.5570068359375 1986.739013671875 1985.740966796875 1986.1929931640625 1989.844970703125 1993.666015625 1999.697998046875 2003.8499755859375 2006.552001953125 2008.2230224609375 2012.6949462890625 2019.406982421875 2025.76904296875 2028.3900146484375 2030.011962890625 2029.4840087890625 2029.595947265625 2028.72802734375 2027.8089599609375 2025.9410400390625 2023.0830078125 2020.343994140625 2016.4549560546875 2010.93603515625 2003.89794921875 1995.9189453125 1988.550048828125 1981.1409912109375 1974.4229736328125 1968.5439453125 1961.2850341796875 1953.7559814453125 1944.7469482421875 1939.448974609375 1932.0799560546875 1925.541015625 1917.511962890625 1908.7340087890625 1895.2449951171875 1882.7259521484375 1868.5169677734375 1851.41796875 1839.550048828125 1828.281005859375 1813.83203125 1801.54296875 1791.574951171875 1783.2060546875
1961.79296875 1961.135009765625 1962.406982421875 1966.5689697265625 1968.1800537109375 1969.1619873046875 1972.323974609375 1976.916015625 1981.5679931640625 1987.8489990234375 1992.8909912109375 1995.7530517578125 1999.7349853515625 2003.926025390625 2008.947998046875 2013.7900390625 2017.6219482421875 2020.072998046875 2021.2449951171875 2019.7469482421875 2019.1090087890625 2018.3509521484375 2014.9320068359375 2012.762939453125 2009.6949462890625 2005.5560302734375 1999.376953125 1991.248046875 1983.9189453125 1976.1009521484375 1970.1519775390625 1965.4630126953125 1960.6939697265625 1955.3260498046875 1947.7869873046875 1940.5179443359375 1931.8289794921875 1926.0999755859375 1919.10205078125 1910.7130126953125 1894.10400390625 1882.175048828125 1869.656982421875 1856.6080322265625 1846.01904296875 1836.4200439453125 1824.7010498046875 1812.54296875 1800.4940185546875 1789.2750244140625
1944.4530029296875 1945.553955078125 1945.5560302734375 1947.738037109375 1950.5999755859375 1954.2120361328125 1956.4530029296875 1960.385009765625 1967.5069580078125 1974.1290283203125 1978.47998046875 1983.4219970703125 1987.81396484375 1992.9859619140625 1996.47705078125 1999.5589599609375 2005.77099609375 2009.613037109375 2009.89501953125 2010.656005859375 2010.2879638671875 2009.18994140625 2005.9019775390625 2004.0830078125 2001.7239990234375 1997.7750244140625 1993.906005859375 1987.218017578125 1979.708984375 1972.800048828125 1966.8909912109375 1962.7430419921875 1957.4439697265625 1953.2449951171875 1946.5059814453125 1940.4169921875 1933.9090576171875 1925.68994140625 1918.051025390625 1909.4320068359375 1892.863037109375 1880.5050048828125 1871.35595703125 1862.987060546875 1850.947998046875 1840.9300537109375 1831.071044921875 1820.2120361328125 1808.27294921875 1795.864013671875
1932.7220458984375 1934.2540283203125 1932.43603515625 1932.5269775390625 1935.1490478515625 1937.9310302734375 1942.873046875 1946.6949462890625 1951.89599609375 1958.387939453125 1966.010009765625 1971.58203125 1976.4129638671875 1980.0150146484375 1983.93701171875 1988.4090576171875 1992.47998046875 1995.02197265625 1997.904052734375 1999.93603515625 2001.248046875 1997.218994140625 1998.98095703125 1993.7220458984375 1992.1929931640625 1990.125 1986.2960205078125 1981.2569580078125 1974.66796875 1968.5689697265625 1964.3409423828125 1962.02197265625 1958.77294921875 1953.4339599609375 1947.9659423828125 1941.0570068359375 1934.0179443359375 1926.759033203125 1917.489990234375 1907.6519775390625 1892.5830078125 1881.4739990234375 1872.2850341796875 1863.7060546875 1852.93798828125 1843.8590087890625 1836.050048828125 1823.0909423828125 1812.5830078125 1801.2340087890625
1924.1610107421875 1923.8929443359375 1923.155029296875 1923.5770263671875 1925.1190185546875 1926.0999755859375 1927.35205078125 1933.2440185546875 1937.5460205078125 1944.906982421875 1951.47900390625 1958.5810546875 1964.06298828125 1968.4840087890625 1972.7860107421875 1977.14794921875 1980.1600341796875 1983.2320556640625 1986.3330078125 1989.60498046875 1990.197021484375 1990.43896484375 1988.1700439453125 1982.592041015625 1980.5030517578125 1979.0340576171875 1976.7349853515625 1973.365966796875 1966.5980224609375 1961.26904296875 1958.0799560546875 1957.051025390625 1954.9520263671875 1951.2039794921875 1947.0450439453125 1940.906005859375 1935.0570068359375 1926.0989990234375 1914.8800048828125 1906.6409912109375 1894.9620361328125 1884.373046875 1874.9449462890625 1863.5760498046875 1853.2569580078125 1845.508056640625 1836.259033203125 1824.3509521484375 1814.9820556640625 1804.4830322265625
1915.3409423828125 1915.2430419921875 1913.4239501953125 1913.845947265625 1914.258056640625 1914.4200439453125 1917.3919677734375 1920.383056640625 1924.4649658203125 1931.467041015625 1937.198974609375 1943.4100341796875 1950.072021484375 1956.6939697265625 1960.426025390625 1963.95703125 1968.759033203125 1972.31103515625 1974.572998046875 1977.4150390625 1977.8260498046875 1978.468017578125 1977.6700439453125 1973.31103515625 1968.7220458984375 1966.9329833984375 1965.0050048828125 1961.7259521484375 1957.3470458984375 1953.8480224609375 1951.5989990234375 1951.041015625 1948.781982421875 1946.2530517578125 1942.4239501953125 1937.7650146484375 1933.2969970703125 1926.468017578125 1913.698974609375 1905.18994140625 1896.842041015625 1886.322998046875 1875.1639404296875 1862.64501953125 1853.68603515625 1845.3380126953125 1835.8289794921875 1824.9599609375 1815.3709716796875 1805.251953125
1903.260009765625 1902.2919921875 1903.7440185546875 1903.676025390625 1905.136962890625 1905.239013671875 1906.220947265625 1909.8330078125 1914.3050537109375 1919.115966796875 1924.3580322265625 1931.1099853515625 1936.362060546875 1941.3330078125 1946.39501953125 1951.8170166015625 1956.489013671875 1959.050048828125 1961.2120361328125 1965.4239501953125 1967.3759765625 1967.5570068359375 1965.3790283203125 1961.0799560546875 1957.31201171875 1955.54296875 1954.553955078125 1952.614990234375 1949.2459716796875 1945.927978515625 1944.1590576171875 1943.25 1940.8310546875 1937.741943359375 1935.2939453125 1932.094970703125 1928.885986328125 1923.947021484375 1912.91796875 1904.5699462890625 1894.791015625 1882.7120361328125 1870.9129638671875 1859.823974609375 1853.196044921875 1844.626953125 1834.93798828125 1825.3189697265625 1816.801025390625 1806.1319580078125
1897.31005859375 1895.8310546875 1895.532958984375 1896.875 1894.7669677734375 1895.8489990234375 1897.1500244140625 1899.7020263671875 1904.7139892578125 1908.9659423828125 1912.3370361328125 1917.208984375 1922.2010498046875 1927.262939453125 1931.4840087890625 1935.5660400390625 1942.39794921875 1946.780029296875 1950.4119873046875 1951.802978515625 1951.385009765625 1954.447021484375 1953.6080322265625 1949.2900390625 1945.5810546875 1943.5419921875 1943.113037109375 1942.1949462890625 1940.656005859375 1938.5369873046875 1937.3580322265625 1936.529052734375 1933.73095703125 1930.1419677734375 1926.4730224609375 1924.2740478515625 1922.4449462890625 1918.927001953125 1911.8380126953125 1902.529052734375 1892.7099609375 1878.291015625 1866.532958984375 1857.7239990234375 1851.125 1841.14599609375 1832.3570556640625 1824.8590087890625 1816.949951171875 1802.8909912109375
1893.8389892578125 1890.1910400390625 1891.9029541015625 1888.833984375 1886.676025390625 1888.3179931640625 1888.1500244140625 1891.612060546875 1894.883056640625 1899.9949951171875 1903.5770263671875 1907.5789794921875 1911.989990234375 1916.751953125 1918.8740234375 1923.4560546875 1928.0970458984375 1930.3890380859375 1933.8809814453125 1936.782958984375 1939.843994140625 1940.3360595703125 1940.468017578125 1937.6689453125 1933.27001953125 1931.801025390625 1931.343017578125 1928.9139404296875 1928.60498046875 1928.5260009765625 1927.177978515625 1926.76904296875 1924.760009765625 1921.6109619140625 1917.8719482421875 1914.823974609375 1914.385009765625 1912.2459716796875 1907.136962890625 1899.197998046875 1888.6600341796875 1875.041015625 1863.9219970703125 1855.56298828125 1849.9840087890625 1838.0660400390625 1829.906982421875 1823.387939453125 1813.198974609375 1798.969970703125
1891.0479736328125 1887.75 1890.9620361328125 1887.2039794921875 1880.666015625 1880.217041015625 1881.3690185546875 1882.490966796875 1887.1829833984375 1892.06396484375 1895.7860107421875 1898.8780517578125 1902.760009765625 1907.240966796875 1907.7430419921875 1909.31494140625 1914.0870361328125 1916.4990234375 1919.7099609375 1926.9219970703125 1926.14404296875 1926.135986328125 1926.3170166015625 1924.1180419921875 1921.530029296875 1919.4110107421875 1917.85205078125 1916.29296875 1916.5040283203125 1912.68603515625 1910.7769775390625 1909.3780517578125 1906.3790283203125 1904.969970703125 1903.552001953125 1902.2130126953125 1902.2239990234375 1900.425048828125 1898.2459716796875 1893.387939453125 1883.239013671875 1871.8499755859375 1859.5810546875 1852.241943359375 1846.864013671875 1839.7449951171875 1831.10595703125 1821.9969482421875 1810.197998046875 1795.8199462890625
1886.927978515625 1883.1400146484375 1886.3709716796875 1880.0030517578125 1875.385009765625 1875.177001953125 1877.4189453125 1877.280029296875 1883.8919677734375 1884.7440185546875 1889.416015625 1890.427001953125 1894.3089599609375 1897.4110107421875 1900.9630126953125 1899.634033203125 1901.0660400390625 1904.91796875 1907.1600341796875 1908.470947265625 1910.54296875 1912.14501953125 1911.447021484375 1909.0780029296875 1907.3890380859375 1906.489990234375 1904.031005859375 1902.1729736328125 1901.2139892578125 1897.864990234375 1895.5660400390625 1893.886962890625 1891.3189697265625 1890.739990234375 1888.8709716796875 1887.3919677734375 1886.9830322265625 1886.68505859375 1886.906005859375 1884.5469970703125 1875.0279541015625 1865.1590576171875 1852.9310302734375 1845.9119873046875 1841.552978515625 1835.89404296875 1827.9549560546875 1817.3470458984375 1805.758056640625 1792.43896484375
1882.5469970703125 1873.1090087890625 1871.4410400390625 1869.85302734375 1866.5340576171875 1868.115966796875 1871.7979736328125 1872.8499755859375 1876.4310302734375 1879.343017578125 1882.7049560546875 1884.3470458984375 1885.2989501953125 1889.1099853515625 1891.4119873046875 1892.7640380859375 1892.5660400390625 1893.3070068359375 1895.718994140625 1896.8809814453125 1897.4630126953125 1898.2740478515625 1898.0360107421875 1895.9169921875 1892.637939453125 1890.6199951171875 1888.4210205078125 1885.6219482421875 1883.782958984375 1880.553955078125 1878.7359619140625 1876.8070068359375 1875.6080322265625 1873.6689453125 1873.6800537109375 1873.4019775390625 1872.2430419921875 1873.0439453125 1871.18505859375 1873.7960205078125 1865.238037109375 1854.8690185546875 1845.47998046875 1838.52099609375 1834.342041015625 1829.154052734375 1822.635009765625 1812.2659912109375 1800.947021484375 1788.0179443359375
1877.947021484375 1865.998046875 1861.9599609375 1858.8919677734375 1858.5140380859375 1859.6259765625 1865.43701171875 1866.678955078125 1871.23095703125 1874.802978515625 1876.85400390625 1879.095947265625 1879.6280517578125 1881.719970703125 1884.010986328125 1882.883056640625 1882.60498046875 1885.737060546875 1885.8280029296875 1884.969970703125 1886.1619873046875 1887.9940185546875 1887.375 1885.22705078125 1882.0679931640625 1877.2989501953125 1873.469970703125 1870.2010498046875 1866.623046875 1865.0439453125 1863.3349609375 1861.5860595703125 1859.8570556640625 1857.8389892578125 1857.030029296875 1856.531005859375 1858.322021484375 1858.9730224609375 1856.7049560546875 1860.0260009765625 1854.5570068359375 1846.8280029296875 1837.0689697265625 1830.300048828125 1825.35205078125 1821.4530029296875 1815.06396484375 1806.324951171875 1795.0860595703125 1783.0679931640625
1871.2659912109375 1861.887939453125 1857.8800048828125 1853.3409423828125 1852.072998046875 1851.094970703125 1857.0469970703125 1859.8780517578125 1863.8299560546875 1868.501953125 1872.2239990234375 1873.6259765625 1875.14697265625 1874.5789794921875 1876.98095703125 1876.572998046875 1873.303955078125 1874.3360595703125 1875.238037109375 1877.1300048828125 1875.5009765625 1875.0030517578125 1875.39501953125 1872.676025390625 1869.5469970703125 1865.5279541015625 1860.7900390625 1856.9210205078125 1853.7220458984375 1851.7230224609375 1849.9239501953125 1849.156005859375 1848.876953125 1847.0880126953125 1844.5689697265625 1841.6700439453125 1844.6219482421875 1842.633056640625 1841.5439453125 1843.5250244140625 1840.5360107421875 1835.7969970703125 1829.029052734375 1821.8399658203125 1816.81103515625 1812.81201171875 1808.3929443359375 1799.0350341796875 1789.176025390625 1778.43701171875
1859.2060546875 1852.5570068359375 1851.509033203125 1847.720947265625 1846.032958984375 1845.1739501953125 1848.3759765625 1851.1080322265625 1855.72998046875 1859.720947265625 1864.4029541015625 1868.2249755859375 1869.14697265625 1869.91796875 1868.550048828125 1870.7320556640625 1867.5439453125 1864.60498046875 1864.987060546875 1867.0989990234375 1867.301025390625 1866.4630126953125 1863.404052734375 1861.7950439453125 1860.0169677734375 1856.2679443359375 1851.0989990234375 1847.3499755859375 1842.8809814453125 1840.613037109375 1838.4940185546875 1836.4849853515625 1835.7459716796875 1834.5570068359375 1833.5679931640625 1831.52001953125 1829.02099609375 1827.3819580078125 1826.9129638671875 1826.9139404296875 1826.0460205078125 1823.5069580078125 1819.3079833984375 1812.698974609375 1807.5899658203125 1803.58203125 1798.9830322265625 1792.5340576171875 1783.10498046875 1772.7860107421875
1845.3349609375 1844.906982421875 1841.5279541015625 1839.6300048828125 1838.802001953125 1837.2039794921875 1839.60595703125 1844.7469482421875 1846.97900390625 1851.1309814453125 1855.512939453125 1859.60400390625 1862.2159423828125 1863.3480224609375 1863.0999755859375 1861.31103515625 1860.552978515625 1859.06494140625 1855.866943359375 1856.5379638671875 1857.75 1859.4119873046875 1856.154052734375 1852.344970703125 1848.8260498046875 1847.427001953125 1843.218017578125 1840.4599609375 1835.490966796875 1833.761962890625 1830.552978515625 1827.6839599609375 1825.31494140625 1823.656982421875 1821.0279541015625 1818.6390380859375 1816.97998046875 1815.051025390625 1815.3330078125 1813.134033203125 1812.864990234375 1811.35595703125 1807.427001953125 1802.7779541015625 1798.1099853515625 1794.6209716796875 1790.1719970703125 1784.883056640625 1776.823974609375 1767.196044921875
1835.10400390625 1837.8160400390625 1834.5980224609375 1833 1830.0810546875 1829.1529541015625 1830.5849609375 1835.5069580078125 1839.66796875 1843.260009765625 1846.052001953125 1850.6739501953125 1853.7559814453125 1854.43701171875 1853.47900390625 1853.9110107421875 1851.6219482421875 1851.803955078125 1849.2659912109375 1846.2679443359375 1846.27001953125 1850.281005859375 1850.873046875 1846.9339599609375 1843.615966796875 1840.7469482421875 1836.18798828125 1832.22900390625 1827.93994140625 1825.4219970703125 1822.9530029296875 1820.1739501953125 1818.0550537109375 1814.196044921875 1810.6280517578125 1807.9990234375 1805.5400390625 1804.220947265625 1803.9620361328125 1801.072998046875 1800.9749755859375 1800.0860595703125 1797.626953125 1794.66796875 1789.7889404296875 1785.23095703125 1780.572021484375 1774.363037109375 1767.85400390625 1760.85498046875
1823.7239990234375 1822.9560546875 1825.43798828125 1823.969970703125 1823.6309814453125 1824.60302734375 1825.114990234375 1826.5570068359375 1832.137939453125 1833.5999755859375 1836.1619873046875 1839.9739990234375 1844.8060302734375 1844.89697265625 1844.279052734375 1842.541015625 1843.572998046875 1840.85400390625 1842.0860595703125 1840.258056640625 1838.6099853515625 1839.1610107421875 1841.06298828125 1839.7039794921875 1837.135986328125 1834.626953125 1831.2679443359375 1825.8590087890625 1820.47998046875 1816.7320556640625 1812.9530029296875 1812.0340576171875 1808.635009765625 1807.89599609375 1804.7879638671875 1800.5589599609375 1798.8900146484375 1795.77099609375 1795.112060546875 1793.7030029296875 1792.2750244140625 1790.406005859375 1788.156982421875 1787.0880126953125 1782.5889892578125 1776.3409423828125 1770.9520263671875 1766.4630126953125 1761.833984375 1755.3349609375
1814.884033203125 1810.2060546875 1813.0679931640625 1815.22998046875 1816.5909423828125 1818.802978515625 1819.175048828125 1821.70703125 1822.22900390625 1825.1500244140625 1827.02197265625 1829.864013671875 1831.89599609375 1833.7769775390625 1832.9189453125 1832.8409423828125 1831.9329833984375 1831.573974609375 1832.1259765625 1833.5279541015625 1832.4599609375 1832.470947265625 1830.3929443359375 1829.2740478515625 1828.865966796875 1827.0870361328125 1824.0780029296875 1819.6689453125 1815.7099609375 1811.2120361328125 1806.6929931640625 1802.9940185546875 1800.5849609375 1796.5760498046875 1793.3079833984375 1791.5589599609375 1789.6500244140625 1785.6910400390625 1785.862060546875 1785.343017578125 1781.614990234375 1779.7860107421875 1778.89697265625 1777.0579833984375 1775.43896484375 1768.5009765625 1764.52197265625 1759.532958984375 1754.4139404296875 1749.1949462890625
1806.9940185546875 1800.93603515625 1801.91796875 1804.77001953125 1807.56201171875 1809.56298828125 1811.0849609375 1813.89697265625 1816.739013671875 1817.22998046875 1819.7220458984375 1819.9439697265625 1820.2960205078125 1820.886962890625 1821.9090576171875 1821.781005859375 1822.7530517578125 1824.4239501953125 1825.0860595703125 1825.8380126953125 1825.5799560546875 1824.6009521484375 1821.822998046875 1819.364013671875 1818.4560546875 1817.0670166015625 1816.177978515625 1813.3590087890625 1807.8699951171875 1801.4320068359375 1798.373046875 1797.39404296875 1795.7149658203125 1790.906005859375 1785.7779541015625 1782.989013671875 1779.9100341796875 1776.6910400390625 1775.802001953125 1774.822998046875 1773.344970703125 1770.4659423828125 1770.68701171875 1763.7779541015625 1764.0489501953125 1761.4410400390625 1758.9219970703125 1755.4830322265625 1751.2139892578125 1746.0450439453125
1799.1650390625 1794.135986328125 1790.197998046875 1795.989990234375 1797.741943359375 1799.4029541015625 1802.385009765625 1804.3270263671875 1809.489013671875 1810.02001953125 1811.4219970703125 1813.2540283203125 1813.2659912109375 1809.737060546875 1809.0989990234375 1809.1209716796875 1810.1829833984375 1813.4539794921875 1816.7860107421875 1821.218017578125 1820.81005859375 1818.9019775390625 1815.27294921875 1812.64501953125 1808.9759521484375 1808.5169677734375 1805.3079833984375 1803.009033203125 1800.81005859375 1797.6319580078125 1792.6429443359375 1789.7840576171875 1786.1949462890625 1783.18603515625 1780.8580322265625 1776.529052734375 1773.6500244140625 1770.1309814453125 1766.9620361328125 1764.282958984375 1762.844970703125 1760.135986328125 1758.0570068359375 1756.66796875 1754.458984375 1753.240966796875 1750.56201171875 1748.262939453125 1744.2840576171875 1740.7049560546875
