OMS_GEOET11/data/Meledrio/7/DEM_7.asc
ncols        324
nrows        417
xllcorner    637612.000000000000
yllcorner    5119918.000000000000
cellsize     30.000000000000
NODATA_value  -9999
[rows 308 to 329 of 417, columns 150 to 199 of 324]
1662.89404296875 1661.375 1648.8060302734375 1655.0269775390625 1649.8179931640625 1647.8890380859375 1646.8800048828125 1650.240966796875 1656.9820556640625 1661.7030029296875 1663.073974609375 1660.844970703125 1655.2459716796875 1652.876953125 1650.758056640625 1647.4990234375 1641.72998046875 1635.470947265625 1631.751953125 1625.02294921875 1609.4339599609375 1589.594970703125 1587.865966796875 1593.5870361328125 1608.2979736328125 1607.97900390625 1613.4599609375 1614.98095703125 1617.362060546875 1620.4329833984375 1625.9840087890625 1625.864990234375 1631.196044921875 1627.876953125 1630.2779541015625 1636.5889892578125 1646.030029296875 1653.1309814453125 1652.531982421875 1656.9530029296875 1666.5140380859375 1680.14501953125 1687.906005859375 1693.2869873046875 1701.2979736328125 1708.8690185546875 1717.260009765625 1722.740966796875 1727.9520263671875 1733.27294921875
1664.7039794921875 1650.405029296875 1658.3260498046875 1653.906982421875 1652.1080322265625 1649.2889404296875 1647.989990234375 1652.7010498046875 1659.781982421875 1662.383056640625 1663.5240478515625 1659.5450439453125 1653.9560546875 1653.6669921875 1652.2879638671875 1649.4189453125 1644.81005859375 1639.4310302734375 1635.862060546875 1631.4530029296875 1615.843994140625 1597.2249755859375 1587.885986328125 1590.487060546875 1611.748046875 1613.2989501953125 1612.68994140625 1615.6510009765625 1617.8719482421875 1622.6729736328125 1627.583984375 1631.9749755859375 1635.60595703125 1637.3470458984375 1636.89794921875 1645.1590576171875 1659.3299560546875 1671.8609619140625 1671.822021484375 1664.4429931640625 1665.9840087890625 1670.60498046875 1675.7659912109375 1682.9169921875 1689.758056640625 1702.1290283203125 1710.8199462890625 1714.31103515625 1722.1820068359375 1728.8330078125
1654.2840576171875 1664.0550537109375 1659.7359619140625 1658.237060546875 1653.907958984375 1650.9990234375 1649.8900146484375 1656.1009521484375 1661.751953125 1662.4730224609375 1663.803955078125 1658.0350341796875 1654.1259765625 1655.9969482421875 1654.947998046875 1651.0589599609375 1647.0799560546875 1642.0909423828125 1637.6820068359375 1633.633056640625 1621.333984375 1602.7750244140625 1594.5560302734375 1589.876953125 1609.968017578125 1615.0789794921875 1615.1400146484375 1617.4210205078125 1618.9620361328125 1624.282958984375 1630.2740478515625 1633.8349609375 1638.0760498046875 1644.2869873046875 1645.0780029296875 1655.5389404296875 1667.5799560546875 1677.6910400390625 1678.552001953125 1677.4029541015625 1681.114013671875 1684.2349853515625 1682.416015625 1688.2960205078125 1696.217041015625 1698.177978515625 1706.5799560546875 1714.25 1716.1910400390625 1724.1519775390625
1665.823974609375 1663.0350341796875 1661.2960205078125 1659.386962890625 1657.407958984375 1652.948974609375 1652.489990234375 1659.4210205078125 1661.7919921875 1663.04296875 1661.7740478515625 1657.175048828125 1656.406005859375 1657.0970458984375 1655.5579833984375 1651.239013671875 1647.4200439453125 1643.821044921875 1638.6719970703125 1633.1829833984375 1622.1240234375 1607.4549560546875 1592.5760498046875 1596.626953125 1607.5179443359375 1615.3489990234375 1616.6099853515625 1619.2110595703125 1621.2020263671875 1625.8929443359375 1631.06396484375 1634.9749755859375 1640.4659423828125 1642.697021484375 1648.887939453125 1660.3089599609375 1671.719970703125 1677.56005859375 1680.6109619140625 1680.011962890625 1682.0030517578125 1689.1939697265625 1693.614990234375 1699.3759765625 1706.18701171875 1710.738037109375 1717.9189453125 1721.47998046875 1724.4010009765625 1729.2320556640625
1667.06396484375 1664.7149658203125 1663.5560302734375 1660.3170166015625 1657.2879638671875 1655.458984375 1655.989990234375 1660.1910400390625 1660.3819580078125 1661.52294921875 1657.9239501953125 1658.135009765625 1658.0460205078125 1655.95703125 1652.8179931640625 1649.0789794921875 1646.1600341796875 1642.470947265625 1638.4219970703125 1630.3929443359375 1617.134033203125 1603.64501953125 1596.656005859375 1595.7869873046875 1601.3179931640625 1616.428955078125 1618.1800537109375 1620.52099609375 1624.10205078125 1626.373046875 1633.154052734375 1635.833984375 1642.135009765625 1647.166015625 1656.6070556640625 1662.927978515625 1671.0489501953125 1676.469970703125 1681.6409912109375 1683.552001953125 1684.782958984375 1688.1739501953125 1697.425048828125 1706.926025390625 1714.7869873046875 1719.968017578125 1725.1290283203125 1728.300048828125 1732.3509521484375 1735.9620361328125
1667.31396484375 1666.0550537109375 1662.7860107421875 1659.39697265625 1656.2679443359375 1656.958984375 1658.7900390625 1659.9110107421875 1659.85205078125 1658.613037109375 1656.2840576171875 1657.89501953125 1657.2159423828125 1655.876953125 1649.39794921875 1644.198974609375 1641.530029296875 1638.4210205078125 1639.241943359375 1626.9630126953125 1613.154052734375 1599.9949951171875 1612.3260498046875 1597.737060546875 1600.5980224609375 1610.0489501953125 1615.9599609375 1621.1300048828125 1626.31103515625 1631.251953125 1632.1429443359375 1636.2440185546875 1646.135009765625 1651.095947265625 1655.616943359375 1663.637939453125 1671.2889404296875 1679.8499755859375 1686.9110107421875 1688.011962890625 1689.7430419921875 1694.4840087890625 1698.06494140625 1703.7960205078125 1711.72705078125 1723.3480224609375 1730.8890380859375 1735.969970703125 1739.571044921875 1744.83203125
1667.134033203125 1665.574951171875 1661.5460205078125 1657.8470458984375 1656.697998046875 1656.72900390625 1657.3699951171875 1658.3310546875 1657.001953125 1655.60302734375 1656.06396484375 1656.9849853515625 1655.5059814453125 1651.7969970703125 1645.2879638671875 1639.9090576171875 1636.1099853515625 1636.571044921875 1635.501953125 1624.0830078125 1610.053955078125 1615.7950439453125 1606.9959716796875 1600.3160400390625 1609.0770263671875 1609.3079833984375 1611.8389892578125 1616.4000244140625 1621.5810546875 1626.9720458984375 1630.383056640625 1636.2340087890625 1648.0350341796875 1655.35595703125 1662.5069580078125 1669.0679931640625 1679.9990234375 1690.1700439453125 1694.720947265625 1698.1319580078125 1701.593017578125 1704.7939453125 1707.1650390625 1711.4959716796875 1714.7669677734375 1722.22802734375 1733.4990234375 1743.81005859375 1751.240966796875 1754.362060546875
1665.2239990234375 1663.175048828125 1659.2259521484375 1655.72705078125 1656.3380126953125 1655.66796875 1656.4000244140625 1656.8809814453125 1655.7919921875 1652.8330078125 1655.85400390625 1656.0849609375 1652.9759521484375 1645.70703125 1640.7979736328125 1636.0489501953125 1634.1300048828125 1634.720947265625 1631.302001953125 1621.4029541015625 1610.053955078125 1615.593994140625 1603.6650390625 1606.906005859375 1614.116943359375 1614.008056640625 1618.0389404296875 1623.010009765625 1628.490966796875 1633.9019775390625 1638.4930419921875 1639.64404296875 1645.1650390625 1649.5660400390625 1665.0269775390625 1676.748046875 1684.718994140625 1695.77001953125 1699.4210205078125 1705.862060546875 1710.7530517578125 1712.2440185546875 1717.2650146484375 1721.6259765625 1723.427001953125 1733.5679931640625 1739.458984375 1751.6400146484375 1761.990966796875 1770.1519775390625
1661.60400390625 1658.824951171875 1656.10595703125 1655.406982421875 1655.697998046875 1655.66796875 1656.9100341796875 1656.2010498046875 1652.2120361328125 1653.2430419921875 1655.2540283203125 1653.5050048828125 1646.9959716796875 1639.2869873046875 1635.238037109375 1632.1090087890625 1631.6099853515625 1629.4110107421875 1625.041015625 1612.4420166015625 1619.1829833984375 1614.384033203125 1603.6650390625 1607.60595703125 1614.136962890625 1617.498046875 1621.9090576171875 1629.4200439453125 1634.56103515625 1640.531982421875 1649.133056640625 1656.7840576171875 1660.425048828125 1658.8759765625 1659.2569580078125 1672.3280029296875 1686.0489501953125 1699.6099853515625 1706.5009765625 1714.1219482421875 1719.6529541015625 1724.7540283203125 1730.864990234375 1735.4859619140625 1735.64697265625 1738.968017578125 1749.0489501953125 1759.4599609375 1771.43994140625 1788.77099609375
1658.884033203125 1656.64501953125 1655.2359619140625 1654.8570556640625 1655.66796875 1656.4090576171875 1657.8499755859375 1655.051025390625 1652.2120361328125 1653.373046875 1653.7840576171875 1648.39501953125 1638.8759765625 1633.7869873046875 1629.5679931640625 1628.8189697265625 1628.928955078125 1627.02001953125 1617.56103515625 1621.781982421875 1618.8330078125 1606.14404296875 1607.93505859375 1613.64599609375 1618.22705078125 1621.637939453125 1628.708984375 1633.989990234375 1640.7110595703125 1648.10205078125 1655.56298828125 1661.7239990234375 1669.5250244140625 1675.7760009765625 1672.5169677734375 1675.177978515625 1678.0789794921875 1691.3299560546875 1711.490966796875 1718.6419677734375 1727.02294921875 1733.843994140625 1739.7640380859375 1745.2850341796875 1747.9759521484375 1750.677001953125 1756.0579833984375 1764.208984375 1772.800048828125 1776.051025390625
1656.2640380859375 1655.4150390625 1655.2459716796875 1654.6070556640625 1654.637939453125 1657.1190185546875 1656.4599609375 1653.8909912109375 1652.2120361328125 1653.52294921875 1650.9139404296875 1642.2149658203125 1634.385986328125 1627.95703125 1626.5369873046875 1626.208984375 1626.208984375 1621.43994140625 1624.31103515625 1623.77197265625 1612.77294921875 1609.2740478515625 1612.18505859375 1617.5159912109375 1620.22705078125 1626.0279541015625 1632.1689453125 1641.8800048828125 1648.1309814453125 1654.7919921875 1661.1529541015625 1666.333984375 1675.5050048828125 1683.4659423828125 1690.0970458984375 1694.8580322265625 1693.739013671875 1688.52001953125 1704.291015625 1720.98095703125 1729.9820556640625 1736.593017578125 1744.904052734375 1750.2249755859375 1751.365966796875 1751.876953125 1757.238037109375 1766.0489501953125 1774.6600341796875 1779.260986328125
1655.5340576171875 1654.5450439453125 1654.365966796875 1654.4969482421875 1656.3179931640625 1657.5589599609375 1655.4000244140625 1653.6209716796875 1652.7220458984375 1651.133056640625 1644.06396484375 1636.5050048828125 1631.2349853515625 1626.9959716796875 1627.3370361328125 1628.2679443359375 1629.708984375 1628.9000244140625 1627.970947265625 1619.77197265625 1612.9730224609375 1616.083984375 1618.3050537109375 1619.676025390625 1624.47705078125 1630.1180419921875 1639.8990478515625 1650 1655.4210205078125 1659.06201171875 1664.0830078125 1671.7640380859375 1679.35498046875 1685.135986328125 1696.3370361328125 1705.758056640625 1712.8280029296875 1706.1290283203125 1700.1800537109375 1716.3310546875 1733.7220458984375 1743.2530517578125 1748.2840576171875 1750.094970703125 1752.885986328125 1754.5269775390625 1760.47802734375 1767.7889404296875 1774.5999755859375 1784.4210205078125
1657.4139404296875 1655.2850341796875 1654.2860107421875 1654.2860107421875 1657.177978515625 1656.4090576171875 1654.3399658203125 1653.1910400390625 1650.991943359375 1645.302978515625 1638.4940185546875 1635.364013671875 1632.7650146484375 1631.6259765625 1630.7669677734375 1631.0980224609375 1634.18896484375 1631.699951171875 1627.8709716796875 1616.251953125 1617.52294921875 1621.7840576171875 1621.5250244140625 1623.385986328125 1626.406982421875 1634.8780517578125 1647.1689453125 1653.739990234375 1659.6810302734375 1666.6820068359375 1669.1429443359375 1674.5439453125 1680.4449462890625 1691.2049560546875 1701.7359619140625 1707.717041015625 1720.2879638671875 1724.2490234375 1717.8699951171875 1712.510986328125 1725.4720458984375 1742.1729736328125 1746.2640380859375 1750.4749755859375 1752.696044921875 1757.8170166015625 1762.5780029296875 1768.489013671875 1775.550048828125 1784.4210205078125
1658.0140380859375 1655.155029296875 1654.2860107421875 1655.4969482421875 1655.758056640625 1654.5489501953125 1653.0400390625 1650.27099609375 1643.991943359375 1638.77294921875 1635.863037109375 1633.31396484375 1631.6259765625 1634.845947265625 1635.70703125 1637.197998046875 1638.0789794921875 1633.0799560546875 1623.6009521484375 1618.02197265625 1622.81298828125 1623.614013671875 1627.7149658203125 1628.426025390625 1631.616943359375 1640.8280029296875 1651.1090087890625 1657.97998046875 1665.2509765625 1669.001953125 1674.0830078125 1678.552978515625 1688.7239990234375 1695.31494140625 1706.7459716796875 1718.3170166015625 1721.14794921875 1728.93896484375 1733.699951171875 1732.510986328125 1727.2120361328125 1737.1629638671875 1745.1739501953125 1750.0050048828125 1756.5059814453125 1761.7869873046875 1766.407958984375 1770.3990478515625 1776.010009765625 1782.9010009765625
1658.1939697265625 1654.635009765625 1654.2860107421875 1654.7669677734375 1654.22802734375 1652.6490478515625 1649.52001953125 1644.760986328125 1638.991943359375 1636.1219482421875 1634.1729736328125 1631.6259765625 1635.2249755859375 1637.8360595703125 1639.4169921875 1641.41796875 1643.4090576171875 1634.6800537109375 1629.0009765625 1620.1219482421875 1622.782958984375 1629.823974609375 1633.4949951171875 1636.4659423828125 1637.7569580078125 1643.5579833984375 1652.4990234375 1660.43994140625 1669.6610107421875 1675.6009521484375 1675.52197265625 1684.512939453125 1691.333984375 1697.2349853515625 1708.60595703125 1718.97705078125 1729.238037109375 1734.68896484375 1736.81005859375 1738.27099609375 1739.7220458984375 1741.4730224609375 1742.31396484375 1748.155029296875 1759.0460205078125 1765.5570068359375 1771.3380126953125 1775.18896484375 1778.6700439453125 1781.010009765625
1656.56396484375 1654.5050048828125 1654.2860107421875 1654.9169921875 1654.447998046875 1651.529052734375 1647.3499755859375 1642.8909912109375 1637.6910400390625 1635.33203125 1632.6829833984375 1632.9439697265625 1637.885009765625 1640.676025390625 1642.5670166015625 1646.927978515625 1645.3990478515625 1637.3900146484375 1628.8909912109375 1621.1419677734375 1630.31298828125 1633.5040283203125 1639.06494140625 1642.4560546875 1642.2669677734375 1646.407958984375 1655.3489990234375 1663.22900390625 1671.3399658203125 1679.6510009765625 1685.6219482421875 1686.9229736328125 1699.303955078125 1702.10498046875 1714.7060546875 1725.2769775390625 1735.1280517578125 1739.6390380859375 1743.2099609375 1745.7110595703125 1747.35205078125 1748.4730224609375 1751.6739501953125 1753.3050537109375 1755.166015625 1767.6259765625 1774.6070556640625 1778.748046875 1781.6590576171875 1785.3900146484375
1655.1240234375 1653.7149658203125 1654.68603515625 1655.68701171875 1654.39794921875 1651.678955078125 1647.9000244140625 1641.780029296875 1637.240966796875 1634.1820068359375 1633.5030517578125 1635.2340087890625 1639.7550048828125 1642.176025390625 1645.5269775390625 1648.758056640625 1648.47900390625 1642.5 1628.5009765625 1626.83203125 1634.512939453125 1636.343994140625 1645.2950439453125 1644.5460205078125 1645.8570556640625 1650.5069580078125 1657.43798828125 1667.989013671875 1677.6099853515625 1684.31103515625 1690.5419921875 1698.7230224609375 1702.884033203125 1709.5849609375 1719.68603515625 1731.14697265625 1742.0880126953125 1747.3489990234375 1750.5899658203125 1751.6409912109375 1753.741943359375 1758.262939453125 1762.29296875 1762.2840576171875 1763.364990234375 1761.426025390625 1776.89697265625 1786.197998046875 1791.5589599609375 1795.550048828125
1653.7039794921875 1653.0550537109375 1654.7659912109375 1653.8270263671875 1652.22802734375 1649.6190185546875 1646.1290283203125 1638.719970703125 1636.3409423828125 1635.9219970703125 1633.52294921875 1638.2740478515625 1642.574951171875 1645.0360107421875 1649.7769775390625 1650.0980224609375 1651.468994140625 1647.6600341796875 1630.6810302734375 1635.9019775390625 1639.762939453125 1636.5240478515625 1648.18505859375 1650.2149658203125 1649.1259765625 1654.116943359375 1660.697998046875 1670.4189453125 1678.219970703125 1687.470947265625 1694.4520263671875 1701.373046875 1708.303955078125 1717.375 1726.345947265625 1736.4169921875 1743.697998046875 1752.489013671875 1757.469970703125 1761.2110595703125 1764.3909912109375 1766.9820556640625 1771.06298828125 1772.384033203125 1773.8349609375 1776.8759765625 1772.3170166015625 1785.89794921875 1797.718994140625 1800.2099609375
1651.6739501953125 1652.4449462890625 1650.7459716796875 1649.97705078125 1648.3680419921875 1645.68896484375 1642.18896484375 1637.5899658203125 1637.3809814453125 1637.81201171875 1636.802978515625 1642.073974609375 1646.574951171875 1651.7159423828125 1653.0169677734375 1653.387939453125 1652.8389892578125 1646.7099609375 1633.010986328125 1633.7120361328125 1643.2530517578125 1642.2239990234375 1643.4139404296875 1652.7850341796875 1657.8260498046875 1661.0770263671875 1664.8280029296875 1671.5989990234375 1681.1099853515625 1691.4310302734375 1701.1219482421875 1708.1929931640625 1717.053955078125 1720.574951171875 1727.635986328125 1738.906982421875 1748.927978515625 1756.428955078125 1762.428955078125 1768.2099609375 1774.31103515625 1779.02197265625 1783.4630126953125 1782.7239990234375 1785.5450439453125 1788.595947265625 1784.3270263671875 1780.3680419921875 1785.3890380859375 1789.5999755859375
1649.9940185546875 1651.0250244140625 1648.7559814453125 1646.93701171875 1644.008056640625 1640.0880126953125 1638.6689453125 1638.8900146484375 1640.3609619140625 1639.4620361328125 1642.4930419921875 1648.404052734375 1653.39501953125 1658.916015625 1655.93701171875 1657.488037109375 1654.509033203125 1645.9300537109375 1637.1409912109375 1633.010986328125 1646.363037109375 1646.9429931640625 1647.823974609375 1651.614990234375 1663.3060302734375 1670.2869873046875 1670.6280517578125 1674.5389404296875 1685.050048828125 1694.4010009765625 1705.35205078125 1713.1729736328125 1722.614013671875 1730.3050537109375 1733.8360595703125 1741.0269775390625 1750.906982421875 1759.22802734375 1768.01904296875 1774.1199951171875 1780.98095703125 1789.261962890625 1792.7130126953125 1795.593994140625 1797.675048828125 1797.4759521484375 1797.70703125 1796.47802734375 1796.958984375 1797.9300537109375
1648.9840087890625 1648.155029296875 1644.68603515625 1642.0069580078125 1640.5069580078125 1639.41796875 1639.009033203125 1640.760009765625 1642.801025390625 1644.8819580078125 1650.512939453125 1655.1739501953125 1662.375 1664.2659912109375 1661.2469482421875 1660.8780517578125 1654.6689453125 1647.5799560546875 1639.3709716796875 1635.1910400390625 1650.2220458984375 1653.54296875 1657.2939453125 1666.2950439453125 1666.345947265625 1677.8570556640625 1673.677978515625 1675.6490478515625 1684.5699462890625 1693.3909912109375 1706.83203125 1717.4630126953125 1727.4339599609375 1735.385009765625 1740.344970703125 1746.0360107421875 1755.72705078125 1762.248046875 1771.198974609375 1780.27001953125 1787.3909912109375 1794.741943359375 1797.4930419921875 1802.5240478515625 1810.175048828125 1810.7960205078125 1810.217041015625 1805.968017578125 1802.529052734375 1801.1190185546875
1648.9840087890625 1645.2249755859375 1642.7060546875 1640.43701171875 1640.0369873046875 1639.5379638671875 1639.428955078125 1643.0899658203125 1648.541015625 1654.1519775390625 1659.54296875 1667.114013671875 1672.344970703125 1669.18603515625 1665.70703125 1662.927978515625 1654.6590576171875 1643.4599609375 1638.780029296875 1643.73095703125 1652.6219482421875 1660.133056640625 1666.134033203125 1672.135009765625 1680.1259765625 1674.7569580078125 1678.18798828125 1679.6689453125 1683.25 1691.8909912109375 1705.85205078125 1720.4730224609375 1730.29296875 1740.593994140625 1746.4150390625 1751.43603515625 1759.64697265625 1767.637939453125 1775.968994140625 1782.5 1789.1510009765625 1795.302001953125 1800.54296875 1807.4139404296875 1815.925048828125 1824.0460205078125 1823.1070556640625 1816.7869873046875 1814.387939453125 1808.198974609375
