OMS_GEOET11/data/Meledrio/7/skyview_7.asc
ncols        324
nrows        417
xllcorner    637612.000000000000
yllcorner    5119918.000000000000
cellsize     30.000000000000
NODATA_value  -9999
[rows 100 to 119 of 417, columns 264 to 307 of 324]
0.88839119672775268555 0.89174574613571166992 0.87918466329574584961 0.79988682270050048828 0.81338298320770263672 0.78090596199035644531 0.82431656122207641602 0.85218614339828491211 0.85276496410369873047 0.83881473541259765625 0.82981210947036743164 0.83016073703765869141 0.84033817052841186523 0.83760821819305419922 0.80793839693069458008 0.80017507076263427734 0.80352246761322021484 0.81440550088882446289 0.8277384638786315918 0.82092320919036865234 0.81385195255279541016 0.82517874240875244141 0.84105825424194335938 0.8367220759391784668 0.81125843524932861328 0.79007345438003540039 0.77847206592559814453 0.74373233318328857422 0.76760572195053100586 0.72704523801803588867 0.74154543876647949219 0.74860781431198120117 0.64421761035919189453 0.65884786844253540039 0.67293834686279296875 0.71155560016632080078 0.66925299167633056641 0.68927919864654541016 0.6446412205696105957 0.65827786922454833984 0.64844393730163574219 0.60673224925994873047 0.64766544103622436523 0.67316836118698120117
0.89035797119140625 0.89115220308303833008 0.88292711973190307617 0.81864947080612182617 0.8198286890983581543 0.77813303470611572266 0.83930915594100952148 0.85753041505813598633 0.85955971479415893555 0.84165990352630615234 0.84399658441543579102 0.85688322782516479492 0.85745912790298461914 0.84914618730545043945 0.82847690582275390625 0.8088328242301940918 0.81386202573776245117 0.80778038501739501953 0.81931310892105102539 0.82683467864990234375 0.84655809402465820312 0.84283250570297241211 0.83804529905319213867 0.84557139873504638672 0.84382158517837524414 0.82952421903610229492 0.81398469209671020508 0.77993428707122802734 0.76986831426620483398 0.77888047695159912109 0.77704399824142456055 0.76761531829833984375 0.73753851652145385742 0.67065769433975219727 0.73917126655578613281 0.7385425567626953125 0.72725391387939453125 0.73731237649917602539 0.70702397823333740234 0.67062449455261230469 0.66544651985168457031 0.65323805809020996094 0.64131373167037963867 0.65438032150268554688
0.89047867059707641602 0.89174836874008178711 0.88257491588592529297 0.81105190515518188477 0.82197195291519165039 0.81955045461654663086 0.84389454126358032227 0.86008435487747192383 0.86462610960006713867 0.86620759963989257812 0.86742049455642700195 0.86402118206024169922 0.85925114154815673828 0.84951752424240112305 0.84242355823516845703 0.85414326190948486328 0.84698998928070068359 0.83344370126724243164 0.81821340322494506836 0.82919913530349731445 0.82418847084045410156 0.84941506385803222656 0.84859186410903930664 0.85028535127639770508 0.84792512655258178711 0.84154736995697021484 0.83914273977279663086 0.83247256278991699219 0.81037569046020507812 0.80576676130294799805 0.81450957059860229492 0.81309211254119873047 0.79456180334091186523 0.76425027847290039062 0.72886621952056884766 0.76629304885864257812 0.75422066450119018555 0.76261800527572631836 0.75858473777770996094 0.72385162115097045898 0.68742394447326660156 0.67257481813430786133 0.65915441513061523438 0.67613351345062255859
0.88765120506286621094 0.89139384031295776367 0.88278299570083618164 0.80917245149612426758 0.81668853759765625 0.83616048097610473633 0.83200019598007202148 0.85762649774551391602 0.86526054143905639648 0.86623227596282958984 0.86434799432754516602 0.85381674766540527344 0.84667241573333740234 0.83886241912841796875 0.82437318563461303711 0.86466950178146362305 0.86037695407867431641 0.85996407270431518555 0.8577238917350769043 0.85284852981567382812 0.85186344385147094727 0.8505566716194152832 0.8406174778938293457 0.84329062700271606445 0.84151619672775268555 0.83864915370941162109 0.84171622991561889648 0.83581560850143432617 0.8345788121223449707 0.82943427562713623047 0.82365888357162475586 0.8177534937858581543 0.81355392932891845703 0.80891883373260498047 0.78634202480316162109 0.7605559229850769043 0.74962383508682250977 0.73803722858428955078 0.73871481418609619141 0.74607336521148681641 0.74250632524490356445 0.7226021885871887207 0.68376410007476806641 0.62956279516220092773
0.88397270441055297852 0.89045405387878417969 0.88679796457290649414 0.81573271751403808594 0.81727957725524902344 0.83646064996719360352 0.82842767238616943359 0.85716086626052856445 0.86353456974029541016 0.86197733879089355469 0.85585904121398925781 0.8415374755859375 0.82689237594604492188 0.80503606796264648438 0.81317478418350219727 0.86467665433883666992 0.86071580648422241211 0.86045563220977783203 0.85923498868942260742 0.85741037130355834961 0.85369086265563964844 0.84982830286026000977 0.84818607568740844727 0.85031372308731079102 0.84720146656036376953 0.8392887115478515625 0.83413451910018920898 0.82304239273071289062 0.82900881767272949219 0.82950150966644287109 0.82292884588241577148 0.8158327937126159668 0.80610436201095581055 0.79682374000549316406 0.78231638669967651367 0.76252222061157226562 0.72201973199844360352 0.7508322596549987793 0.72524511814117431641 0.71296143531799316406 0.69597029685974121094 0.70430970191955566406 0.77723944187164306641 0.63581806421279907227
0.89056003093719482422 0.88870078325271606445 0.88850682973861694336 0.83234208822250366211 0.80916291475296020508 0.83140677213668823242 0.83034312725067138672 0.85140341520309448242 0.86128312349319458008 0.86023759841918945312 0.85572719573974609375 0.84841012954711914062 0.82413923740386962891 0.7739855647087097168 0.79882788658142089844 0.85716599225997924805 0.86142915487289428711 0.86044180393218994141 0.85619300603866577148 0.85340130329132080078 0.85283660888671875 0.85055524110794067383 0.84833955764770507812 0.84838342666625976562 0.8435338139533996582 0.837055206298828125 0.83730947971343994141 0.83561813831329345703 0.83343660831451416016 0.81992864608764648438 0.80471277236938476562 0.8026097416877746582 0.79658865928649902344 0.78051280975341796875 0.76986354589462280273 0.76516103744506835938 0.76723313331604003906 0.73442113399505615234 0.71802961826324462891 0.65571349859237670898 0.62595862150192260742 0.68895941972732543945 0.79686379432678222656 0.68581181764602661133
0.89255607128143310547 0.88974320888519287109 0.88927346467971801758 0.8499577641487121582 0.81388592720031738281 0.82943123579025268555 0.84554779529571533203 0.82952988147735595703 0.85713773965835571289 0.8571071624755859375 0.85845828056335449219 0.85348105430603027344 0.83782058954238891602 0.81233155727386474609 0.78694939613342285156 0.81390702724456787109 0.82831537723541259766 0.83778101205825805664 0.84653204679489135742 0.84993147850036621094 0.85150235891342163086 0.85043627023696899414 0.85251456499099731445 0.85046976804733276367 0.8490200042724609375 0.84508210420608520508 0.84478294849395751953 0.8425617218017578125 0.83807915449142456055 0.8319314122200012207 0.8260135650634765625 0.81333374977111816406 0.7968597412109375 0.77834939956665039062 0.78334432840347290039 0.79652047157287597656 0.79435646533966064453 0.75449132919311523438 0.71031069755554199219 0.71330016851425170898 0.72442126274108886719 0.74355781078338623047 0.64852011203765869141 0.76765614748001098633
0.88720148801803588867 0.88949412107467651367 0.88903564214706420898 0.86418247222900390625 0.80893605947494506836 0.81339341402053833008 0.83619934320449829102 0.826480865478515625 0.84878057241439819336 0.85554426908493041992 0.85673660039901733398 0.85376751422882080078 0.8464819788932800293 0.83058875799179077148 0.80035817623138427734 0.81378841400146484375 0.80294531583786010742 0.7955169677734375 0.81040227413177490234 0.82854306697845458984 0.83558291196823120117 0.83852076530456542969 0.83667433261871337891 0.83483201265335083008 0.82880485057830810547 0.8278961181640625 0.83258515596389770508 0.8362801671028137207 0.83445578813552856445 0.8313147425651550293 0.82238084077835083008 0.80590277910232543945 0.76841026544570922852 0.77659767866134643555 0.78913384675979614258 0.76696979999542236328 0.78032356500625610352 0.82943958044052124023 0.75677317380905151367 0.71431618928909301758 0.77327340841293334961 0.83112502098083496094 0.80299681425094604492 0.71855723857879638672
0.88468462228775024414 0.88724428415298461914 0.88861638307571411133 0.87825673818588256836 0.82115781307220458984 0.81485456228256225586 0.8291403651237487793 0.8270123600959777832 0.85017430782318115234 0.85280966758728027344 0.85495424270629882812 0.85302191972732543945 0.84998297691345214844 0.83819955587387084961 0.82057607173919677734 0.82525038719177246094 0.81240904331207275391 0.79836440086364746094 0.81005072593688964844 0.82216316461563110352 0.82238465547561645508 0.81538611650466918945 0.80371570587158203125 0.80781799554824829102 0.80410516262054443359 0.79456079006195068359 0.82690829038619995117 0.83029538393020629883 0.8290398716926574707 0.82557302713394165039 0.81712132692337036133 0.79773187637329101562 0.80814850330352783203 0.81784552335739135742 0.79636424779891967773 0.78232276439666748047 0.76396101713180541992 0.76919323205947875977 0.78593909740447998047 0.78505790233612060547 0.79973715543746948242 0.85285729169845581055 0.88113969564437866211 0.81862974166870117188
0.87559616565704345703 0.87913334369659423828 0.88749176263809204102 0.88583511114120483398 0.83445936441421508789 0.79504376649856567383 0.81717115640640258789 0.83707147836685180664 0.84058904647827148438 0.84440094232559204102 0.84988611936569213867 0.85228711366653442383 0.84935891628265380859 0.84632992744445800781 0.83794373273849487305 0.83167171478271484375 0.82589250802993774414 0.8156935572624206543 0.82292723655700683594 0.82735270261764526367 0.81651949882507324219 0.81091952323913574219 0.78591787815093994141 0.81980085372924804688 0.8271948695182800293 0.83154338598251342773 0.83225399255752563477 0.83195120096206665039 0.83019202947616577148 0.82152527570724487305 0.79876512289047241211 0.75739818811416625977 0.80257469415664672852 0.8246123194694519043 0.82108640670776367188 0.79972869157791137695 0.78368878364562988281 0.75308167934417724609 0.76920211315155029297 0.75856864452362060547 0.80559813976287841797 0.87111186981201171875 0.90681922435760498047 0.89194709062576293945
0.87589830160140991211 0.87816447019577026367 0.88295423984527587891 0.88647282123565673828 0.85571646690368652344 0.79373562335968017578 0.8094940185546875 0.8270333409309387207 0.83733028173446655273 0.84067547321319580078 0.8439744114875793457 0.84695410728454589844 0.84977853298187255859 0.84579372406005859375 0.8405755162239074707 0.83871018886566162109 0.83369016647338867188 0.83062893152236938477 0.8268451690673828125 0.82029414176940917969 0.81923109292984008789 0.8285605311393737793 0.83314383029937744141 0.83592677116394042969 0.83489221334457397461 0.8248742222785949707 0.82200342416763305664 0.81931120157241821289 0.81139773130416870117 0.79440480470657348633 0.75647616386413574219 0.77421277761459350586 0.8043301701545715332 0.80807530879974365234 0.82127356529235839844 0.82130414247512817383 0.81997740268707275391 0.80863946676254272461 0.77531731128692626953 0.74854505062103271484 0.80037271976470947266 0.90417754650115966797 0.89893442392349243164 0.87692928314208984375
0.87761348485946655273 0.87876582145690917969 0.88105553388595581055 0.88597822189331054688 0.88109821081161499023 0.81809127330780029297 0.79613244533538818359 0.81544351577758789062 0.82495135068893432617 0.83748912811279296875 0.84185117483139038086 0.84078466892242431641 0.84404212236404418945 0.84386515617370605469 0.83929580450057983398 0.83820569515228271484 0.83055108785629272461 0.8285617828369140625 0.82811969518661499023 0.83183956146240234375 0.83150953054428100586 0.83066713809967041016 0.8172607421875 0.82068437337875366211 0.82225984334945678711 0.8145815730094909668 0.815341949462890625 0.81752616167068481445 0.80803740024566650391 0.79164773225784301758 0.72876083850860595703 0.72460061311721801758 0.7932160496711730957 0.79767268896102905273 0.80750131607055664062 0.80707061290740966797 0.80319243669509887695 0.76626312732696533203 0.73287975788116455078 0.73051905632019042969 0.81085729598999023438 0.86846780776977539062 0.83799052238464355469 0.83852231502532958984
0.87989503145217895508 0.88140523433685302734 0.88193237781524658203 0.8826243281364440918 0.88424599170684814453 0.85587906837463378906 0.8080565333366394043 0.81336313486099243164 0.8194376826286315918 0.82848948240280151367 0.83490699529647827148 0.83309519290924072266 0.83541101217269897461 0.83940601348876953125 0.83918642997741699219 0.83933961391448974609 0.83343344926834106445 0.83224332332611083984 0.82458281517028808594 0.82743847370147705078 0.81667840480804443359 0.82435113191604614258 0.82577031850814819336 0.82191735506057739258 0.81911271810531616211 0.82045334577560424805 0.82123929262161254883 0.81469929218292236328 0.80483341217041015625 0.79514384269714355469 0.73557269573211669922 0.75238388776779174805 0.7770175933837890625 0.77933645248413085938 0.78701031208038330078 0.77564334869384765625 0.77970063686370849609 0.75012290477752685547 0.71030747890472412109 0.71688473224639892578 0.80140548944473266602 0.81816726922988891602 0.80319845676422119141 0.8343703150749206543
0.8804581761360168457 0.88060277700424194336 0.8808720707893371582 0.88225585222244262695 0.88257575035095214844 0.87699609994888305664 0.83215695619583129883 0.80552524328231811523 0.81287837028503417969 0.82319235801696777344 0.82566851377487182617 0.83131003379821777344 0.8393497467041015625 0.83234828710556030273 0.83577036857604980469 0.83738166093826293945 0.83426517248153686523 0.83187520503997802734 0.82792496681213378906 0.82572197914123535156 0.82046085596084594727 0.82001632452011108398 0.8189442753791809082 0.82307094335556030273 0.82353359460830688477 0.81674820184707641602 0.81178784370422363281 0.81210565567016601562 0.80563783645629882812 0.79148453474044799805 0.77459824085235595703 0.67926400899887084961 0.75801485776901245117 0.76003468036651611328 0.77067536115646362305 0.77018225193023681641 0.75998044013977050781 0.74771213531494140625 0.71724653244018554688 0.65208506584167480469 0.77867335081100463867 0.80152058601379394531 0.78030389547348022461 0.81627261638641357422
0.87939697504043579102 0.88046687841415405273 0.87721955776214599609 0.87979501485824584961 0.88022112846374511719 0.87946587800979614258 0.85843610763549804688 0.80745792388916015625 0.80664265155792236328 0.81803852319717407227 0.82433855533599853516 0.83396989107131958008 0.83597999811172485352 0.82811540365219116211 0.82704150676727294922 0.83116388320922851562 0.83109486103057861328 0.83060616254806518555 0.82881653308868408203 0.83019673824310302734 0.8274542689323425293 0.82417541742324829102 0.82108819484710693359 0.82052034139633178711 0.8205731511116027832 0.81799662113189697266 0.81710326671600341797 0.81348514556884765625 0.80861002206802368164 0.80054062604904174805 0.78603631258010864258 0.76689046621322631836 0.72899514436721801758 0.74920773506164550781 0.77862882614135742188 0.78013390302658081055 0.76395601034164428711 0.75798517465591430664 0.7351023554801940918 0.69457703828811645508 0.76238572597503662109 0.75114959478378295898 0.72554743289947509766 0.77477115392684936523
0.87753194570541381836 0.87803035974502563477 0.873142242431640625 0.87404191493988037109 0.87792456150054931641 0.8782965540885925293 0.87507146596908569336 0.83591467142105102539 0.80539059638977050781 0.81702339649200439453 0.82098203897476196289 0.82363730669021606445 0.82900226116180419922 0.82490199804306030273 0.82712310552597045898 0.82955557107925415039 0.82810920476913452148 0.82653325796127319336 0.8233998417854309082 0.82193261384963989258 0.82258999347686767578 0.82014364004135131836 0.81637096405029296875 0.81870454549789428711 0.81784218549728393555 0.81114697456359863281 0.81529802083969116211 0.81349986791610717773 0.80994319915771484375 0.80508762598037719727 0.79841470718383789062 0.79108786582946777344 0.77772510051727294922 0.72423952817916870117 0.76928406953811645508 0.77437263727188110352 0.76514679193496704102 0.76225531101226806641 0.75020247697830200195 0.70560163259506225586 0.76257187128067016602 0.71895903348922729492 0.69391256570816040039 0.74361008405685424805
0.87873595952987670898 0.87511688470840454102 0.87557625770568847656 0.87456393241882324219 0.87796360254287719727 0.87698054313659667969 0.87629270553588867188 0.86403489112854003906 0.81725978851318359375 0.81031310558319091797 0.81560033559799194336 0.81839811801910400391 0.82035326957702636719 0.82339215278625488281 0.82014030218124389648 0.82450115680694580078 0.82602035999298095703 0.82658427953720092773 0.82579880952835083008 0.82501947879791259766 0.82164746522903442383 0.82041829824447631836 0.8160393834114074707 0.81483727693557739258 0.81445324420928955078 0.81203180551528930664 0.81482005119323730469 0.80979633331298828125 0.80694347620010375977 0.80240970849990844727 0.79172813892364501953 0.77413529157638549805 0.76658511161804199219 0.77373737096786499023 0.74829530715942382812 0.76269191503524780273 0.77192020416259765625 0.76589602231979370117 0.76341164112091064453 0.75269109010696411133 0.78260046243667602539 0.71330457925796508789 0.67187517881393432617 0.72499471902847290039
0.88135325908660888672 0.88056957721710205078 0.87691104412078857422 0.87524175643920898438 0.87460076808929443359 0.87529474496841430664 0.87320846319198608398 0.87262564897537231445 0.84358811378479003906 0.80218029022216796875 0.79709661006927490234 0.7926470637321472168 0.79780298471450805664 0.81339013576507568359 0.80801093578338623047 0.8197352290153503418 0.82329618930816650391 0.82438576221466064453 0.82400053739547729492 0.82333898544311523438 0.82073682546615600586 0.82009994983673095703 0.82037460803985595703 0.81640297174453735352 0.81445640325546264648 0.80755585432052612305 0.80505597591400146484 0.79777163267135620117 0.79752480983734130859 0.78890514373779296875 0.78862738609313964844 0.78482949733734130859 0.77703809738159179688 0.77262896299362182617 0.77756255865097045898 0.7720978856086730957 0.77733945846557617188 0.77329808473587036133 0.76577860116958618164 0.76659154891967773438 0.72694545984268188477 0.74273705482482910156 0.71312081813812255859 0.75188088417053222656
0.87777525186538696289 0.87892824411392211914 0.87592107057571411133 0.8727963566780090332 0.87394827604293823242 0.87653392553329467773 0.87306755781173706055 0.87375950813293457031 0.86577868461608886719 0.8227208256721496582 0.80513691902160644531 0.80254656076431274414 0.79749047756195068359 0.80983692407608032227 0.81471973657608032227 0.81609106063842773438 0.82016706466674804688 0.82197648286819458008 0.82233786582946777344 0.82182139158248901367 0.82093060016632080078 0.82072013616561889648 0.81718850135803222656 0.81786966323852539062 0.81347364187240600586 0.80858522653579711914 0.80639851093292236328 0.80497413873672485352 0.80662751197814941406 0.80363512039184570312 0.80232852697372436523 0.79964715242385864258 0.79452574253082275391 0.78964734077453613281 0.78215044736862182617 0.76489293575286865234 0.75802028179168701172 0.74967020750045776367 0.75882577896118164062 0.75665497779846191406 0.72387814521789550781 0.72741961479187011719 0.70202273130416870117 0.77246898412704467773
0.88490557670593261719 0.88247859477996826172 0.87983906269073486328 0.86943423748016357422 0.86880666017532348633 0.87560242414474487305 0.87405008077621459961 0.87490904331207275391 0.87560629844665527344 0.85494714975357055664 0.81311726570129394531 0.77447438240051269531 0.78870618343353271484 0.80640912055969238281 0.80833977460861206055 0.80620664358139038086 0.81005597114562988281 0.81682723760604858398 0.8206456303596496582 0.81960946321487426758 0.82094514369964599609 0.81926107406616210938 0.81789064407348632812 0.81761050224304199219 0.81436192989349365234 0.80838131904602050781 0.80634582042694091797 0.80471563339233398438 0.80737066268920898438 0.80571717023849487305 0.80425280332565307617 0.80159133672714233398 0.79180163145065307617 0.77771973609924316406 0.77717828750610351562 0.76734006404876708984 0.74834829568862915039 0.7598997950553894043 0.7536144256591796875 0.75535970926284790039 0.74880778789520263672 0.74138188362121582031 0.72281169891357421875 0.71513515710830688477
