OMS_GEOET11/data/Meledrio/7/skyview_7.asc
ncols        324
nrows        417
xllcorner    637612.000000000000
yllcorner    5119918.000000000000
cellsize     30.000000000000
NODATA_value  -9999
[rows 120 to 139 of 417, columns 220 to 263 of 324]
0.83655160665512084961 0.80555880069732666016 0.79412096738815307617 0.81468129158020019531 0.84629827737808227539 0.84350323677062988281 0.881015777587890625 0.89393472671508789062 0.89037400484085083008 0.89201945066452026367 0.90264028310775756836 0.88348317146301269531 0.88286840915679931641 0.89651846885681152344 0.89185333251953125 0.89046281576156616211 0.89053541421890258789 0.87545716762542724609 0.88286197185516357422 0.88322627544403076172 0.8587487339973449707 0.67083257436752319336 0.47801432013511657715 0.60604488849639892578 0.68111687898635864258 0.70287030935287475586 0.72223210334777832031 0.73416537046432495117 0.7348448634147644043 0.73655164241790771484 0.73192363977432250977 0.71997755765914916992 0.68785977363586425781 0.66676735877990722656 0.58482712507247924805 0.6913802027702331543 0.85673892498016357422 0.88718813657760620117 0.8866748809814453125 0.88646799325942993164 0.88544195890426635742 0.88535630702972412109 0.88499945402145385742 0.88091576099395751953
0.81737506389617919922 0.83322882652282714844 0.74025177955627441406 0.82477962970733642578 0.86528849601745605469 0.88970798254013061523 0.88942033052444458008 0.8923511505126953125 0.89078909158706665039 0.89391523599624633789 0.9026018977165222168 0.89211499691009521484 0.89085429906845092773 0.89832252264022827148 0.89777207374572753906 0.88740426301956176758 0.88295280933380126953 0.88123297691345214844 0.88267350196838378906 0.88296627998352050781 0.8641560673713684082 0.65006887912750244141 0.48515796661376953125 0.61225157976150512695 0.68067717552185058594 0.70141571760177612305 0.7192592620849609375 0.72738260030746459961 0.72574561834335327148 0.72387868165969848633 0.71532231569290161133 0.70260947942733764648 0.66194427013397216797 0.66979008913040161133 0.62629669904708862305 0.65319305658340454102 0.82869482040405273438 0.88930135965347290039 0.88621169328689575195 0.88293462991714477539 0.88325768709182739258 0.88534456491470336914 0.88528746366500854492 0.88578248023986816406
0.80467593669891357422 0.80823606252670288086 0.67961496114730834961 0.79893219470977783203 0.89090019464492797852 0.89370065927505493164 0.89574867486953735352 0.8958250880241394043 0.89745855331420898438 0.89742362499237060547 0.89938884973526000977 0.89717984199523925781 0.89503675699234008789 0.89716398715972900391 0.89609241485595703125 0.89291405677795410156 0.88937455415725708008 0.88505727052688598633 0.88124471902847290039 0.87686902284622192383 0.85357707738876342773 0.63093042373657226562 0.50058668851852416992 0.64958989620208740234 0.68810904026031494141 0.69372361898422241211 0.71158421039581298828 0.72691589593887329102 0.72248017787933349609 0.72220301628112792969 0.69078910350799560547 0.67091453075408935547 0.65052217245101928711 0.66828829050064086914 0.60039925575256347656 0.57792896032333374023 0.82647001743316650391 0.88838469982147216797 0.88511759042739868164 0.8822752833366394043 0.87993806600570678711 0.88607895374298095703 0.88459175825119018555 0.88426411151885986328
0.81981998682022094727 0.80494362115859985352 0.69749528169631958008 0.80989676713943481445 0.89545452594757080078 0.89633339643478393555 0.89305537939071655273 0.89584374427795410156 0.89450353384017944336 0.8941936492919921875 0.89675629138946533203 0.89298152923583984375 0.89402204751968383789 0.89612632989883422852 0.8939844965934753418 0.89398360252380371094 0.8919442296028137207 0.8875363469123840332 0.88422453403472900391 0.88020485639572143555 0.79893165826797485352 0.63665378093719482422 0.55530536174774169922 0.65027761459350585938 0.69872879981994628906 0.71257644891738891602 0.72785395383834838867 0.73675704002380371094 0.7323849797248840332 0.72240316867828369141 0.68939542770385742188 0.67161852121353149414 0.59590351581573486328 0.65983116626739501953 0.66767913103103637695 0.75785869359970092773 0.86316305398941040039 0.8827794194221496582 0.88143098354339599609 0.88416761159896850586 0.88225305080413818359 0.88421088457107543945 0.88309204578399658203 0.88404667377471923828
0.77513462305068969727 0.78821986913681030273 0.75069791078567504883 0.82324582338333129883 0.89526379108428955078 0.89611458778381347656 0.89675670862197875977 0.89583021402359008789 0.89360392093658447266 0.88695788383483886719 0.89767867326736450195 0.89574289321899414062 0.89062350988388061523 0.8908481597900390625 0.89459890127182006836 0.89336997270584106445 0.89173603057861328125 0.88743913173675537109 0.88028490543365478516 0.83736443519592285156 0.69098591804504394531 0.55417919158935546875 0.5920035243034362793 0.66443657875061035156 0.69983839988708496094 0.72338640689849853516 0.73833787441253662109 0.74012666940689086914 0.73598480224609375 0.71514499187469482422 0.67680925130844116211 0.57971227169036865234 0.59484809637069702148 0.69077402353286743164 0.81554931402206420898 0.8721478581428527832 0.88774943351745605469 0.8840465545654296875 0.88337469100952148438 0.88258898258209228516 0.88278818130493164062 0.88389849662780761719 0.88195824623107910156 0.8829644322395324707
0.78837722539901733398 0.77707761526107788086 0.73115009069442749023 0.82731145620346069336 0.8932247161865234375 0.89751780033111572266 0.89583986997604370117 0.88224732875823974609 0.88211065530776977539 0.88570457696914672852 0.89651972055435180664 0.89699929952621459961 0.8945261836051940918 0.89342445135116577148 0.89267748594284057617 0.89265352487564086914 0.88705384731292724609 0.88423311710357666016 0.87232065200805664062 0.75212317705154418945 0.59597665071487426758 0.56644386053085327148 0.62201207876205444336 0.68508917093276977539 0.71562647819519042969 0.73304450511932373047 0.74302601814270019531 0.74024492502212524414 0.73019903898239135742 0.71286350488662719727 0.67826592922210693359 0.64430284500122070312 0.54977470636367797852 0.73153233528137207031 0.88958096504211425781 0.88839197158813476562 0.88576245307922363281 0.88356065750122070312 0.88427460193634033203 0.87923061847686767578 0.87993597984313964844 0.88199472427368164062 0.88474607467651367188 0.8834934234619140625
0.86309111118316650391 0.84451758861541748047 0.71586191654205322266 0.82569855451583862305 0.89069133996963500977 0.89566808938980102539 0.89678680896759033203 0.87777256965637207031 0.8888524174690246582 0.89611887931823730469 0.89459151029586791992 0.89600020647048950195 0.89358210563659667969 0.89215356111526489258 0.89314329624176025391 0.8907502293586730957 0.89111429452896118164 0.88641446828842163086 0.86192429065704345703 0.69524133205413818359 0.51990360021591186523 0.61465680599212646484 0.642040252685546875 0.69243532419204711914 0.71797764301300048828 0.73241251707077026367 0.7420177459716796875 0.74446922540664672852 0.74045717716217041016 0.71137076616287231445 0.66354197263717651367 0.57540994882583618164 0.61600095033645629883 0.78313410282135009766 0.88910579681396484375 0.88801646232604980469 0.88526946306228637695 0.8859742283821105957 0.88472181558609008789 0.87665528059005737305 0.87003046274185180664 0.87949049472808837891 0.88264983892440795898 0.88224500417709350586
0.82845801115036010742 0.83692562580108642578 0.76373338699340820312 0.83237022161483764648 0.89370054006576538086 0.89549243450164794922 0.89482247829437255859 0.87106376886367797852 0.89629375934600830078 0.89904958009719848633 0.89563316106796264648 0.89382988214492797852 0.8936735987663269043 0.89299380779266357422 0.89136594533920288086 0.89056813716888427734 0.89028698205947875977 0.88124424219131469727 0.82485032081604003906 0.67654526233673095703 0.58182835578918457031 0.64644271135330200195 0.6642608642578125 0.70463788509368896484 0.72687500715255737305 0.73360580205917358398 0.73902142047882080078 0.73603320121765136719 0.71762245893478393555 0.68355768918991088867 0.65259063243865966797 0.56026709079742431641 0.62498110532760620117 0.79150080680847167969 0.88627773523330688477 0.88866710662841796875 0.88480854034423828125 0.88428586721420288086 0.88238322734832763672 0.88065183162689208984 0.86978888511657714844 0.87398886680603027344 0.88048082590103149414 0.88200163841247558594
0.8037707209587097168 0.83406811952590942383 0.78036558628082275391 0.82802802324295043945 0.88604122400283813477 0.87587666511535644531 0.89005553722381591797 0.86679452657699584961 0.90059822797775268555 0.89944356679916381836 0.8952267765998840332 0.89315491914749145508 0.89243751764297485352 0.89181768894195556641 0.89129298925399780273 0.89126414060592651367 0.89008909463882446289 0.85578137636184692383 0.74459558725357055664 0.59327131509780883789 0.60393136739730834961 0.64129775762557983398 0.67160797119140625 0.70878815650939941406 0.73622947931289672852 0.73282021284103393555 0.73707419633865356445 0.70651084184646606445 0.65839582681655883789 0.70618659257888793945 0.68172925710678100586 0.63000506162643432617 0.58053988218307495117 0.74054467678070068359 0.89145767688751220703 0.88926959037780761719 0.88709270954132080078 0.88102769851684570312 0.87851852178573608398 0.88187313079833984375 0.87535697221755981445 0.85460573434829711914 0.86939084529876708984 0.87455534934997558594
0.83100157976150512695 0.83028876781463623047 0.77469855546951293945 0.8202266693115234375 0.87823206186294555664 0.8751856684684753418 0.89061570167541503906 0.89149510860443115234 0.89937013387680053711 0.8979294896125793457 0.89799439907073974609 0.89425188302993774414 0.89208936691284179688 0.892547607421875 0.89128398895263671875 0.89110815525054931641 0.8886311650276184082 0.82183855772018432617 0.71782314777374267578 0.66041386127471923828 0.66282159090042114258 0.67192208766937255859 0.69674950838088989258 0.7281487584114074707 0.73937177658081054688 0.72282427549362182617 0.71164327859878540039 0.65976667404174804688 0.7026615142822265625 0.71865034103393554688 0.70599180459976196289 0.67012476921081542969 0.55130356550216674805 0.70296943187713623047 0.89095509052276611328 0.88878452777862548828 0.88402104377746582031 0.88409161567687988281 0.88625377416610717773 0.88548392057418823242 0.881343841552734375 0.85506284236907958984 0.84393268823623657227 0.86214792728424072266
0.83369678258895874023 0.82894462347030639648 0.79583609104156494141 0.80408948659896850586 0.84764468669891357422 0.87198996543884277344 0.88674777746200561523 0.89765745401382446289 0.90136522054672241211 0.89931482076644897461 0.89725172519683837891 0.89372766017913818359 0.892910003662109375 0.89084249734878540039 0.89008104801177978516 0.88929772377014160156 0.88013315200805664062 0.81777971982955932617 0.71308356523513793945 0.66952502727508544922 0.65308260917663574219 0.67416584491729736328 0.69679319858551025391 0.74882870912551879883 0.76531171798706054688 0.72825789451599121094 0.683498382568359375 0.54623454809188842773 0.70760941505432128906 0.73892450332641601562 0.72190684080123901367 0.67300975322723388672 0.53697276115417480469 0.71295666694641113281 0.88916093111038208008 0.88757419586181640625 0.88363277912139892578 0.88347220420837402344 0.88605362176895141602 0.88334220647811889648 0.88399374485015869141 0.87275731563568115234 0.84426796436309814453 0.85156387090682983398
0.80840575695037841797 0.82286912202835083008 0.78966379165649414062 0.77151989936828613281 0.79742723703384399414 0.83566647768020629883 0.87725251913070678711 0.89497828483581542969 0.90066027641296386719 0.90081006288528442383 0.89752596616744995117 0.89550691843032836914 0.89360713958740234375 0.89157795906066894531 0.89037430286407470703 0.88977074623107910156 0.86353945732116699219 0.84255677461624145508 0.74492597579956054688 0.59445470571517944336 0.59149968624114990234 0.67128068208694458008 0.71459209918975830078 0.74509954452514648438 0.76161938905715942383 0.73898357152938842773 0.64239096641540527344 0.69478195905685424805 0.74092006683349609375 0.77334004640579223633 0.74747949838638305664 0.69750970602035522461 0.64708888530731201172 0.7492077946662902832 0.88622480630874633789 0.88833099603652954102 0.8858941197395324707 0.88348257541656494141 0.88508898019790649414 0.88441079854965209961 0.88502812385559082031 0.88181734085083007812 0.87039530277252197266 0.86192554235458374023
0.82851713895797729492 0.82185953855514526367 0.77836906909942626953 0.74597501754760742188 0.70957338809967041016 0.78530418872833251953 0.85937368869781494141 0.88560128211975097656 0.89939481019973754883 0.89985370635986328125 0.89782112836837768555 0.89680027961730957031 0.89477545022964477539 0.89145827293395996094 0.89061784744262695312 0.88577032089233398438 0.85759508609771728516 0.86207312345504760742 0.71554869413375854492 0.58147382736206054688 0.63683074712753295898 0.68207365274429321289 0.73896324634552001953 0.75499182939529418945 0.77303528785705566406 0.72560888528823852539 0.61626464128494262695 0.69885534048080444336 0.751789093017578125 0.7774416804313659668 0.76868832111358642578 0.71703743934631347656 0.68072158098220825195 0.73596042394638061523 0.8451417088508605957 0.88438647985458374023 0.88376271724700927734 0.8817641139030456543 0.88359892368316650391 0.88395941257476806641 0.88488328456878662109 0.88472253084182739258 0.88105416297912597656 0.87482827901840209961
0.78603965044021606445 0.8178316950798034668 0.79498666524887084961 0.81735455989837646484 0.72905731201171875 0.76551550626754760742 0.84413933753967285156 0.8732712864875793457 0.89924931526184082031 0.90005141496658325195 0.89679712057113647461 0.89708799123764038086 0.89296180009841918945 0.89064389467239379883 0.88667863607406616211 0.86240911483764648438 0.86751192808151245117 0.83398896455764770508 0.66890382766723632812 0.56930673122406005859 0.63756555318832397461 0.69720995426177978516 0.74812048673629760742 0.76061177253723144531 0.76119798421859741211 0.6855284571647644043 0.74911594390869140625 0.64521169662475585938 0.76393389701843261719 0.77832508087158203125 0.76172327995300292969 0.73223257064819335938 0.62278902530670166016 0.62529665231704711914 0.78215086460113525391 0.87325257062911987305 0.88266074657440185547 0.88379442691802978516 0.88067758083343505859 0.88319599628448486328 0.88426804542541503906 0.88498920202255249023 0.88312113285064697266 0.88058781623840332031
0.79230934381484985352 0.81513333320617675781 0.82584804296493530273 0.82399457693099975586 0.77765101194381713867 0.74996101856231689453 0.80938613414764404297 0.87276828289031982422 0.89638799428939819336 0.89929890632629394531 0.89830803871154785156 0.89689749479293823242 0.89346086978912353516 0.89170366525650024414 0.87523305416107177734 0.8509572148323059082 0.86849302053451538086 0.78166854381561279297 0.64663159847259521484 0.58919239044189453125 0.66843235492706298828 0.71961385011672973633 0.75877094268798828125 0.77278047800064086914 0.75882422924041748047 0.6569893956184387207 0.805908203125 0.76885753870010375977 0.76472675800323486328 0.78308969736099243164 0.76897341012954711914 0.7252814173698425293 0.64197659492492675781 0.66929274797439575195 0.77431249618530273438 0.85211020708084106445 0.86246073246002197266 0.87496238946914672852 0.87309181690216064453 0.87449258565902709961 0.88113677501678466797 0.88369709253311157227 0.88281458616256713867 0.88114118576049804688
0.81815820932388305664 0.82227563858032226562 0.83059853315353393555 0.83385473489761352539 0.8194897770881652832 0.72785520553588867188 0.79223394393920898438 0.86780977249145507812 0.89736711978912353516 0.89767920970916748047 0.89524722099304199219 0.89576268196105957031 0.8936125636100769043 0.88577377796173095703 0.86018300056457519531 0.87156188488006591797 0.86936026811599731445 0.72642368078231811523 0.58452421426773071289 0.68169724941253662109 0.69980657100677490234 0.74134010076522827148 0.77855968475341796875 0.77163350582122802734 0.70987814664840698242 0.62808644771575927734 0.64050543308258056641 0.79480278491973876953 0.7739238739013671875 0.76530706882476806641 0.76520675420761108398 0.74342715740203857422 0.67576164007186889648 0.70349293947219848633 0.78776860237121582031 0.84611141681671142578 0.862583160400390625 0.86559224128723144531 0.86436229944229125977 0.86658328771591186523 0.8732210993766784668 0.88229137659072875977 0.88239407539367675781 0.88016068935394287109
0.80468463897705078125 0.8178768157958984375 0.83270996809005737305 0.83819144964218139648 0.83639889955520629883 0.76495903730392456055 0.77986609935760498047 0.85087513923645019531 0.89668738842010498047 0.89728128910064697266 0.89409273862838745117 0.89434897899627685547 0.89306056499481201172 0.8672122955322265625 0.85597527027130126953 0.87850433588027954102 0.82583945989608764648 0.68153476715087890625 0.60204648971557617188 0.70894807577133178711 0.70304846763610839844 0.75885522365570068359 0.77682000398635864258 0.78536152839660644531 0.71142524480819702148 0.75469768047332763672 0.75146085023880004883 0.75517100095748901367 0.80576032400131225586 0.79786378145217895508 0.77108776569366455078 0.7346038818359375 0.65479516983032226562 0.68791407346725463867 0.76354289054870605469 0.8603668212890625 0.87274050712585449219 0.86474823951721191406 0.8687928318977355957 0.86418312788009643555 0.86646711826324462891 0.87201130390167236328 0.87627148628234863281 0.87773716449737548828
0.80138111114501953125 0.82112127542495727539 0.83219850063323974609 0.83394926786422729492 0.83572161197662353516 0.79294568300247192383 0.77852106094360351562 0.84005385637283325195 0.89367270469665527344 0.894565582275390625 0.89427638053894042969 0.89316743612289428711 0.88518923521041870117 0.82237350940704345703 0.79675668478012084961 0.81118750572204589844 0.70159089565277099609 0.64517474174499511719 0.63636302947998046875 0.70116257667541503906 0.75247079133987426758 0.77991473674774169922 0.7898960113525390625 0.75237619876861572266 0.67880052328109741211 0.80911642313003540039 0.81187415122985839844 0.81034547090530395508 0.82141762971878051758 0.81185412406921386719 0.78625255823135375977 0.74719601869583129883 0.69099515676498413086 0.66773432493209838867 0.69896280765533447266 0.79779016971588134766 0.87311851978302001953 0.87107920646667480469 0.87015783786773681641 0.86795598268508911133 0.86636775732040405273 0.86338174343109130859 0.86632287502288818359 0.87073886394500732422
0.80110561847686767578 0.81539314985275268555 0.83927118778228759766 0.82946413755416870117 0.81761956214904785156 0.77827215194702148438 0.7614739537239074707 0.81750726699829101562 0.8881461024284362793 0.89349991083145141602 0.89213204383850097656 0.87809902429580688477 0.7821210026741027832 0.72466766834259033203 0.65750235319137573242 0.68982201814651489258 0.58487123250961303711 0.66010141372680664062 0.70510768890380859375 0.75738376379013061523 0.77802109718322753906 0.78274130821228027344 0.78198963403701782227 0.70913213491439819336 0.7861359715461730957 0.69634002447128295898 0.78820514678955078125 0.82536965608596801758 0.83073914051055908203 0.81947171688079833984 0.79572707414627075195 0.75585716962814331055 0.69720661640167236328 0.69077700376510620117 0.57223707437515258789 0.72541469335556030273 0.85995882749557495117 0.87416565418243408203 0.87304884195327758789 0.86905837059020996094 0.86674952507019042969 0.8659731745719909668 0.86248177289962768555 0.85985565185546875
0.80303603410720825195 0.81195402145385742188 0.82567316293716430664 0.83164602518081665039 0.82142055034637451172 0.7937068939208984375 0.7030417323112487793 0.79835408926010131836 0.88144576549530029297 0.89080643653869628906 0.89149755239486694336 0.7899296879768371582 0.59370714426040649414 0.61064118146896362305 0.54230064153671264648 0.59016633033752441406 0.6751162409782409668 0.74271702766418457031 0.75863623619079589844 0.7906138300895690918 0.79280722141265869141 0.78576940298080444336 0.76220333576202392578 0.72338145971298217773 0.77812743186950683594 0.78906065225601196289 0.80220866203308105469 0.83667814731597900391 0.83267861604690551758 0.82496750354766845703 0.80984866619110107422 0.76414340734481811523 0.71632653474807739258 0.70959675312042236328 0.61763554811477661133 0.67238420248031616211 0.80009871721267700195 0.8667901158332824707 0.87110888957977294922 0.86763167381286621094 0.86667603254318237305 0.86729168891906738281 0.86004084348678588867 0.86376565694808959961
