OMS_GEOET11/data/Meledrio/7/skyview_7.asc
ncols        324
nrows        417
xllcorner    637612.000000000000
yllcorner    5119918.000000000000
cellsize     30.000000000000
NODATA_value  -9999
[rows 100 to 119 of 417, columns 220 to 263 of 324]
0.83985406160354614258 0.84610009193420410156 0.85252422094345092773 0.817455291748046875 0.77413719892501831055 0.73502546548843383789 0.7076403498649597168 0.69400906562805175781 0.56129974126815795898 0.69972056150436401367 0.78234732151031494141 0.87430250644683837891 0.88236147165298461914 0.88384717702865600586 0.88476294279098510742 0.86197948455810546875 0.781688690185546875 0.7219371795654296875 0.75218558311462402344 0.80483514070510864258 0.80373835563659667969 0.79698252677917480469 0.78907847404479980469 0.7884159088134765625 0.78937208652496337891 0.77628916501998901367 0.79023247957229614258 0.76625847816467285156 0.70158660411834716797 0.76237291097640991211 0.79828011989593505859 0.76763010025024414062 0.86487722396850585938 0.87403351068496704102 0.89032632112503051758 0.88485425710678100586 0.88829284906387329102 0.89651006460189819336 0.89352691173553466797 0.88982480764389038086 0.88764578104019165039 0.89323002099990844727 0.89212232828140258789 0.89025378227233886719
0.84384202957153320312 0.82437312602996826172 0.77868962287902832031 0.78616881370544433594 0.61386740207672119141 0.65998339653015136719 0.64647817611694335938 0.63287270069122314453 0.58940732479095458984 0.69288420677185058594 0.80420291423797607422 0.87676727771759033203 0.86954259872436523438 0.88081592321395874023 0.88141417503356933594 0.85894560813903808594 0.75181078910827636719 0.72957247495651245117 0.75839477777481079102 0.80387675762176513672 0.80906623601913452148 0.80844485759735107422 0.79499876499176025391 0.78867059946060180664 0.77558028697967529297 0.77135246992111206055 0.77466952800750732422 0.74185758829116821289 0.68789297342300415039 0.74542331695556640625 0.63486528396606445312 0.78772556781768798828 0.87129944562911987305 0.89756846427917480469 0.88367468118667602539 0.89725887775421142578 0.89644104242324829102 0.89511322975158691406 0.89339584112167358398 0.88642632961273193359 0.88531261682510375977 0.88754415512084960938 0.89350241422653198242 0.89238047599792480469
0.76039779186248779297 0.73396891355514526367 0.77167010307312011719 0.85338127613067626953 0.74578708410263061523 0.64337164163589477539 0.66922998428344726562 0.64439308643341064453 0.55893546342849731445 0.70776438713073730469 0.81346464157104492188 0.8645579218864440918 0.87286329269409179688 0.87618201971054077148 0.8773670196533203125 0.85752725601196289062 0.77930843830108642578 0.69995784759521484375 0.73622119426727294922 0.78651750087738037109 0.81006634235382080078 0.80759501457214355469 0.80355620384216308594 0.7930119633674621582 0.78748941421508789062 0.77373003959655761719 0.75708901882171630859 0.73890018463134765625 0.69236600399017333984 0.6439902186393737793 0.7186577916145324707 0.80277401208877563477 0.89078742265701293945 0.89919930696487426758 0.89877396821975708008 0.89534318447113037109 0.89751636981964111328 0.89861750602722167969 0.89748775959014892578 0.89638954401016235352 0.89434391260147094727 0.8905156254768371582 0.88756603002548217773 0.89189225435256958008
0.78920269012451171875 0.81466078758239746094 0.82130265235900878906 0.79711401462554931641 0.75108706951141357422 0.62334132194519042969 0.69015467166900634766 0.64024221897125244141 0.66788232326507568359 0.73707634210586547852 0.84324586391448974609 0.88932597637176513672 0.88144564628601074219 0.86958718299865722656 0.87793058156967163086 0.87356787919998168945 0.79402345418930053711 0.69997084140777587891 0.71669858694076538086 0.76565057039260864258 0.8000011444091796875 0.80923444032669067383 0.80027604103088378906 0.80102080106735229492 0.79264736175537109375 0.78318500518798828125 0.76832079887390136719 0.75545585155487060547 0.72911381721496582031 0.66178673505783081055 0.72663396596908569336 0.84210163354873657227 0.89651709794998168945 0.89687359333038330078 0.89897775650024414062 0.89812833070755004883 0.89506638050079345703 0.89399051666259765625 0.89542281627655029297 0.89669531583786010742 0.89599090814590454102 0.89580368995666503906 0.8919569849967956543 0.8870747685432434082
0.87509214878082275391 0.87127226591110229492 0.84469884634017944336 0.83574718236923217773 0.74024122953414916992 0.67218029499053955078 0.73786854743957519531 0.60634589195251464844 0.57602059841156005859 0.74551600217819213867 0.81551319360733032227 0.88768714666366577148 0.89007818698883056641 0.8750088810920715332 0.88344770669937133789 0.88254302740097045898 0.82679122686386108398 0.76420426368713378906 0.72576963901519775391 0.76054173707962036133 0.7741381525993347168 0.79528284072875976562 0.79218125343322753906 0.789470672607421875 0.77830719947814941406 0.77911835908889770508 0.77994894981384277344 0.7602214813232421875 0.74082887172698974609 0.66888231039047241211 0.73360145092010498047 0.83207225799560546875 0.89786624908447265625 0.89034199714660644531 0.89463824033737182617 0.89814156293869018555 0.89734947681427001953 0.88307857513427734375 0.888156890869140625 0.88886380195617675781 0.89232814311981201172 0.89387845993041992188 0.89399504661560058594 0.89164334535598754883
0.84450250864028930664 0.79723083972930908203 0.78944909572601318359 0.78716790676116943359 0.69973379373550415039 0.60320335626602172852 0.64794784784317016602 0.57892280817031860352 0.70898401737213134766 0.5718358159065246582 0.81873124837875366211 0.86167359352111816406 0.88349938392639160156 0.86554825305938720703 0.88101327419281005859 0.88010954856872558594 0.83909261226654052734 0.76914674043655395508 0.73661696910858154297 0.75658488273620605469 0.76177746057510375977 0.73286789655685424805 0.7649078369140625 0.78538537025451660156 0.77251809835433959961 0.78963357210159301758 0.77754163742065429688 0.75413596630096435547 0.69958508014678955078 0.69570499658584594727 0.69618600606918334961 0.81105554103851318359 0.89224386215209960938 0.89045900106430053711 0.89350211620330810547 0.89635866880416870117 0.89743113517761230469 0.8954785466194152832 0.88964027166366577148 0.88741689920425415039 0.88353723287582397461 0.88754630088806152344 0.8912938237190246582 0.89216989278793334961
0.84908574819564819336 0.8292191624641418457 0.82660490274429321289 0.7875849604606628418 0.69756424427032470703 0.60912126302719116211 0.54879266023635864258 0.68303495645523071289 0.75360101461410522461 0.80339872837066650391 0.81663423776626586914 0.85731649398803710938 0.88761931657791137695 0.85998415946960449219 0.87654030323028564453 0.87697732448577880859 0.83879172801971435547 0.79514557123184204102 0.76474589109420776367 0.77163302898406982422 0.74560528993606567383 0.65915602445602416992 0.77566629648208618164 0.81277924776077270508 0.79672724008560180664 0.82432985305786132812 0.79076081514358520508 0.73723679780960083008 0.70773667097091674805 0.77278345823287963867 0.77305781841278076172 0.81335413455963134766 0.8838825225830078125 0.88711774349212646484 0.89633804559707641602 0.89605957269668579102 0.89693558216094970703 0.89248502254486083984 0.88703805208206176758 0.88447922468185424805 0.88566684722900390625 0.88541507720947265625 0.88806033134460449219 0.89013350009918212891
0.87314534187316894531 0.86221468448638916016 0.86225676536560058594 0.75144547224044799805 0.64056575298309326172 0.5888341069221496582 0.6019337773323059082 0.70171576738357543945 0.80503249168395996094 0.85202741622924804688 0.83372312784194946289 0.84710544347763061523 0.88564890623092651367 0.84713333845138549805 0.87293303012847900391 0.85307288169860839844 0.78731739521026611328 0.77228194475173950195 0.77388238906860351562 0.76795363426208496094 0.73827379941940307617 0.67697042226791381836 0.75862348079681396484 0.82955962419509887695 0.82322955131530761719 0.8426634669303894043 0.82326340675354003906 0.75672435760498046875 0.74891132116317749023 0.81205594539642333984 0.85654234886169433594 0.82531464099884033203 0.88389241695404052734 0.88215464353561401367 0.88886541128158569336 0.89399927854537963867 0.89372026920318603516 0.88447183370590209961 0.8775348663330078125 0.8856048583984375 0.87956273555755615234 0.88446253538131713867 0.88460588455200195312 0.88379216194152832031
0.83293879032135009766 0.83635604381561279297 0.82265675067901611328 0.72169357538223266602 0.56168287992477416992 0.61617779731750488281 0.65330284833908081055 0.75913387537002563477 0.8072032928466796875 0.84984719753265380859 0.86296975612640380859 0.88143175840377807617 0.88540488481521606445 0.85290896892547607422 0.8687674403190612793 0.84391462802886962891 0.77810382843017578125 0.76164048910140991211 0.76948201656341552734 0.76083505153656005859 0.72683286666870117188 0.70971024036407470703 0.68691140413284301758 0.79356580972671508789 0.82110297679901123047 0.82311141490936279297 0.8341624140739440918 0.80702251195907592773 0.78949832916259765625 0.83221131563186645508 0.87486016750335693359 0.89108175039291381836 0.88645160198211669922 0.88906532526016235352 0.89882242679595947266 0.89358288049697875977 0.89142650365829467773 0.88163256645202636719 0.88005161285400390625 0.88835084438323974609 0.88677668571472167969 0.88461214303970336914 0.88268208503723144531 0.88113486766815185547
0.77753299474716186523 0.8043759465217590332 0.78983128070831298828 0.71802896261215209961 0.64301276206970214844 0.69512766599655151367 0.73672711849212646484 0.80238896608352661133 0.82808583974838256836 0.84495204687118530273 0.88112264871597290039 0.88488256931304931641 0.87258315086364746094 0.85723727941513061523 0.87841933965682983398 0.85619413852691650391 0.80971598625183105469 0.77421414852142333984 0.73135358095169067383 0.7178471684455871582 0.71241241693496704102 0.70166963338851928711 0.65985536575317382812 0.765979766845703125 0.81223112344741821289 0.79969906806945800781 0.80155318975448608398 0.73243302106857299805 0.73947846889495849609 0.76381522417068481445 0.80231148004531860352 0.86379444599151611328 0.89625537395477294922 0.89091527462005615234 0.89683908224105834961 0.89796823263168334961 0.89259701967239379883 0.88022321462631225586 0.8765843510627746582 0.8884792327880859375 0.88845109939575195312 0.8839136958122253418 0.87561154365539550781 0.8692582249641418457
0.77969491481781005859 0.79331642389297485352 0.77369278669357299805 0.7598908543586730957 0.67655974626541137695 0.64106631278991699219 0.76254791021347045898 0.85114181041717529297 0.8473555445671081543 0.85999667644500732422 0.8795909881591796875 0.87690681219100952148 0.86788767576217651367 0.86036258935928344727 0.87707990407943725586 0.86783254146575927734 0.85042613744735717773 0.80678313970565795898 0.75900262594223022461 0.68078881502151489258 0.70301860570907592773 0.7085425257682800293 0.69953310489654541016 0.78705644607543945312 0.81880807876586914062 0.77537691593170166016 0.76854628324508666992 0.71038067340850830078 0.65174287557601928711 0.65874397754669189453 0.66629898548126220703 0.71140474081039428711 0.80519956350326538086 0.88683563470840454102 0.89811438322067260742 0.89825278520584106445 0.89604681730270385742 0.87884366512298583984 0.8796469569206237793 0.88848143815994262695 0.88740956783294677734 0.88494127988815307617 0.88067823648452758789 0.87179476022720336914
0.74594694375991821289 0.7777385711669921875 0.78007918596267700195 0.6772632598876953125 0.60303366184234619141 0.65635019540786743164 0.74939107894897460938 0.83250105381011962891 0.84076988697052001953 0.86336129903793334961 0.87574851512908935547 0.84440702199935913086 0.8465118408203125 0.86773383617401123047 0.87455773353576660156 0.86761671304702758789 0.86708158254623413086 0.84346872568130493164 0.77580100297927856445 0.66186749935150146484 0.68006056547164916992 0.69241827726364135742 0.68766361474990844727 0.79768252372741699219 0.76887238025665283203 0.76433527469635009766 0.75283956527709960938 0.72137218713760375977 0.69739830493927001953 0.69188201427459716797 0.60905241966247558594 0.53749424219131469727 0.69618850946426391602 0.79644340276718139648 0.85877299308776855469 0.89773738384246826172 0.89680397510528564453 0.87847000360488891602 0.87962126731872558594 0.88637846708297729492 0.8856036067008972168 0.88539868593215942383 0.8830839991569519043 0.87739729881286621094
0.76726126670837402344 0.75161212682723999023 0.76468682289123535156 0.69235056638717651367 0.72843563556671142578 0.78465551137924194336 0.83837819099426269531 0.8462479710578918457 0.83182448148727416992 0.85586142539978027344 0.87843167781829833984 0.8198553919792175293 0.84791964292526245117 0.85564774274826049805 0.87197959423065185547 0.87711727619171142578 0.87368577718734741211 0.8608162999153137207 0.80871051549911499023 0.71974635124206542969 0.65265190601348876953 0.6718629002571105957 0.70479297637939453125 0.77292990684509277344 0.72387844324111938477 0.73235428333282470703 0.73779064416885375977 0.73363935947418212891 0.71259284019470214844 0.70078122615814208984 0.67319279909133911133 0.63646095991134643555 0.68312883377075195312 0.66977125406265258789 0.74067980051040649414 0.87885326147079467773 0.89707046747207641602 0.88985979557037353516 0.87403970956802368164 0.88211649656295776367 0.88785529136657714844 0.88655203580856323242 0.88438564538955688477 0.88233107328414916992
0.79404163360595703125 0.77459317445755004883 0.75599914789199829102 0.72612947225570678711 0.78250145912170410156 0.88257956504821777344 0.86587673425674438477 0.84450328350067138672 0.82748126983642578125 0.85337126255035400391 0.89267176389694213867 0.82122063636779785156 0.82891088724136352539 0.86020958423614501953 0.86876219511032104492 0.87162244319915771484 0.87780272960662841797 0.87185770273208618164 0.81597399711608886719 0.7220236659049987793 0.65560758113861083984 0.68389523029327392578 0.69049441814422607422 0.74271214008331298828 0.72042161226272583008 0.73783379793167114258 0.73281776905059814453 0.72551339864730834961 0.72270846366882324219 0.70212393999099731445 0.68021112680435180664 0.6410859227180480957 0.66055774688720703125 0.55431544780731201172 0.63385343551635742188 0.76541125774383544922 0.89472031593322753906 0.89082449674606323242 0.87900531291961669922 0.87725740671157836914 0.87803149223327636719 0.88362711668014526367 0.88141369819641113281 0.88103091716766357422
0.72483354806900024414 0.78122705221176147461 0.74787765741348266602 0.65524154901504516602 0.7718607783317565918 0.88061916828155517578 0.84358042478561401367 0.8468443751335144043 0.82583475112915039062 0.85379207134246826172 0.90374898910522460938 0.82779449224472045898 0.82805389165878295898 0.84644562005996704102 0.8733107447624206543 0.87507605552673339844 0.87716341018676757812 0.87907177209854125977 0.82172876596450805664 0.7188549041748046875 0.65808409452438354492 0.68339502811431884766 0.68680077791213989258 0.73195135593414306641 0.7423617243766784668 0.74018740653991699219 0.73615515232086181641 0.73145055770874023438 0.7197182774543762207 0.7005316615104675293 0.69106721878051757812 0.6732737421989440918 0.63692766427993774414 0.60300606489181518555 0.51930212974548339844 0.67169845104217529297 0.87281984090805053711 0.89438003301620483398 0.88230091333389282227 0.87108391523361206055 0.87405169010162353516 0.88061809539794921875 0.87814199924468994141 0.8782475590705871582
0.79125261306762695312 0.83528411388397216797 0.73699057102203369141 0.60831564664840698242 0.82915902137756347656 0.87520349025726318359 0.8485050201416015625 0.84602749347686767578 0.8300349116325378418 0.85617405176162719727 0.90708553791046142578 0.84862434864044189453 0.83173412084579467773 0.85961681604385375977 0.86015355587005615234 0.87939268350601196289 0.8775755763053894043 0.87225836515426635742 0.84341824054718017578 0.755619049072265625 0.65655267238616943359 0.68748742341995239258 0.68991267681121826172 0.7106456756591796875 0.73695230484008789062 0.75072830915451049805 0.74698311090469360352 0.73852771520614624023 0.72143816947937011719 0.71756184101104736328 0.70250672101974487305 0.68500107526779174805 0.65806412696838378906 0.62104332447052001953 0.55348259210586547852 0.64442491531372070312 0.82903128862380981445 0.8948701024055480957 0.88795226812362670898 0.86975198984146118164 0.87300711870193481445 0.87789571285247802734 0.87435638904571533203 0.87991434335708618164
0.83207380771636962891 0.75141125917434692383 0.80559575557708740234 0.84648209810256958008 0.83767586946487426758 0.84309923648834228516 0.85545736551284790039 0.84862107038497924805 0.84455221891403198242 0.88426411151885986328 0.9072831273078918457 0.854496002197265625 0.83270412683486938477 0.87357687950134277344 0.874660491943359375 0.87312668561935424805 0.88135695457458496094 0.87527120113372802734 0.85747247934341430664 0.78758043050765991211 0.71940070390701293945 0.66434234380722045898 0.6770846247673034668 0.70488888025283813477 0.72990983724594116211 0.7434737086296081543 0.74847149848937988281 0.74513095617294311523 0.73189049959182739258 0.73000741004943847656 0.71045988798141479492 0.69329923391342163086 0.65934073925018310547 0.63564848899841308594 0.56549853086471557617 0.63950395584106445312 0.76918804645538330078 0.89312529563903808594 0.89099776744842529297 0.88040113449096679688 0.87188059091567993164 0.87340146303176879883 0.88029092550277709961 0.88184821605682373047
0.74637746810913085938 0.77347868680953979492 0.88615262508392333984 0.88330632448196411133 0.81568121910095214844 0.82473528385162353516 0.8229808807373046875 0.85530108213424682617 0.84561669826507568359 0.89256143569946289062 0.9074847102165222168 0.85431760549545288086 0.82205754518508911133 0.87606394290924072266 0.88045144081115722656 0.87378144264221191406 0.87700575590133666992 0.8703460693359375 0.87248522043228149414 0.82727515697479248047 0.74596601724624633789 0.6487267613410949707 0.62823987007141113281 0.66400581598281860352 0.71467220783233642578 0.73303425312042236328 0.74146437644958496094 0.73485296964645385742 0.73313874006271362305 0.72259241342544555664 0.71792763471603393555 0.70233196020126342773 0.67507559061050415039 0.62536478042602539062 0.56795132160186767578 0.54138833284378051758 0.74911767244338989258 0.89030158519744873047 0.89095747470855712891 0.88676398992538452148 0.8812554478645324707 0.87765336036682128906 0.8737303614616394043 0.88172107934951782227
0.79303598403930664062 0.87224692106246948242 0.84426337480545043945 0.81780278682708740234 0.78252565860748291016 0.83454924821853637695 0.83744299411773681641 0.8683573603630065918 0.86718851327896118164 0.89556211233139038086 0.90418106317520141602 0.86920475959777832031 0.86817646026611328125 0.87886703014373779297 0.88721424341201782227 0.88540834188461303711 0.88477414846420288086 0.87580323219299316406 0.88116246461868286133 0.86488729715347290039 0.79846340417861938477 0.69170993566513061523 0.60926151275634765625 0.66555428504943847656 0.70641362667083740234 0.72253793478012084961 0.73652184009552001953 0.74503117799758911133 0.74156898260116577148 0.73849308490753173828 0.72342079877853393555 0.7191410064697265625 0.69057351350784301758 0.65213608741760253906 0.6439921259880065918 0.66839760541915893555 0.7873134613037109375 0.88681936264038085938 0.88848078250885009766 0.88646745681762695312 0.87783777713775634766 0.88307058811187744141 0.87705004215240478516 0.87191092967987060547
0.859172821044921875 0.84112435579299926758 0.8305174708366394043 0.79094690084457397461 0.83128875494003295898 0.85021072626113891602 0.8569119572639465332 0.88492572307586669922 0.8807926177978515625 0.89406061172485351562 0.90640538930892944336 0.86796766519546508789 0.85884845256805419922 0.89213985204696655273 0.86931705474853515625 0.88886970281600952148 0.88799196481704711914 0.88106042146682739258 0.88163113594055175781 0.87676149606704711914 0.83997207880020141602 0.70027583837509155273 0.6073595881462097168 0.6168842315673828125 0.69197672605514526367 0.70420777797698974609 0.72700482606887817383 0.74242341518402099609 0.74538254737854003906 0.74003130197525024414 0.73110359907150268555 0.71451270580291748047 0.69233900308609008789 0.6680800318717956543 0.59417146444320678711 0.67695879936218261719 0.83675682544708251953 0.88851088285446166992 0.8869215846061706543 0.88710999488830566406 0.88659214973449707031 0.88505911827087402344 0.88631051778793334961 0.88664507865905761719
