OMS_GEOET11/data/Meledrio/7/skyview_7.asc
ncols        324
nrows        417
xllcorner    637612.000000000000
yllcorner    5119918.000000000000
cellsize     30.000000000000
NODATA_value  -9999
[rows 360 to 379 of 417, columns 176 to 219 of 324]
0.89890301227569580078 0.89748394489288330078 0.89785629510879516602 0.9025490880012512207 0.90915358066558837891 0.90986961126327514648 0.91051965951919555664 0.90326982736587524414 0.90464919805526733398 0.89972871541976928711 0.89731955528259277344 0.89057368040084838867 0.89432138204574584961 0.89703744649887084961 0.89730715751647949219 0.89489346742630004883 0.89136612415313720703 0.88870382308959960938 0.8708063960075378418 0.85357701778411865234 0.82453757524490356445 0.77399307489395141602 0.67139214277267456055 0.80180770158767700195 0.87913751602172851562 0.91893285512924194336 0.89986419677734375 0.86180096864700317383 0.85620081424713134766 0.80251514911651611328 0.77959424257278442383 0.88447964191436767578 0.92996001243591308594 0.93122851848602294922 0.93395000696182250977 0.93217641115188598633 0.93034189939498901367 0.92885309457778930664 0.92620706558227539062 0.92229509353637695312 0.91966193914413452148 0.90319561958312988281 0.91482621431350708008 0.91973614692687988281
0.88576006889343261719 0.88687598705291748047 0.89255660772323608398 0.89741903543472290039 0.90136265754699707031 0.9034735560417175293 0.90229302644729614258 0.90327376127243041992 0.90240103006362915039 0.89909416437149047852 0.89783251285552978516 0.89275586605072021484 0.89393532276153564453 0.89008122682571411133 0.89749550819396972656 0.89486753940582275391 0.88982933759689331055 0.88957303762435913086 0.87578302621841430664 0.85381305217742919922 0.82837671041488647461 0.70251214504241943359 0.78675252199172973633 0.84157127141952514648 0.87398314476013183594 0.91988801956176757812 0.91705566644668579102 0.89820498228073120117 0.83703821897506713867 0.80913764238357543945 0.87488019466400146484 0.92000311613082885742 0.90671980381011962891 0.87725418806076049805 0.91627472639083862305 0.9208005070686340332 0.92713773250579833984 0.92723727226257324219 0.92627698183059692383 0.92707997560501098633 0.92754644155502319336 0.92688572406768798828 0.92496204376220703125 0.92320913076400756836
0.87281841039657592773 0.87685054540634155273 0.87712210416793823242 0.88225781917572021484 0.88910889625549316406 0.89180260896682739258 0.89761793613433837891 0.8969860076904296875 0.89605188369750976562 0.8964112401008605957 0.89726775884628295898 0.89279472827911376953 0.88997983932495117188 0.89118111133575439453 0.89007937908172607422 0.89458364248275756836 0.89224171638488769531 0.8898944854736328125 0.88366025686264038086 0.86497259140014648438 0.84851014614105224609 0.76758706569671630859 0.79575103521347045898 0.84095484018325805664 0.86528891324996948242 0.92271882295608520508 0.91605561971664428711 0.89472115039825439453 0.8826211094856262207 0.8429762721061706543 0.9172452092170715332 0.93126952648162841797 0.92760354280471801758 0.91824489831924438477 0.88038939237594604492 0.8627827763557434082 0.90293323993682861328 0.90581798553466796875 0.9212544560432434082 0.92061734199523925781 0.92532300949096679688 0.92408233880996704102 0.92151963710784912109 0.91900348663330078125
0.84990668296813964844 0.86646413803100585938 0.86486959457397460938 0.87456327676773071289 0.87772089242935180664 0.87512546777725219727 0.88827890157699584961 0.8908538818359375 0.88935291767120361328 0.88990247249603271484 0.89400637149810791016 0.89180922508239746094 0.88658130168914794922 0.8837330937385559082 0.88885736465454101562 0.88765496015548706055 0.89351689815521240234 0.88913178443908691406 0.87968242168426513672 0.86599802970886230469 0.84514921903610229492 0.78794831037521362305 0.7771746516227722168 0.85237449407577514648 0.8958575129508972168 0.92055571079254150391 0.91601735353469848633 0.87847745418548583984 0.86191123723983764648 0.89762717485427856445 0.92860662937164306641 0.93228524923324584961 0.92999464273452758789 0.91722863912582397461 0.89312577247619628906 0.90377503633499145508 0.91421729326248168945 0.92230272293090820312 0.92423295974731445312 0.9060904383659362793 0.91916614770889282227 0.91988599300384521484 0.89529585838317871094 0.89421689510345458984
0.85696023702621459961 0.86682295799255371094 0.8613865971565246582 0.8629963994026184082 0.88099855184555053711 0.85499519109725952148 0.87774223089218139648 0.88192802667617797852 0.88098734617233276367 0.88445657491683959961 0.88674873113632202148 0.8891048431396484375 0.8828232884407043457 0.88723856210708618164 0.8906891942024230957 0.86265110969543457031 0.89087957143783569336 0.893558502197265625 0.88441228866577148438 0.87264269590377807617 0.85131955146789550781 0.80607450008392333984 0.78953570127487182617 0.83894050121307373047 0.8741607666015625 0.90876406431198120117 0.93129259347915649414 0.88231736421585083008 0.85672873258590698242 0.90731203556060791016 0.9341023564338684082 0.93129801750183105469 0.92989742755889892578 0.92691409587860107422 0.92557859420776367188 0.92492520809173583984 0.92534780502319335938 0.92460209131240844727 0.92212820053100585938 0.91641896963119506836 0.92845290899276733398 0.92584913969039916992 0.92299419641494750977 0.91875171661376953125
0.86422759294509887695 0.81722837686538696289 0.82225644588470458984 0.83065801858901977539 0.84681707620620727539 0.8537896275520324707 0.86066412925720214844 0.8795267939567565918 0.86290770769119262695 0.87740993499755859375 0.88513457775115966797 0.88430142402648925781 0.87471300363540649414 0.88657379150390625 0.89105963706970214844 0.88343727588653564453 0.84219825267791748047 0.8885605931282043457 0.88806962966918945312 0.87649077177047729492 0.86380445957183837891 0.8323764801025390625 0.80616581439971923828 0.81120473146438598633 0.79775851964950561523 0.85180968046188354492 0.92866629362106323242 0.90522062778472900391 0.88354325294494628906 0.91680407524108886719 0.93561846017837524414 0.93060225248336791992 0.93155002593994140625 0.9301980137825012207 0.9298203587532043457 0.92761892080307006836 0.92435002326965332031 0.9162146449089050293 0.91748058795928955078 0.9138558506965637207 0.92663997411727905273 0.92623192071914672852 0.92252683639526367188 0.91349846124649047852
0.84868818521499633789 0.77736574411392211914 0.79647278785705566406 0.81670665740966796875 0.82331299781799316406 0.82471174001693725586 0.85259079933166503906 0.85957705974578857422 0.86806923151016235352 0.86979752779006958008 0.88042277097702026367 0.88136690855026245117 0.88515055179595947266 0.89156675338745117188 0.887210845947265625 0.88856279850006103516 0.88670712709426879883 0.87136077880859375 0.89003294706344604492 0.88928717374801635742 0.88537144660949707031 0.85577547550201416016 0.84850668907165527344 0.8822479248046875 0.87705278396606445312 0.88731443881988525391 0.92527753114700317383 0.93331027030944824219 0.92083406448364257812 0.90583264827728271484 0.93531566858291625977 0.93371731042861938477 0.93182444572448730469 0.92974609136581420898 0.92872434854507446289 0.927379608154296875 0.92350018024444580078 0.9195830225944519043 0.92167317867279052734 0.92629873752593994141 0.92489522695541381836 0.91584527492523193359 0.89879709482192993164 0.88221347332000732422
0.87666833400726318359 0.82765907049179077148 0.77029144763946533203 0.78036808967590332031 0.79689419269561767578 0.78483182191848754883 0.81118619441986083984 0.82182359695434570312 0.84306472539901733398 0.85505753755569458008 0.86417657136917114258 0.86655467748641967773 0.88027429580688476562 0.88716030120849609375 0.88165396451950073242 0.8838176727294921875 0.88344293832778930664 0.86432349681854248047 0.86626595258712768555 0.88513320684432983398 0.88851541280746459961 0.88710826635360717773 0.86500507593154907227 0.89937514066696166992 0.8799788355827331543 0.87482357025146484375 0.87292551994323730469 0.91185784339904785156 0.91385000944137573242 0.90487664937973022461 0.91382920742034912109 0.92017018795013427734 0.9195613861083984375 0.9214470982551574707 0.92365682125091552734 0.92510336637496948242 0.92411381006240844727 0.92475998401641845703 0.92825716733932495117 0.92878496646881103516 0.91354805231094360352 0.89754658937454223633 0.87334668636322021484 0.85458087921142578125
0.90943598747253417969 0.87998479604721069336 0.81243622303009033203 0.80689704418182373047 0.75516504049301147461 0.79679441452026367188 0.70958882570266723633 0.7643839716911315918 0.80909258127212524414 0.83897572755813598633 0.84893190860748291016 0.85901397466659545898 0.87499892711639404297 0.87901097536087036133 0.88098347187042236328 0.88313913345336914062 0.88177984952926635742 0.88107693195343017578 0.85540884733200073242 0.87843900918960571289 0.88313299417495727539 0.88564282655715942383 0.87720447778701782227 0.88666456937789916992 0.90226197242736816406 0.86689138412475585938 0.86945503950119018555 0.88372302055358886719 0.87482929229736328125 0.88614493608474731445 0.88752198219299316406 0.89651852846145629883 0.8874581456184387207 0.9021441340446472168 0.90963953733444213867 0.9171320796012878418 0.92178320884704589844 0.91714727878570556641 0.91864496469497680664 0.90734088420867919922 0.8839136958122253418 0.88033372163772583008 0.88440954685211181641 0.88165652751922607422
0.90391838550567626953 0.90627944469451904297 0.87312424182891845703 0.85039824247360229492 0.78605604171752929688 0.84880775213241577148 0.7250658869743347168 0.71257710456848144531 0.7849362492561340332 0.81569260358810424805 0.83525735139846801758 0.85445457696914672852 0.86820173263549804688 0.86725836992263793945 0.87501072883605957031 0.88357275724411010742 0.87983417510986328125 0.86961847543716430664 0.84662914276123046875 0.87765514850616455078 0.88150757551193237305 0.88643723726272583008 0.86472529172897338867 0.85205912590026855469 0.88338738679885864258 0.873973846435546875 0.87259888648986816406 0.86013132333755493164 0.85162192583084106445 0.85023605823516845703 0.8534361720085144043 0.87861859798431396484 0.89222002029418945312 0.89775198698043823242 0.90843445062637329102 0.90533947944641113281 0.89891272783279418945 0.89106678962707519531 0.89509588479995727539 0.89438396692276000977 0.89290142059326171875 0.90064311027526855469 0.90413558483123779297 0.88461083173751831055
0.90996819734573364258 0.90172523260116577148 0.89414107799530029297 0.88150864839553833008 0.87793993949890136719 0.88015383481979370117 0.76318269968032836914 0.63750028610229492188 0.77012050151824951172 0.81835573911666870117 0.84186053276062011719 0.83839821815490722656 0.85334378480911254883 0.8537648320198059082 0.87177622318267822266 0.87764328718185424805 0.87850528955459594727 0.86371338367462158203 0.81157350540161132812 0.86462813615798950195 0.87301468849182128906 0.88064587116241455078 0.86338090896606445312 0.84594190120697021484 0.87503015995025634766 0.86600625514984130859 0.86033207178115844727 0.84528756141662597656 0.83402645587921142578 0.83344137668609619141 0.83430773019790649414 0.85465651750564575195 0.88906204700469970703 0.89024984836578369141 0.91282808780670166016 0.91337734460830688477 0.91198748350143432617 0.89163798093795776367 0.88765424489974975586 0.90282118320465087891 0.90652829408645629883 0.90184110403060913086 0.88673537969589233398 0.91157203912734985352
-9999 0.89273810386657714844 0.89159870147705078125 0.89060980081558227539 0.89371711015701293945 0.87764704227447509766 0.77420794963836669922 0.65720522403717041016 0.77174347639083862305 0.79810506105422973633 0.81026446819305419922 0.83485043048858642578 0.8411967158317565918 0.85068249702453613281 0.86011642217636108398 0.86762815713882446289 0.87377387285232543945 0.86883139610290527344 0.85047632455825805664 0.84179490804672241211 0.87081122398376464844 0.87620222568511962891 0.86876302957534790039 0.8643932342529296875 0.87136018276214599609 0.87677198648452758789 0.87513059377670288086 0.86755728721618652344 0.85712510347366333008 0.8563912510871887207 0.85792529582977294922 0.86406821012496948242 0.88581901788711547852 0.89155668020248413086 0.90755027532577514648 0.9141343235969543457 0.90714442729949951172 0.89959913492202758789 0.89888590574264526367 0.89994525909423828125 0.90087819099426269531 0.88643562793731689453 0.90183269977569580078 0.90577602386474609375
-9999 0.89304524660110473633 0.88316047191619873047 0.87863546609878540039 0.87587338685989379883 0.82508701086044311523 0.68443089723587036133 0.76298666000366210938 0.75922769308090209961 0.78471481800079345703 0.79582726955413818359 0.8212191462516784668 0.83840447664260864258 0.83894056081771850586 0.85167580842971801758 0.8605632781982421875 0.86590272188186645508 0.86970490217208862305 0.86848050355911254883 0.86017185449600219727 0.85623073577880859375 0.8602765202522277832 0.86017137765884399414 0.87048828601837158203 0.87206315994262695312 0.87115502357482910156 0.87126481533050537109 0.87071549892425537109 0.87385910749435424805 0.87445831298828125 0.86989414691925048828 0.88482612371444702148 0.89262330532073974609 0.90156215429306030273 0.90354567766189575195 0.90440905094146728516 0.90666854381561279297 0.90811675786972045898 0.89966452121734619141 0.88364368677139282227 0.88317537307739257812 0.86250251531600952148 0.90757530927658081055 0.91198241710662841797
-9999 -9999 0.87984478473663330078 0.86287927627563476562 0.86807143688201904297 0.80202949047088623047 0.65768295526504516602 0.71876621246337890625 0.73154664039611816406 0.76627123355865478516 0.77783340215682983398 0.7975279688835144043 0.81386387348175048828 0.82838761806488037109 0.83681011199951171875 0.8485724329948425293 0.85475504398345947266 0.86553269624710083008 0.87310087680816650391 0.87022948265075683594 0.86220502853393554688 0.86460632085800170898 0.85406994819641113281 0.85280156135559082031 0.86010706424713134766 0.8633034825325012207 0.87140595912933349609 0.87189984321594238281 0.86885315179824829102 0.87202036380767822266 0.87954729795455932617 0.88027787208557128906 0.89449799060821533203 0.89833158254623413086 0.89750367403030395508 0.89814925193786621094 0.89877545833587646484 0.90024626255035400391 0.90862441062927246094 0.91123747825622558594 0.91302853822708129883 0.90767568349838256836 0.91508126258850097656 0.91207700967788696289
-9999 -9999 -9999 0.83404076099395751953 0.84439700841903686523 0.79640960693359375 0.71055132150650024414 0.6931819915771484375 0.7233244776725769043 0.75315582752227783203 0.77007132768630981445 0.7845122218132019043 0.79265576601028442383 0.79858362674713134766 0.82648897171020507812 0.84018158912658691406 0.84939217567443847656 0.8621928095817565918 0.86646944284439086914 0.87080085277557373047 0.8652699589729309082 0.85965484380722045898 0.86273264884948730469 0.85406333208084106445 0.84729170799255371094 0.83896142244338989258 0.85085660219192504883 0.84577620029449462891 0.85215085744857788086 0.85265821218490600586 0.85356032848358154297 0.86369943618774414062 0.89223676919937133789 0.8935546875 0.8918202519416809082 0.8897304534912109375 0.89229029417037963867 0.88286393880844116211 0.87983310222625732422 0.86942094564437866211 0.90407717227935791016 0.90940511226654052734 0.90968823432922363281 0.9144229888916015625
-9999 -9999 -9999 -9999 0.86642938852310180664 0.84457445144653320312 0.73679429292678833008 0.65811955928802490234 0.72664821147918701172 0.74424338340759277344 0.75550848245620727539 0.75851094722747802734 0.76734852790832519531 0.78461170196533203125 0.81092232465744018555 0.82491743564605712891 0.84453690052032470703 0.84962600469589233398 0.85898578166961669922 0.86135721206665039062 0.86619752645492553711 0.86478185653686523438 0.85712164640426635742 0.84600889682769775391 0.84049105644226074219 0.84177517890930175781 0.84698188304901123047 0.84439754486083984375 0.84632295370101928711 0.84009158611297607422 0.83105498552322387695 0.86981254816055297852 0.88972932100296020508 0.88403564691543579102 0.88154751062393188477 0.87876677513122558594 0.87947088479995727539 0.87001520395278930664 0.85914725065231323242 0.82739466428756713867 0.86468011140823364258 0.88739401102066040039 0.89170855283737182617 0.9106108546257019043
-9999 -9999 -9999 -9999 -9999 0.86737465858459472656 0.7351773381233215332 0.5878683924674987793 0.64128977060317993164 0.66440254449844360352 0.71086668968200683594 0.73174566030502319336 0.75298994779586791992 0.77520412206649780273 0.79006791114807128906 0.8063519597053527832 0.82880878448486328125 0.8397572636604309082 0.84680128097534179688 0.84871256351470947266 0.85354018211364746094 0.86388707160949707031 0.86890548467636108398 0.85005587339401245117 0.83565157651901245117 0.83371722698211669922 0.83603280782699584961 0.83377701044082641602 0.84016579389572143555 0.84209972620010375977 0.83977377414703369141 0.85968858003616333008 0.88183349370956420898 0.86824804544448852539 0.86487030982971191406 0.86128181219100952148 0.85400241613388061523 0.85086321830749511719 0.85186111927032470703 0.84382236003875732422 0.83660119771957397461 0.84341347217559814453 0.87165337800979614258 0.90520477294921875
-9999 -9999 -9999 -9999 -9999 0.88495206832885742188 0.74439382553100585938 0.64490842819213867188 0.73103666305541992188 0.71692615747451782227 0.64327776432037353516 0.72235977649688720703 0.74482488632202148438 0.76420605182647705078 0.77649337053298950195 0.78620928525924682617 0.79808819293975830078 0.81842601299285888672 0.82948076725006103516 0.8332767486572265625 0.83586603403091430664 0.82400751113891601562 0.86172759532928466797 0.86551225185394287109 0.83448332548141479492 0.83156085014343261719 0.82499825954437255859 0.82469099760055541992 0.81967723369598388672 0.81852412223815917969 0.81977510452270507812 0.83718544244766235352 0.87786430120468139648 0.87156140804290771484 0.86325293779373168945 0.85956549644470214844 0.86103081703186035156 0.84322732686996459961 0.84620958566665649414 0.84836435317993164062 0.82714742422103881836 0.85007637739181518555 0.89853656291961669922 0.91047912836074829102
-9999 -9999 -9999 -9999 -9999 -9999 0.798320770263671875 0.76755928993225097656 0.7875048518180847168 0.73883074522018432617 0.67940908670425415039 0.67034125328063964844 0.71598619222640991211 0.737579345703125 0.76005613803863525391 0.76114028692245483398 0.77132087945938110352 0.80554538965225219727 0.81709069013595581055 0.82010030746459960938 0.81322878599166870117 0.82012832164764404297 0.81886303424835205078 0.85221195220947265625 0.8309891819953918457 0.81003397703170776367 0.80212128162384033203 0.81597471237182617188 0.80819523334503173828 0.79260021448135375977 0.77845466136932373047 0.81094515323638916016 0.83598041534423828125 0.86191594600677490234 0.8477408289909362793 0.80847412347793579102 0.8578574061393737793 0.80588114261627197266 0.82651436328887939453 0.83905589580535888672 0.81930631399154663086 0.84861087799072265625 0.89237993955612182617 0.90833574533462524414
-9999 -9999 -9999 -9999 -9999 -9999 0.88843572139739990234 0.88328129053115844727 0.85886025428771972656 0.79141986370086669922 0.71052974462509155273 0.71494734287261962891 0.6709225773811340332 0.68524968624114990234 0.69612032175064086914 0.69404369592666625977 0.7563254237174987793 0.78420799970626831055 0.79988855123519897461 0.815692901611328125 0.80871278047561645508 0.79174715280532836914 0.79339820146560668945 0.82113236188888549805 0.79871845245361328125 0.7492389678955078125 0.75764882564544677734 0.79904013872146606445 0.81864762306213378906 0.79188495874404907227 0.83772754669189453125 0.84091430902481079102 0.83237439393997192383 0.85094147920608520508 0.84872859716415405273 0.82390356063842773438 0.85975033044815063477 0.81319630146026611328 0.810276031494140625 0.80545294284820556641 0.78755384683609008789 0.83501493930816650391 0.87177717685699462891 0.86213707923889160156
