OMS_GEOET11/data/RioRessi/DemRioRessi_1.asc
ncols        197
nrows        299
xllcorner    676026.592782575870
yllcorner    5072481.374398034066
cellsize     0.957286439418
NODATA_value  -3.4028234663852885981e+38
[rows 72 to 89 of 299, columns 40 to 79 of 197]
615.7039794921875 616.5 617.85498046875 618.427001953125 618.98101806640625 619.551025390625 620.56097412109375 621.0040283203125 621.4539794921875 621.98199462890625 622.406982421875 623.26702880859375 623.77301025390625 624.35699462890625 624.89398193359375 625.80401611328125 626.13299560546875 626.3709716796875 626.4739990234375 626.55401611328125 627.2139892578125 627.70501708984375 628.094970703125 628.35400390625 628.76898193359375 628.98297119140625 629.27099609375 629.6729736328125 630.53497314453125 630.9530029296875 631.3690185546875 631.77899169921875 632.14300537109375 632.7760009765625 633.14599609375 633.468994140625 633.8280029296875 634.5980224609375 634.7030029296875 635.1810302734375
615.7039794921875 616.5 617.85498046875 618.23699951171875 618.7919921875 619.29901123046875 619.8809814453125 620.78997802734375 621.2559814453125 621.7550048828125 622.2130126953125 623.11798095703125 623.6400146484375 624.16302490234375 624.73101806640625 625.59100341796875 625.85699462890625 626.12200927734375 626.2919921875 626.468994140625 627.2540283203125 627.6290283203125 627.926025390625 628.1610107421875 628.5250244140625 628.7559814453125 629.05401611328125 629.4329833984375 630.20501708984375 630.63397216796875 631.0679931640625 631.47601318359375 631.864990234375 632.56097412109375 632.8790283203125 633.18902587890625 633.59197998046875 634.31097412109375 634.7030029296875 635.1810302734375
615.66400146484375 616.260009765625 617.6209716796875 618.23699951171875 618.7919921875 619.29901123046875 619.8809814453125 620.78997802734375 621.0009765625 621.5269775390625 622.03900146484375 622.99200439453125 623.489990234375 623.9840087890625 624.614990234375 625.5250244140625 625.77301025390625 625.96600341796875 626.11700439453125 626.344970703125 627.14898681640625 627.4229736328125 627.6259765625 627.80499267578125 628.20098876953125 628.4530029296875 628.75799560546875 629.10101318359375 629.75897216796875 630.1710205078125 630.64398193359375 631.11700439453125 631.489990234375 632.32098388671875 632.67498779296875 632.98101806640625 633.34197998046875 634.14398193359375 634.49298095703125 634.885009765625
615.45697021484375 616.01702880859375 616.6409912109375 617.95697021484375 618.5369873046875 619.0570068359375 619.594970703125 620.50701904296875 621.0009765625 621.5269775390625 622.03900146484375 622.99200439453125 623.489990234375 623.9840087890625 624.26202392578125 624.8189697265625 625.6409912109375 625.843017578125 625.969970703125 626.21002197265625 626.91998291015625 627.09600830078125 627.25799560546875 627.42401123046875 627.823974609375 628.1290283203125 628.48199462890625 628.84600830078125 629.13897705078125 629.8060302734375 630.19000244140625 630.61199951171875 631.10101318359375 632.0889892578125 632.4439697265625 632.70697021484375 633.0780029296875 633.80999755859375 634.19500732421875 634.53997802734375
615.12298583984375 615.77099609375 616.333984375 617.5830078125 618.1300048828125 618.64599609375 619.197998046875 620.22601318359375 620.74102783203125 621.29400634765625 621.81500244140625 622.7020263671875 623.14898681640625 623.6820068359375 624.26202392578125 624.8189697265625 625.6409912109375 625.843017578125 625.969970703125 626.21002197265625 626.51202392578125 626.64501953125 626.76800537109375 626.9329833984375 627.43798828125 627.7559814453125 628.11700439453125 628.50299072265625 628.8809814453125 629.53497314453125 629.9110107421875 630.3380126953125 630.8270263671875 631.74798583984375 632.18402099609375 632.4749755859375 632.87799072265625 633.552978515625 633.844970703125 634.239013671875
614.82098388671875 615.47998046875 616.04302978515625 617.2030029296875 617.7659912109375 618.3499755859375 618.91900634765625 619.93597412109375 620.4580078125 621.010986328125 621.4210205078125 621.85302734375 622.7969970703125 623.37298583984375 623.8900146484375 624.45501708984375 625.41802978515625 625.62799072265625 625.802001953125 626.03399658203125 626.51202392578125 626.64501953125 626.76800537109375 626.9329833984375 627.17498779296875 627.35797119140625 627.7239990234375 628.12799072265625 628.57098388671875 629.37799072265625 629.75701904296875 630.16497802734375 630.70501708984375 631.49798583984375 631.9320068359375 632.2650146484375 632.583984375 632.916015625 633.63800048828125 633.99700927734375
614.541015625 615.16802978515625 615.7459716796875 616.84197998046875 617.39501953125 617.97998046875 618.5889892578125 619.614990234375 620.13897705078125 620.62200927734375 621.14202880859375 621.593017578125 622.49700927734375 622.9439697265625 623.47802734375 624.0770263671875 625.1209716796875 625.3489990234375 625.58001708984375 625.780029296875 626.14202880859375 626.218017578125 626.302978515625 626.46099853515625 626.72802734375 627.35797119140625 627.7239990234375 628.12799072265625 628.57098388671875 629.37799072265625 629.75701904296875 629.91998291015625 630.406005859375 631.26397705078125 631.71600341796875 632.07501220703125 632.4169921875 632.73199462890625 633.33197021484375 633.6920166015625
614.2239990234375 614.83099365234375 615.4229736328125 616.427978515625 616.93499755859375 617.52801513671875 618.17401123046875 618.5830078125 619.88299560546875 620.343994140625 620.70599365234375 621.1300048828125 622.11199951171875 622.71600341796875 623.2020263671875 623.74798583984375 624.833984375 625.28997802734375 625.4940185546875 625.5689697265625 625.62799072265625 625.89300537109375 625.9840087890625 626.14398193359375 626.4000244140625 627.0560302734375 627.43701171875 627.83099365234375 628.2020263671875 629.01800537109375 629.4539794921875 629.91998291015625 630.406005859375 630.81597900390625 631.71600341796875 632.07501220703125 632.4169921875 632.49298095703125 633.05401611328125 633.3909912109375
614.2239990234375 614.50799560546875 615.0789794921875 616.0789794921875 616.55401611328125 617.06298828125 617.614013671875 618.06201171875 619.47802734375 620.010986328125 620.3289794921875 620.6920166015625 621.739990234375 622.28399658203125 622.822998046875 623.427001953125 624.57501220703125 625.073974609375 625.2509765625 625.33502197265625 625.4019775390625 625.7239990234375 625.84100341796875 626.010009765625 626.26702880859375 626.8389892578125 627.1820068359375 627.5679931640625 627.9990234375 628.6619873046875 629.12200927734375 629.6300048828125 630.09698486328125 630.5059814453125 631.40301513671875 631.76800537109375 632.15802001953125 632.49298095703125 633.05401611328125 633.3909912109375
613.95001220703125 614.50799560546875 615.0789794921875 615.61297607421875 616.55401611328125 617.06298828125 617.614013671875 617.4429931640625 618.8690185546875 619.50799560546875 619.802978515625 620.114990234375 621.218994140625 621.8599853515625 622.39398193359375 623.00701904296875 623.66802978515625 624.79498291015625 625.10198974609375 625.24298095703125 625.3330078125 625.58001708984375 625.7239990234375 625.91400146484375 626.14801025390625 626.614013671875 626.85198974609375 627.1929931640625 627.656982421875 628.00897216796875 628.81500244140625 629.35601806640625 629.83599853515625 630.20599365234375 631.09600830078125 631.49200439453125 631.87799072265625 632.2459716796875 632.78900146484375 633.08697509765625
613.718017578125 614.2860107421875 614.85101318359375 615.35302734375 616.1519775390625 616.614990234375 617.0419921875 617.4429931640625 618.8690185546875 619.50799560546875 619.802978515625 620.114990234375 621.218994140625 621.33502197265625 621.906005859375 622.56097412109375 623.218994140625 624.4229736328125 624.84002685546875 625.11199951171875 625.3079833984375 625.47998046875 625.489990234375 625.59197998046875 625.80902099609375 626.3709716796875 626.6400146484375 626.91497802734375 627.197021484375 627.60101318359375 628.55999755859375 629.01300048828125 629.36297607421875 629.81597900390625 630.7509765625 631.155029296875 631.5050048828125 631.88201904296875 632.51202392578125 632.80401611328125
613.36798095703125 613.93701171875 614.4840087890625 614.93902587890625 615.677978515625 616.1500244140625 616.62701416015625 617.07098388671875 618.47900390625 619.0159912109375 619.2960205078125 619.5980224609375 620.73297119140625 621.33502197265625 621.906005859375 622.56097412109375 623.218994140625 624.4229736328125 624.84002685546875 624.6190185546875 624.92901611328125 625.21197509765625 625.1920166015625 625.21600341796875 625.31298828125 625.489990234375 626.20098876953125 626.531005859375 626.84100341796875 627.22900390625 628.11798095703125 628.573974609375 629.0560302734375 629.5369873046875 630.37298583984375 630.74298095703125 631.0789794921875 631.41998291015625 631.75 632.34600830078125
612.968017578125 613.29901123046875 613.7490234375 614.27398681640625 615.18402099609375 615.71600341796875 616.31402587890625 616.86700439453125 617.9639892578125 618.4229736328125 618.82098388671875 619.20599365234375 619.72900390625 620.88800048828125 621.4110107421875 622.0880126953125 622.67401123046875 623.76800537109375 624.19598388671875 624.6190185546875 624.92901611328125 625.21197509765625 625.1920166015625 625.21600341796875 624.95599365234375 625.07598876953125 625.61297607421875 625.9949951171875 626.41802978515625 626.82598876953125 627.708984375 628.18597412109375 628.698974609375 629.15997314453125 629.86602783203125 630.19598388671875 630.52899169921875 630.93597412109375 631.29498291015625 632.0689697265625
612.83697509765625 613.10699462890625 613.40301513671875 613.64697265625 614.63897705078125 615.20501708984375 615.822998046875 616.4219970703125 617.5269775390625 618.052978515625 618.53399658203125 618.9210205078125 619.3389892578125 620.26800537109375 620.83197021484375 621.48602294921875 622.02197265625 623.0159912109375 623.44097900390625 623.947021484375 624.3690185546875 624.8590087890625 624.86297607421875 624.885986328125 624.95599365234375 625.07598876953125 625.61297607421875 625.9949951171875 626.41802978515625 626.82598876953125 627.21099853515625 627.70098876953125 628.17901611328125 628.63299560546875 629.46099853515625 629.84002685546875 630.10498046875 630.41900634765625 630.781005859375 631.70098876953125
612.79498291015625 612.968994140625 613.15399169921875 613.40301513671875 614.0889892578125 614.59698486328125 615.25299072265625 615.8709716796875 616.47601318359375 617.573974609375 618.06500244140625 618.47900390625 618.82098388671875 619.656982421875 620.12799072265625 620.81298828125 621.3270263671875 622.34100341796875 622.802978515625 623.23699951171875 623.64398193359375 624.01702880859375 624.4219970703125 624.44500732421875 624.51800537109375 624.68597412109375 625.0830078125 625.43402099609375 625.864990234375 626.35699462890625 627.21099853515625 627.70098876953125 628.17901611328125 628.63299560546875 629.0479736328125 629.84002685546875 629.531005859375 629.87701416015625 630.2540283203125 631.06097412109375
612.81597900390625 612.96600341796875 613.1290283203125 613.3179931640625 613.8289794921875 614.19598388671875 614.70501708984375 615.30902099609375 615.97998046875 617.08697509765625 617.5250244140625 617.947998046875 618.37298583984375 619.20599365234375 619.614013671875 620.0980224609375 620.61199951171875 621.67498779296875 622.16302490234375 622.49298095703125 622.83001708984375 623.19500732421875 623.8189697265625 624.0050048828125 624.15997314453125 624.29400634765625 624.55999755859375 624.91802978515625 625.35601806640625 625.822998046875 626.68402099609375 627.1810302734375 627.635009765625 628.0889892578125 628.46099853515625 629.21600341796875 629.531005859375 629.87701416015625 630.2540283203125 631.06097412109375
612.81597900390625 612.96600341796875 613.1290283203125 613.3179931640625 613.594970703125 614.19598388671875 614.3480224609375 614.843994140625 615.34197998046875 616.57598876953125 617.04400634765625 617.4840087890625 617.81298828125 618.698974609375 619.1710205078125 619.47900390625 619.8709716796875 620.302001953125 621.135986328125 621.54302978515625 621.9420166015625 622.343017578125 623.114013671875 623.42901611328125 623.69500732421875 623.90301513671875 624.219970703125 624.4639892578125 624.7969970703125 625.23101806640625 625.7440185546875 626.6729736328125 627.09698486328125 627.52099609375 627.86700439453125 628.5999755859375 629.00799560546875 629.416015625 629.843017578125 630.698974609375
612.96502685546875 612.9739990234375 612.9840087890625 613.05499267578125 613.2490234375 613.89501953125 614.3480224609375 614.843994140625 615.34197998046875 616.57598876953125 617.04400634765625 617.4840087890625 617.0479736328125 617.77001953125 618.2550048828125 618.59197998046875 619.02001953125 619.46502685546875 620.31201171875 620.73797607421875 621.13702392578125 621.49102783203125 622.1290283203125 622.5050048828125 622.86700439453125 623.19097900390625 623.73297119140625 624.00897216796875 624.31201171875 624.68597412109375 625.281982421875 626.156005859375 626.61798095703125 626.97900390625 627.30902099609375 628.06402587890625 628.50897216796875 628.96099853515625 629.38897705078125 630.21002197265625
