OMS_GEOET11/data/RioRessi/DemRioRessi_1.asc
ncols        197
nrows        299
xllcorner    676026.592782575870
yllcorner    5072481.374398034066
cellsize     0.957286439418
NODATA_value  -3.4028234663852885981e+38
[rows 90 to 107 of 299, columns 120 to 159 of 197]
650.6810302734375 651.302978515625 651.85198974609375 652.5260009765625 652.70697021484375 652.906982421875 653.09698486328125 653.45697021484375 653.6300048828125 653.802001953125 653.96002197265625 654.114013671875 654.43798828125 654.61602783203125 654.80499267578125 654.98101806640625 655.27001953125 655.45697021484375 655.6729736328125 655.9639892578125 656.3709716796875 656.61602783203125 656.843017578125 656.96502685546875 657.19000244140625 657.60101318359375 657.79498291015625 657.97900390625 658.19000244140625 658.6090087890625 658.77197265625 658.875 659.01397705078125 659.33197021484375 659.4210205078125 659.4959716796875 659.54901123046875 659.57501220703125 -3.4028234663852885981e+38 -3.4028234663852885981e+38
650.6510009765625 651.24298095703125 651.78900146484375 652.50799560546875 652.72198486328125 652.90802001953125 653.10400390625 653.51702880859375 653.6920166015625 653.85198974609375 654.02899169921875 654.21002197265625 654.55401611328125 654.72698974609375 654.9119873046875 655.10797119140625 655.447998046875 655.6199951171875 655.77801513671875 655.9639892578125 656.3709716796875 656.61602783203125 656.843017578125 656.96502685546875 657.19000244140625 657.7750244140625 658.0040283203125 658.23297119140625 658.46600341796875 658.78900146484375 658.9840087890625 659.10198974609375 659.2860107421875 659.52099609375 659.67498779296875 659.760009765625 659.81097412109375 659.843994140625 -3.4028234663852885981e+38 -3.4028234663852885981e+38
650.5150146484375 651.05499267578125 651.62799072265625 652.46502685546875 652.7020263671875 652.9229736328125 653.12200927734375 653.3289794921875 653.7449951171875 653.91302490234375 654.10699462890625 654.302978515625 654.63897705078125 654.82098388671875 655.0009765625 655.1810302734375 655.56201171875 655.76397705078125 655.97802734375 656.19500732421875 656.364013671875 656.78399658203125 656.98602294921875 657.18402099609375 657.406982421875 657.7750244140625 658.0040283203125 658.23297119140625 658.46600341796875 658.78900146484375 658.9840087890625 659.3690185546875 659.50799560546875 659.65802001953125 659.93798828125 659.9990234375 660.04302978515625 660.08197021484375 -3.4028234663852885981e+38 -3.4028234663852885981e+38
650.36199951171875 650.99798583984375 651.5479736328125 652.46099853515625 652.6939697265625 652.9000244140625 653.1190185546875 653.3480224609375 653.7659912109375 653.96002197265625 654.155029296875 654.3380126953125 654.72198486328125 654.927001953125 655.0999755859375 655.26397705078125 655.7080078125 655.9310302734375 656.1510009765625 656.35699462890625 656.5460205078125 656.97698974609375 657.197998046875 657.343994140625 657.58099365234375 657.98699951171875 658.177978515625 658.4110107421875 658.61102294921875 659.06097412109375 659.25201416015625 659.3690185546875 659.50799560546875 659.65802001953125 659.93798828125 659.9990234375 660.2239990234375 660.24298095703125 -3.4028234663852885981e+38 -3.4028234663852885981e+38
650.36199951171875 650.7969970703125 651.34600830078125 651.93499755859375 652.68499755859375 652.885986328125 653.10601806640625 653.3489990234375 653.7969970703125 653.9739990234375 654.166015625 654.37701416015625 654.77099609375 654.99798583984375 655.197998046875 655.39398193359375 655.65301513671875 656.093017578125 656.32098388671875 656.53900146484375 656.72601318359375 657.14697265625 657.36798095703125 657.5780029296875 657.78997802734375 658.19500732421875 658.4000244140625 658.614990234375 658.80999755859375 659.0050048828125 659.42901611328125 659.572998046875 659.73297119140625 659.89801025390625 660.14801025390625 660.20697021484375 660.2239990234375 660.24298095703125 -3.4028234663852885981e+38 -3.4028234663852885981e+38
650.27398681640625 650.7969970703125 651.34600830078125 651.93499755859375 652.68499755859375 652.885986328125 653.10601806640625 653.364013671875 653.77197265625 653.99798583984375 654.18597412109375 654.39398193359375 654.8330078125 655.072998046875 655.2860107421875 655.50299072265625 655.7760009765625 656.23101806640625 656.46502685546875 656.71099853515625 656.906982421875 657.33099365234375 657.5360107421875 657.7540283203125 657.95599365234375 658.3900146484375 658.58001708984375 658.81201171875 659.01300048828125 659.21502685546875 659.62298583984375 659.760986328125 659.92498779296875 660.0889892578125 660.333984375 660.39697265625 660.4439697265625 660.489013671875 -3.4028234663852885981e+38 -3.4028234663852885981e+38
650.21502685546875 650.78802490234375 651.4019775390625 651.9169921875 652.5989990234375 652.86700439453125 653.1209716796875 653.364013671875 653.77197265625 653.99798583984375 654.18597412109375 654.39398193359375 654.63201904296875 655.14300537109375 655.36602783203125 655.60601806640625 655.90301513671875 656.34698486328125 656.58502197265625 656.85101318359375 657.07098388671875 657.49298095703125 657.72100830078125 657.93499755859375 658.1240234375 658.3380126953125 658.75897216796875 658.9730224609375 659.17498779296875 659.3900146484375 659.81402587890625 659.968994140625 660.15399169921875 660.3079833984375 660.530029296875 660.60601806640625 660.6810302734375 660.72900390625 -3.4028234663852885981e+38 -3.4028234663852885981e+38
650.29498291015625 650.78497314453125 651.260009765625 651.8079833984375 652.68701171875 652.85302734375 653.10302734375 653.344970703125 653.7860107421875 653.969970703125 654.21600341796875 654.46502685546875 654.69500732421875 655.14300537109375 655.36602783203125 655.60601806640625 655.90301513671875 656.34698486328125 656.698974609375 656.95001220703125 657.18701171875 657.65301513671875 657.88897705078125 658.08697509765625 658.29498291015625 658.5059814453125 658.9169921875 659.1259765625 659.33599853515625 659.53900146484375 659.9749755859375 660.1199951171875 660.3079833984375 660.46502685546875 660.66497802734375 660.75701904296875 660.8289794921875 660.885986328125 660.93597412109375 -3.4028234663852885981e+38
650.27398681640625 650.78997802734375 651.24700927734375 651.76702880859375 652.63897705078125 652.8709716796875 653.0989990234375 653.2979736328125 653.73699951171875 654.02398681640625 654.2340087890625 654.4429931640625 654.677001953125 655.2020263671875 655.4749755859375 655.7440185546875 655.99798583984375 656.47802734375 656.698974609375 656.95001220703125 657.18701171875 657.405029296875 657.88897705078125 658.08697509765625 658.44598388671875 658.676025390625 659.06597900390625 659.2559814453125 659.4739990234375 659.6719970703125 660.093017578125 660.2769775390625 660.44097900390625 660.5880126953125 660.71600341796875 660.9229736328125 660.989990234375 661.041015625 661.0880126953125 -3.4028234663852885981e+38
650.260986328125 650.73297119140625 651.26202392578125 651.82098388671875 652.61199951171875 652.77197265625 653.0040283203125 653.22601318359375 653.469970703125 654.0009765625 654.22601318359375 654.4730224609375 654.7349853515625 655.28997802734375 655.54901123046875 655.79901123046875 656.0689697265625 656.59698486328125 656.84197998046875 657.09600830078125 657.29998779296875 657.5419921875 658.00701904296875 658.24200439453125 658.44598388671875 658.676025390625 659.06597900390625 659.2559814453125 659.4739990234375 659.6719970703125 660.1920166015625 660.39202880859375 660.5469970703125 660.7030029296875 660.8480224609375 661.04998779296875 661.1240234375 661.17999267578125 661.2230224609375 -3.4028234663852885981e+38
650.2509765625 650.7239990234375 651.19097900390625 651.77197265625 652.5980224609375 652.77899169921875 653.01898193359375 653.2249755859375 653.43798828125 653.93902587890625 654.16998291015625 654.4229736328125 654.70599365234375 655.2960205078125 655.60498046875 655.89300537109375 656.15399169921875 656.6729736328125 656.9420166015625 657.22698974609375 657.47601318359375 657.66302490234375 658.094970703125 658.34698486328125 658.52801513671875 658.7650146484375 659.1619873046875 659.37701416015625 659.593994140625 659.79901123046875 660.1920166015625 660.39202880859375 660.5469970703125 660.7030029296875 660.8480224609375 661.1290283203125 661.208984375 661.28802490234375 661.3599853515625 661.45098876953125
650.19598388671875 650.66900634765625 651.15301513671875 651.698974609375 652.13800048828125 652.72900390625 652.92901611328125 653.166015625 653.4119873046875 653.9019775390625 654.1309814453125 654.39300537109375 654.68902587890625 655.33099365234375 655.6240234375 655.91302490234375 656.21099853515625 656.52398681640625 657.03900146484375 657.29498291015625 657.5269775390625 657.7750244140625 658.22198486328125 658.42901611328125 658.62799072265625 658.8380126953125 659.22998046875 659.45001220703125 659.70001220703125 659.89501953125 660.08099365234375 660.44097900390625 660.614990234375 660.7769775390625 660.9219970703125 661.1290283203125 661.208984375 661.28802490234375 661.3599853515625 661.45098876953125
650.19598388671875 650.66900634765625 651.15301513671875 651.698974609375 652.13800048828125 652.72900390625 652.90399169921875 653.13397216796875 653.3499755859375 653.8270263671875 654.08197021484375 654.36297607421875 654.64501953125 655.26800537109375 655.63201904296875 655.947998046875 656.22998046875 656.53900146484375 657.09698486328125 657.35498046875 657.56500244140625 657.81597900390625 658.26702880859375 658.4749755859375 658.62701416015625 658.8480224609375 659.28497314453125 659.46600341796875 659.7230224609375 659.91400146484375 660.11700439453125 660.52001953125 660.666015625 660.83197021484375 660.98297119140625 661.2030029296875 661.32501220703125 661.406005859375 661.4580078125 661.593994140625
649.65301513671875 650.52001953125 651.0989990234375 651.59698486328125 652.052978515625 652.66497802734375 652.90399169921875 653.13397216796875 653.3499755859375 653.8270263671875 654.08197021484375 654.33197021484375 654.60498046875 654.89501953125 655.56097412109375 655.88201904296875 656.21502685546875 656.5679931640625 657.12701416015625 657.3809814453125 657.60400390625 657.86602783203125 658.2230224609375 658.426025390625 658.7020263671875 658.8900146484375 659.0889892578125 659.51300048828125 659.70001220703125 659.9229736328125 660.11602783203125 660.489990234375 660.697998046875 660.89398193359375 661.0479736328125 661.28802490234375 661.3740234375 661.4749755859375 661.573974609375 661.63897705078125
649.60400390625 650.4420166015625 650.91400146484375 651.46099853515625 651.9849853515625 652.58697509765625 652.85601806640625 653.073974609375 653.2979736328125 653.73602294921875 654.05401611328125 654.33197021484375 654.60498046875 654.89501953125 655.56097412109375 655.88201904296875 656.21502685546875 656.4630126953125 657.0670166015625 657.32000732421875 657.551025390625 657.7760009765625 658.197998046875 658.41998291015625 658.66497802734375 658.89501953125 659.10797119140625 659.4849853515625 659.67401123046875 659.93798828125 660.1199951171875 660.4990234375 660.6810302734375 660.9019775390625 661.07598876953125 661.34100341796875 661.45098876953125 661.55401611328125 661.64898681640625 661.72998046875
649.53802490234375 650.3599853515625 650.822021484375 651.33599853515625 651.833984375 652.55401611328125 652.74102783203125 652.9959716796875 653.2239990234375 653.4420166015625 654.010009765625 654.27801513671875 654.5479736328125 654.84698486328125 655.47998046875 655.81097412109375 656.14501953125 656.4630126953125 657.0670166015625 657.32000732421875 657.551025390625 657.7760009765625 657.989013671875 658.32598876953125 658.57098388671875 658.8070068359375 659.02197265625 659.4320068359375 659.64398193359375 659.885986328125 660.083984375 660.44097900390625 660.64599609375 660.8489990234375 661.02398681640625 661.17401123046875 661.48699951171875 661.60198974609375 661.69097900390625 661.78302001953125
649.42498779296875 650.2650146484375 650.71002197265625 651.26397705078125 651.77099609375 652.49798583984375 652.64898681640625 652.91998291015625 653.16302490234375 653.38800048828125 653.95098876953125 654.198974609375 654.4630126953125 654.77301025390625 655.42901611328125 655.72998046875 656.02801513671875 656.322998046875 656.9310302734375 657.197021484375 657.43499755859375 657.66802978515625 657.87298583984375 658.32598876953125 658.57098388671875 658.8070068359375 659.02197265625 659.4320068359375 659.64398193359375 659.77197265625 659.9849853515625 660.3909912109375 660.58099365234375 660.780029296875 660.958984375 661.1240234375 661.46600341796875 661.594970703125 661.70001220703125 661.7960205078125
649.37200927734375 650.17401123046875 650.63397216796875 651.1719970703125 651.6710205078125 652.0780029296875 652.62701416015625 652.85400390625 653.125 653.3740234375 653.87701416015625 654.11102294921875 654.37799072265625 654.6939697265625 655.322021484375 655.6300048828125 655.916015625 656.1619873046875 656.4420166015625 657.0059814453125 657.25701904296875 657.510009765625 657.74798583984375 658.218994140625 658.43798828125 658.6729736328125 658.8909912109375 659.31500244140625 659.55999755859375 659.77197265625 659.9849853515625 660.1920166015625 660.58099365234375 660.780029296875 660.87799072265625 661.0479736328125 661.406005859375 661.54901123046875 661.6719970703125 661.79400634765625
