OMS_GEOET11/data/RioRessi/DemRioRessi_1.asc
ncols        197
nrows        299
xllcorner    676026.592782575870
yllcorner    5072481.374398034066
cellsize     0.957286439418
NODATA_value  -3.4028234663852885981e+38
[rows 126 to 143 of 299, columns 120 to 159 of 197]
646.81402587890625 647.51397705078125 648.198974609375 648.59600830078125 649.510986328125 650.0159912109375 650.42401123046875 650.85400390625 651.65997314453125 652.0679931640625 652.44500732421875 652.78802490234375 653.07098388671875 653.3690185546875 653.51300048828125 653.65997314453125 653.80999755859375 654.156982421875 654.36297607421875 654.55999755859375 654.77197265625 655.2550048828125 655.531005859375 655.802001953125 656.093017578125 656.35601806640625 656.94000244140625 657.16302490234375 657.53802490234375 657.822021484375 658.5260009765625 658.83502197265625 659.08599853515625 659.385009765625 660.02899169921875 660.33697509765625 660.67401123046875 661.12701416015625 661.7340087890625 662.843994140625
646.34698486328125 647.09197998046875 647.68902587890625 648.18402099609375 649.2020263671875 649.78802490234375 650.19000244140625 650.56500244140625 650.948974609375 651.8060302734375 652.28302001953125 652.6719970703125 652.9580078125 653.32000732421875 653.50201416015625 653.6719970703125 653.8189697265625 654.13800048828125 654.3179931640625 654.53302001953125 654.77197265625 654.99298095703125 655.531005859375 655.802001953125 656.093017578125 656.35198974609375 656.94500732421875 657.219970703125 657.5260009765625 657.82598876953125 658.46502685546875 658.75701904296875 659.0570068359375 659.3809814453125 659.7249755859375 660.41497802734375 660.77398681640625 661.1920166015625 661.6929931640625 662.9949951171875
645.80401611328125 646.43597412109375 647.07098388671875 647.61700439453125 648.77001953125 649.2969970703125 649.8499755859375 650.37200927734375 650.83599853515625 651.656982421875 652.072998046875 652.405029296875 652.698974609375 653.260986328125 653.44097900390625 653.614990234375 653.79998779296875 654.14300537109375 654.344970703125 654.572021484375 654.79998779296875 655.01702880859375 655.531982421875 655.79998779296875 656.07501220703125 656.35198974609375 656.94500732421875 657.219970703125 657.5260009765625 657.82598876953125 658.46502685546875 658.82501220703125 659.0880126953125 659.41900634765625 659.78802490234375 660.42901611328125 660.74798583984375 661.1300048828125 661.6099853515625 662.8499755859375
645.1519775390625 645.65802001953125 646.2979736328125 646.94598388671875 647.61297607421875 648.8800048828125 649.4520263671875 650.09002685546875 650.6939697265625 651.56597900390625 651.8590087890625 652.155029296875 652.48699951171875 653.14501953125 653.38800048828125 653.61199951171875 653.82000732421875 654.0050048828125 654.35699462890625 654.57598876953125 654.80902099609375 655.02899169921875 655.552978515625 655.8060302734375 656.0880126953125 656.41497802734375 657.0040283203125 657.3389892578125 657.5579833984375 657.8599853515625 658.17498779296875 658.82501220703125 659.0880126953125 659.41900634765625 659.78802490234375 660.42901611328125 660.74798583984375 661.13299560546875 661.6090087890625 662.844970703125
645.1519775390625 644.9520263671875 645.50201416015625 646.27398681640625 646.97198486328125 648.35302734375 649.01702880859375 649.66497802734375 650.2039794921875 651.18499755859375 651.573974609375 651.93701171875 652.2869873046875 652.94000244140625 653.20599365234375 653.468017578125 653.72802734375 653.968994140625 654.38897705078125 654.5889892578125 654.81500244140625 655.08502197265625 655.61798095703125 655.88897705078125 656.1300048828125 656.43499755859375 657.0479736328125 657.39599609375 657.60601806640625 657.91900634765625 658.25 658.906982421875 659.18402099609375 659.50799560546875 659.83697509765625 660.4219970703125 660.7449951171875 661.13299560546875 661.6090087890625 662.844970703125
644.40802001953125 644.9520263671875 645.50201416015625 646.27398681640625 646.97198486328125 648.35302734375 649.01702880859375 648.9739990234375 649.59600830078125 650.75701904296875 651.26702880859375 651.697998046875 652.05902099609375 652.6610107421875 652.989013671875 653.3179931640625 653.635009765625 653.927978515625 654.43701171875 654.71197509765625 654.9439697265625 655.22802734375 655.739013671875 655.9840087890625 656.24798583984375 656.489013671875 656.7769775390625 657.42401123046875 657.7139892578125 658.03497314453125 658.38201904296875 658.927978515625 659.2659912109375 659.58197021484375 659.8809814453125 660.45697021484375 660.78302001953125 661.208984375 661.7349853515625 662.34698486328125
643.10198974609375 644.36700439453125 645.02899169921875 645.68597412109375 646.301025390625 647.614013671875 648.28802490234375 648.9739990234375 649.59600830078125 650.75701904296875 651.26702880859375 651.697998046875 652.05902099609375 652.10400390625 652.84002685546875 653.2020263671875 653.5670166015625 653.91497802734375 654.36798095703125 654.68701171875 655.0040283203125 655.26898193359375 655.86199951171875 656.135986328125 656.40802001953125 656.54901123046875 656.85601806640625 657.59002685546875 657.885009765625 658.198974609375 658.53802490234375 659.13800048828125 659.42901611328125 659.69598388671875 659.95697021484375 660.5469970703125 660.8709716796875 661.3599853515625 661.9730224609375 662.61602783203125
642.47198486328125 643.70599365234375 644.4849853515625 645.13201904296875 645.72698974609375 646.95501708984375 647.5880126953125 648.24200439453125 648.93597412109375 650.34002685546875 650.89898681640625 651.34100341796875 651.72900390625 652.10400390625 652.84002685546875 653.2020263671875 653.5670166015625 653.91497802734375 654.29901123046875 654.60797119140625 654.9169921875 655.28900146484375 655.8800048828125 656.13897705078125 656.4169921875 656.73297119140625 657.0469970703125 657.656005859375 657.9730224609375 658.32501220703125 658.67999267578125 659.36602783203125 659.635009765625 659.8289794921875 660.07598876953125 660.74798583984375 661.26800537109375 661.7550048828125 662.2650146484375 662.85601806640625
641.75701904296875 643.09100341796875 643.8809814453125 644.64599609375 645.24102783203125 646.468994140625 647.14300537109375 647.7860107421875 648.447998046875 649.135986328125 650.4849853515625 651.01702880859375 651.47998046875 651.89898681640625 652.6829833984375 653.05902099609375 653.406005859375 653.69097900390625 654.29901123046875 654.60797119140625 654.9169921875 655.28900146484375 655.60699462890625 656.13897705078125 656.39300537109375 656.63897705078125 656.92901611328125 657.6829833984375 658.06298828125 658.47601318359375 658.85498046875 659.468017578125 659.7459716796875 659.93402099609375 660.2030029296875 660.56298828125 661.48297119140625 662.08697509765625 662.677978515625 663.218017578125
640.94097900390625 642.510986328125 643.3179931640625 644.15802001953125 644.844970703125 646.13702392578125 646.77197265625 647.46600341796875 648.1259765625 648.77197265625 650.11602783203125 650.61199951171875 651.1300048828125 651.6519775390625 652.57000732421875 653.03497314453125 653.4019775390625 653.65899658203125 654.344970703125 654.66400146484375 654.95098876953125 655.36700439453125 655.69500732421875 656.16497802734375 656.39300537109375 656.63897705078125 656.92901611328125 657.6829833984375 658.06298828125 658.47601318359375 658.9420166015625 659.51800537109375 659.802978515625 660.0880126953125 660.40802001953125 660.82098388671875 661.8709716796875 662.42401123046875 662.9959716796875 663.5469970703125
640.2540283203125 641.9110107421875 642.86700439453125 643.7979736328125 644.552001953125 645.218994140625 646.46099853515625 647.15301513671875 647.8489990234375 648.5260009765625 649.83502197265625 650.323974609375 650.843017578125 651.3809814453125 652.458984375 653.01397705078125 653.42401123046875 653.68701171875 654.052978515625 654.79498291015625 655.14398193359375 655.5040283203125 655.77801513671875 656.19097900390625 656.364013671875 656.510009765625 656.8499755859375 657.66998291015625 658.1199951171875 658.5050048828125 658.9420166015625 659.29400634765625 659.802978515625 660.0880126953125 660.40802001953125 660.82098388671875 662.1719970703125 662.72100830078125 663.2760009765625 663.80499267578125
639.3330078125 641.34600830078125 642.22900390625 643.33001708984375 644.23699951171875 644.93499755859375 646.11798095703125 646.8380126953125 647.6409912109375 648.26898193359375 649.3809814453125 650.00799560546875 650.64300537109375 651.2449951171875 652.3790283203125 652.94000244140625 653.40301513671875 653.77899169921875 654.1820068359375 654.96697998046875 655.33502197265625 655.6719970703125 655.9210205078125 656.2509765625 656.4119873046875 656.53302001953125 656.76300048828125 657.552978515625 658.02001953125 658.47601318359375 658.89898681640625 659.28497314453125 659.97100830078125 660.39501953125 660.77001953125 661.16900634765625 662.1719970703125 662.72100830078125 663.2760009765625 663.80499267578125
639.3330078125 640.385009765625 642.22900390625 643.33001708984375 644.23699951171875 644.93499755859375 645.75799560546875 646.43902587890625 647.19598388671875 647.8759765625 649.094970703125 649.83099365234375 650.5059814453125 651.11102294921875 651.65399169921875 652.791015625 653.31402587890625 653.77001953125 654.14300537109375 655.06500244140625 655.4169921875 655.7750244140625 656.06597900390625 656.427001953125 656.6259765625 656.76202392578125 656.86102294921875 657.114013671875 658.11297607421875 658.510986328125 658.89697265625 659.31402587890625 660.09197998046875 660.5789794921875 661.10101318359375 661.583984375 662.510009765625 663.04998779296875 663.55902099609375 663.9940185546875
638.82098388671875 639.6099853515625 641.6099853515625 642.7860107421875 643.89398193359375 644.63299560546875 645.75799560546875 646.43902587890625 647.19598388671875 647.8759765625 649.094970703125 649.83099365234375 650.2919921875 650.885009765625 651.468017578125 652.698974609375 653.260009765625 653.76397705078125 654.2230224609375 655.1400146484375 655.46600341796875 655.8170166015625 656.11297607421875 656.57098388671875 656.781005859375 656.96697998046875 657.14898681640625 657.3759765625 658.218994140625 658.60400390625 659 659.4019775390625 660.2559814453125 660.7249755859375 661.2509765625 661.7490234375 662.65899658203125 663.15997314453125 663.67901611328125 664.1710205078125
638.72698974609375 639.3179931640625 641.53997802734375 642.63702392578125 643.55401611328125 644.35400390625 645.594970703125 646.01397705078125 646.6400146484375 647.4320068359375 648.27899169921875 649.66998291015625 650.2919921875 650.885009765625 651.468017578125 652.698974609375 653.260009765625 653.8179931640625 654.3489990234375 655.24102783203125 655.57598876953125 655.9110107421875 656.27301025390625 656.56298828125 657.041015625 657.2659912109375 657.5570068359375 657.8060302734375 658.49200439453125 658.89300537109375 659.1610107421875 659.531005859375 660.38201904296875 660.8389892578125 661.35101318359375 661.885009765625 662.4010009765625 663.36602783203125 663.8289794921875 664.25799560546875
638.5059814453125 639.1929931640625 641.30401611328125 642.3189697265625 643.15899658203125 643.86700439453125 645.24102783203125 645.76800537109375 646.50201416015625 647.30999755859375 648.135986328125 649.56201171875 650.125 650.68902587890625 651.302978515625 652.68499755859375 653.26800537109375 653.8179931640625 654.3489990234375 655.24102783203125 655.57598876953125 655.9110107421875 656.27301025390625 656.81201171875 657.4310302734375 657.698974609375 657.926025390625 658.24298095703125 658.7760009765625 659.1939697265625 659.458984375 659.77899169921875 660.49700927734375 660.91900634765625 661.40301513671875 661.94000244140625 662.5 663.47198486328125 663.89898681640625 664.35302734375
638.10498046875 639.06201171875 641.07501220703125 642.0570068359375 642.9310302734375 643.63800048828125 644.9210205078125 645.6090087890625 646.38897705078125 647.23101806640625 648.06597900390625 649.5479736328125 650.14300537109375 650.71502685546875 651.3270263671875 652.677978515625 653.35699462890625 653.97198486328125 654.4420166015625 655.33599853515625 655.7509765625 656.14300537109375 656.49102783203125 656.81201171875 657.4310302734375 657.698974609375 657.926025390625 658.24298095703125 658.7760009765625 659.405029296875 659.625 659.92901611328125 660.28497314453125 661.00897216796875 661.49798583984375 662.00897216796875 662.531005859375 663.58099365234375 664.031982421875 664.5050048828125
637.864990234375 638.8170166015625 640.531982421875 641.52899169921875 642.45599365234375 643.1619873046875 643.89697265625 645.44598388671875 646.27099609375 647.051025390625 647.833984375 649.4429931640625 650.2550048828125 650.906005859375 651.45599365234375 652.82501220703125 653.4849853515625 654.08697509765625 654.64697265625 655.06201171875 655.927001953125 656.39398193359375 656.8280029296875 657.2030029296875 657.69500732421875 657.9329833984375 658.218994140625 658.50201416015625 659.1409912109375 659.405029296875 659.625 659.92901611328125 660.28497314453125 661.00897216796875 661.63800048828125 662.16400146484375 662.68499755859375 663.67498779296875 664.08599853515625 664.57098388671875
