OMS_GEOET11/data/RioRessi/DemRioRessi_1.asc
ncols        197
nrows        299
xllcorner    676026.592782575870
yllcorner    5072481.374398034066
cellsize     0.957286439418
NODATA_value  -3.4028234663852885981e+38
[rows 180 to 197 of 299, columns 120 to 159 of 197]
652.31402587890625 651.72802734375 651.35498046875 651.17999267578125 651.875 652.52197265625 653.04400634765625 653.50799560546875 654.26202392578125 654.6099853515625 654.8499755859375 655.00701904296875 655.31201171875 655.42401123046875 655.55902099609375 655.71600341796875 655.86102294921875 656.10302734375 656.35400390625 656.68798828125 656.94598388671875 657.656005859375 657.95697021484375 658.3070068359375 658.76202392578125 659.74700927734375 660.19000244140625 660.71099853515625 661.280029296875 661.916015625 662.958984375 663.4019775390625 663.89801025390625 664.4169921875 665.53302001953125 666.010009765625 666.5150146484375 667.0989990234375 668.375 668.94097900390625
652.31402587890625 651.72802734375 651.35498046875 651.17999267578125 651.875 653.06597900390625 653.54998779296875 653.94500732421875 654.6199951171875 654.80999755859375 654.9730224609375 655.12200927734375 655.34002685546875 655.46600341796875 655.593017578125 655.73602294921875 655.90997314453125 656.219970703125 656.4520263671875 656.7340087890625 657.09698486328125 657.8289794921875 658.1619873046875 658.5570068359375 659.04998779296875 659.94097900390625 660.406982421875 660.9639892578125 661.54998779296875 662.1610107421875 663.051025390625 663.5419921875 664.02301025390625 664.5469970703125 665.70001220703125 666.20098876953125 666.75 667.343017578125 668.6240234375 669.1929931640625
652.85302734375 652.26702880859375 652.052001953125 651.94000244140625 652.44500732421875 653.06597900390625 653.54998779296875 653.94500732421875 654.6199951171875 654.80999755859375 654.9730224609375 655.28900146484375 655.4429931640625 655.6099853515625 655.68402099609375 655.78497314453125 655.93499755859375 656.38299560546875 656.7490234375 657.12799072265625 657.4520263671875 658.20001220703125 658.6510009765625 659.1309814453125 659.56402587890625 659.968017578125 660.8280029296875 661.30902099609375 661.8380126953125 662.37799072265625 663.3809814453125 663.864990234375 664.344970703125 664.885986328125 666.0150146484375 666.5059814453125 667.052001953125 667.6259765625 668.18902587890625 669.4580078125
653.38800048828125 652.9539794921875 652.6810302734375 652.48699951171875 652.7540283203125 653.31201171875 653.66900634765625 654.02801513671875 654.7459716796875 654.93402099609375 655.11297607421875 655.28900146484375 655.4429931640625 655.6099853515625 655.68402099609375 655.78497314453125 655.93499755859375 656.96697998046875 657.3280029296875 657.677001953125 657.9849853515625 658.73699951171875 659.2449951171875 659.7760009765625 660.30499267578125 660.76202392578125 661.614990234375 662.0260009765625 662.38897705078125 662.833984375 663.81500244140625 664.28802490234375 664.781005859375 665.29302978515625 666.32598876953125 666.80499267578125 667.3389892578125 667.8909912109375 668.44000244140625 669.71099853515625
653.9010009765625 653.48101806640625 653.1409912109375 652.93701171875 652.95001220703125 653.35601806640625 653.5780029296875 653.92498779296875 654.3280029296875 654.96600341796875 655.197021484375 655.5260009765625 655.8699951171875 655.97698974609375 656.02899169921875 656.16497802734375 656.3800048828125 656.96697998046875 657.3280029296875 657.677001953125 657.9849853515625 658.29998779296875 659.8330078125 660.4539794921875 661.0009765625 661.53900146484375 662.3909912109375 662.71697998046875 663.0040283203125 663.343994140625 664.083984375 664.5830078125 665.031982421875 665.5250244140625 666.0579833984375 667.13702392578125 667.635986328125 668.1500244140625 668.708984375 669.90399169921875
654.33502197265625 653.8759765625 653.69097900390625 653.5780029296875 653.36602783203125 653.36297607421875 653.426025390625 653.75897216796875 654.23699951171875 655.073974609375 655.3189697265625 655.677001953125 656.08197021484375 656.447021484375 656.5579833984375 656.6939697265625 656.85498046875 657.51300048828125 657.89300537109375 658.25299072265625 658.5780029296875 658.8800048828125 659.8330078125 660.4539794921875 661.0009765625 661.53900146484375 662.3909912109375 662.71697998046875 663.46502685546875 663.82598876953125 664.59002685546875 664.9990234375 665.3170166015625 665.7490234375 666.28802490234375 667.42498779296875 667.885986328125 668.38800048828125 668.97100830078125 670.13702392578125
654.7750244140625 654.2919921875 654.2039794921875 654.13299560546875 654.15802001953125 653.9949951171875 653.82098388671875 653.9320068359375 654.21600341796875 654.92901611328125 655.27001953125 655.68701171875 656.1300048828125 656.71002197265625 656.88702392578125 657.0689697265625 657.29901123046875 658.093994140625 658.4639892578125 658.80401611328125 659.13800048828125 659.50897216796875 660.5999755859375 661.12799072265625 661.69000244140625 662.10101318359375 662.8800048828125 663.19000244140625 663.46502685546875 663.82598876953125 664.59002685546875 664.9990234375 665.3170166015625 665.7490234375 666.50897216796875 667.5880126953125 668.11199951171875 668.65899658203125 669.22900390625 670.4429931640625
655.18798828125 654.61700439453125 654.28302001953125 654.3900146484375 654.50201416015625 654.6290283203125 654.614990234375 654.60699462890625 654.62200927734375 654.8759765625 655.375 655.8809814453125 656.31298828125 656.9019775390625 657.1309814453125 657.4000244140625 657.73602294921875 658.1610107421875 658.9429931640625 659.26702880859375 659.5570068359375 660.0570068359375 661.16900634765625 661.64801025390625 662.11102294921875 662.43798828125 663.04901123046875 663.43499755859375 663.7540283203125 664.093994140625 664.458984375 665.322021484375 665.77301025390625 666.114990234375 666.50897216796875 667.5880126953125 668.11199951171875 668.65899658203125 669.22900390625 670.85400390625
655.18798828125 654.61700439453125 654.28302001953125 654.3900146484375 654.7020263671875 654.94097900390625 655.0460205078125 655.1519775390625 655.208984375 655.42901611328125 655.86798095703125 656.22601318359375 656.53399658203125 657.23797607421875 657.53802490234375 657.843017578125 658.18499755859375 658.56298828125 659.3389892578125 659.72998046875 660.13800048828125 660.60699462890625 661.7030029296875 662.1309814453125 662.4849853515625 662.79901123046875 663.35797119140625 663.68499755859375 664.197021484375 664.60699462890625 664.9749755859375 665.72900390625 666.1090087890625 666.5050048828125 666.916015625 667.90802001953125 668.4730224609375 669.03302001953125 669.58599853515625 670.85400390625
656.25201416015625 654.91900634765625 654.6929931640625 654.65301513671875 654.7020263671875 654.94097900390625 655.0460205078125 655.1519775390625 655.208984375 655.42901611328125 656.17498779296875 656.48699951171875 656.84197998046875 657.21502685546875 657.916015625 658.25 658.6099853515625 658.94500732421875 659.72698974609375 660.1810302734375 660.7459716796875 661.12200927734375 662.25897216796875 662.72198486328125 663.08599853515625 663.3900146484375 663.71099853515625 664.23101806640625 664.57098388671875 665.02099609375 665.4730224609375 666.280029296875 666.66802978515625 667.0269775390625 667.40899658203125 668.3389892578125 668.88201904296875 669.41998291015625 669.96099853515625 670.5260009765625
656.27398681640625 655.1810302734375 654.9520263671875 654.8499755859375 654.93701171875 655.1500244140625 655.35101318359375 655.46600341796875 655.58001708984375 655.97198486328125 656.17498779296875 656.48699951171875 656.84197998046875 657.21502685546875 657.916015625 658.67498779296875 658.99102783203125 659.302001953125 660.2039794921875 660.6820068359375 661.1519775390625 661.552001953125 662.75701904296875 663.32598876953125 663.77801513671875 664.0789794921875 664.37298583984375 664.9229736328125 665.2030029296875 665.53802490234375 666 666.85797119140625 667.239013671875 667.594970703125 667.96697998046875 668.85797119140625 669.39300537109375 669.906982421875 670.40899658203125 670.927978515625
656.45001220703125 655.69500732421875 655.52197265625 655.52099609375 655.54998779296875 655.69097900390625 655.8690185546875 655.88397216796875 656.00799560546875 656.1610107421875 656.572021484375 656.91497802734375 657.30499267578125 657.70599365234375 658.35498046875 658.67498779296875 658.99102783203125 659.302001953125 660.2039794921875 660.6820068359375 661.1519775390625 662.08502197265625 662.614990234375 663.801025390625 664.30401611328125 664.625 664.9229736328125 665.47198486328125 665.76397705078125 666.08099365234375 666.52301025390625 667.32598876953125 667.656005859375 668.03900146484375 668.51800537109375 669.0419921875 669.99798583984375 670.52001953125 671.0159912109375 671.469970703125
656.72900390625 656.2659912109375 656.22802734375 656.38702392578125 656.51202392578125 656.65399169921875 656.60699462890625 656.3759765625 656.39697265625 656.551025390625 656.81298828125 657.21002197265625 657.6610107421875 658.0770263671875 658.7340087890625 659.03399658203125 659.40301513671875 659.85601806640625 660.59100341796875 661.114013671875 661.6409912109375 662.08502197265625 662.614990234375 663.801025390625 664.30401611328125 664.625 664.9229736328125 665.87298583984375 666.1400146484375 666.53997802734375 666.96002197265625 667.78900146484375 668.19097900390625 668.5579833984375 669.072021484375 669.6510009765625 670.5989990234375 671.0830078125 671.53399658203125 671.96502685546875
657.35699462890625 657.0050048828125 657.0880126953125 657.26702880859375 657.427978515625 657.56097412109375 657.552001953125 657.2340087890625 656.968994140625 656.89697265625 657.23602294921875 657.48699951171875 657.8499755859375 658.27899169921875 658.96197509765625 659.343017578125 659.84002685546875 660.40802001953125 660.8800048828125 661.718017578125 662.2550048828125 662.68701171875 663.01800537109375 664.0050048828125 664.530029296875 664.97100830078125 665.323974609375 665.87298583984375 666.1400146484375 666.53997802734375 666.96002197265625 667.3800048828125 668.19097900390625 669.14697265625 669.676025390625 670.23602294921875 671.1190185546875 671.61199951171875 672.13702392578125 672.65899658203125
658.12200927734375 658.03302001953125 657.9990234375 658.14398193359375 658.33502197265625 658.48797607421875 658.41497802734375 658.01800537109375 657.63702392578125 657.406005859375 657.4539794921875 657.63702392578125 657.96002197265625 658.36798095703125 659.08599853515625 659.4949951171875 660.07098388671875 660.77301025390625 661.39898681640625 662.2860107421875 662.66802978515625 662.97998046875 663.24798583984375 664.176025390625 664.61102294921875 665.1729736328125 665.572021484375 666.19097900390625 666.530029296875 666.968994140625 667.4110107421875 667.84600830078125 668.7490234375 669.14697265625 669.676025390625 670.23602294921875 671.1190185546875 671.61199951171875 672.7659912109375 673.23797607421875
658.12200927734375 658.03302001953125 657.9990234375 659.19500732421875 659.39300537109375 659.6190185546875 659.3809814453125 658.77301025390625 658.2969970703125 657.97900390625 657.81402587890625 657.98699951171875 658.2349853515625 658.530029296875 658.85198974609375 659.655029296875 660.31201171875 661.08697509765625 661.65399169921875 662.510009765625 662.926025390625 663.26300048828125 663.59100341796875 664.301025390625 664.75701904296875 665.30499267578125 665.7440185546875 666.11297607421875 666.91900634765625 667.4110107421875 667.9429931640625 668.4119873046875 669.33502197265625 669.75897216796875 670.25701904296875 670.7979736328125 671.71600341796875 672.24298095703125 672.7659912109375 673.23797607421875
659.13397216796875 659.1729736328125 659.08502197265625 659.19500732421875 659.39300537109375 659.6190185546875 659.3809814453125 658.77301025390625 658.2969970703125 658.7459716796875 658.31597900390625 658.468994140625 658.68701171875 658.89300537109375 659.07098388671875 659.86700439453125 660.46502685546875 661.0999755859375 661.63800048828125 662.5999755859375 663.0159912109375 663.45599365234375 663.84600830078125 664.59002685546875 665.0159912109375 665.52801513671875 665.93902587890625 666.43701171875 667.36798095703125 667.95697021484375 668.45001220703125 668.9420166015625 669.9639892578125 670.50201416015625 671.02099609375 671.51300048828125 672.43902587890625 673.03399658203125 673.53302001953125 673.93499755859375
660.28802490234375 660.3289794921875 660.34698486328125 660.39300537109375 660.6190185546875 660.78497314453125 660.22998046875 659.48602294921875 659.05999755859375 658.7459716796875 658.31597900390625 658.468994140625 658.68701171875 658.89300537109375 659.53497314453125 660.052001953125 660.5009765625 661.031005859375 661.593017578125 662.71099853515625 663.1710205078125 663.64697265625 664.11102294921875 665.04498291015625 665.4840087890625 666.0050048828125 666.49102783203125 666.96197509765625 667.84002685546875 668.4539794921875 668.95599365234375 669.46502685546875 670.58197021484375 671.2340087890625 671.74200439453125 672.21600341796875 673.27398681640625 673.7490234375 674.24798583984375 674.75701904296875
