OMS_GEOET11/data/RioRessi/RioRessi_skyview_1.asc
NCOLS 197
NROWS 299
XLLCORNER 676026.5927825759
YLLCORNER 5072481.374398034
CELLSIZE 0.9572864394182301
NODATA_VALUE -9999
[rows 69 to 91 of 299, columns 0 to 51 of 197]
-9999 -9999 -9999 -9999 -9999 -9999 -9999 -9999 -9999 -9999 -9999 -9999 -9999 -9999 -9999 -9999 -9999 -9999 0.49984032696401653 0.9015541867963394 0.8700123592976955 0.841133761721853 0.8081103630063142 0.743041745702149 0.69088261969274 0.7615272727646596 0.7921609409487012 0.8171535803381589 0.8178167687815039 0.8443628634238936 0.8449780279099959 0.8276750712753894 0.7828314585261187 0.8062597220511861 0.808583722246167 0.8032227565292686 0.7391184997156617 0.7613996643151072 0.7946565871474539 0.8068991555040477 0.7945358936572738 0.7176936161716378 0.8020848402403736 0.8906398921418404 0.8821764989455623 0.8261264831964332 0.8734257598875006 0.8782492379178203 0.8555579256013089 0.801644552341716 0.8318704299551581 0.8667658367573734
-9999 -9999 -9999 -9999 -9999 -9999 -9999 -9999 -9999 -9999 -9999 -9999 -9999 -9999 -9999 -9999 -9999 -9999 0.49993282907899433 0.9118085925794168 0.8659537532113204 0.8221529494463365 0.7818254878050447 0.7612806567314069 0.7446895184727116 0.7600642534623953 0.7782352588234943 0.8076795753360294 0.8194238583005762 0.8492044179370423 0.8485764270967779 0.835988854640961 0.8077011364457866 0.8001359608319312 0.7975052397875632 0.7892175211700245 0.7588833132035202 0.654560108075411 0.7541190730565529 0.8060087577578028 0.8013990411798322 0.7154803164955164 0.7944614183769072 0.8812441475339274 0.8747064172088357 0.8367433072980378 0.8652876638206791 0.8837636315110406 0.8783668840572592 0.8463638761698568 0.7560941633246031 0.8319237945306938
-9999 -9999 -9999 -9999 -9999 -9999 -9999 -9999 -9999 -9999 -9999 -9999 -9999 -9999 -9999 -9999 -9999 -9999 0.49930623002029567 0.4904665943043413 0.8887659924335041 0.8452025777484612 0.8032355711168256 0.7825686653303977 0.7514575821366724 0.7059769549906978 0.7538830149673588 0.7859337555954676 0.7636423153860856 0.8424281271278219 0.8474740825087763 0.8429047049072441 0.8239174232058784 0.7991075671200571 0.7771039193288484 0.7633561797107845 0.7369698379101376 0.6172738049746732 0.7236079370034432 0.7780960954533586 0.7780558914932861 0.6760267228443693 0.7922365415911959 0.865059132794182 0.8604549753013736 0.7742964027045576 0.8529120612796051 0.8667694145691291 0.8658992930219463 0.8533979709835539 0.7869244485196203 0.8358900471476093
-9999 -9999 -9999 -9999 -9999 -9999 -9999 -9999 -9999 -9999 -9999 -9999 -9999 -9999 -9999 -9999 -9999 -9999 -9999 0.4997976633670717 0.8921295409329123 0.8461229466548318 0.8136489267358026 0.8102192951394003 0.7442351839345293 0.7009240640174443 0.7619750733428576 0.7971136757382978 0.8170385124784576 0.8489021419303715 0.8497532315572625 0.8432954007477477 0.8216942376935059 0.799940102792887 0.7892889822502073 0.7823772363080361 0.7588677155152731 0.689965487199075 0.7553491775774756 0.8162042805843336 0.7975405871638521 0.7221437119566954 0.8077778988637487 0.8655186977939973 0.864500140133885 0.8157686363041705 0.8473060538586052 0.879373762478541 0.8714890309242499 0.8704471511595963 0.8249675869076907 0.85804662451471
-9999 -9999 -9999 -9999 -9999 -9999 -9999 -9999 -9999 -9999 -9999 -9999 -9999 -9999 -9999 -9999 -9999 -9999 -9999 0.4987199377988634 0.49009130551329505 0.8465790005925364 0.8490021186578637 0.8274361975509827 0.7499262307962449 0.6689428123816457 0.782755913734337 0.8187335506782513 0.8393500829641681 0.8478933941415525 0.8475453300087553 0.8455333655207986 0.8329488949076831 0.7888660594472561 0.7997704897332117 0.7897335576654615 0.7707583708450612 0.6622126286705544 0.7540528236012914 0.8138996650835523 0.8115429036540296 0.7167631909317376 0.8168200713821728 0.8546021633167719 0.8528613151601804 0.8154923256427162 0.7577101269075591 0.8698399669576738 0.8643044967033098 0.8579126678575408 0.7952743012976037 0.8520383584265667
-9999 -9999 -9999 -9999 -9999 -9999 -9999 -9999 -9999 -9999 -9999 -9999 -9999 -9999 -9999 -9999 -9999 -9999 -9999 -9999 0.5001438325093803 0.8660692489356928 0.8524464007293362 0.8462748815235346 0.7738025239484226 0.7233946265804098 0.7760618001010722 0.8101942832621936 0.8283768101362603 0.8394910418313731 0.8409871543001308 0.8414808328366016 0.8357265279742129 0.8192505603863343 0.8296741230012509 0.8275216752530021 0.8070651079822114 0.7158130540525377 0.7630433649848594 0.8445986774905851 0.8382068178986057 0.760720555396936 0.797517907292368 0.8601526426996607 0.8743535159767192 0.8617958141217298 0.8237614054606435 0.8748425535890153 0.8571800821886089 0.8571910859221142 0.7868704690086857 0.8516267990385092
-9999 -9999 -9999 -9999 -9999 -9999 -9999 -9999 -9999 -9999 -9999 -9999 -9999 -9999 -9999 -9999 -9999 -9999 -9999 -9999 0.5000677477228286 0.8835511190182948 0.8464571975595236 0.8430532815359663 0.7856354904763143 0.6623231306874484 0.7223834630159282 0.7698821491478607 0.807448740698912 0.814222888595698 0.8363964886449023 0.8422125148877343 0.8399545379187534 0.8262162629875557 0.835235841227614 0.8206974945578892 0.7930230998624354 0.7156036917431133 0.7603145666201395 0.834200234364571 0.833835473128554 0.8046279573887909 0.7131097749542387 0.8120457201595312 0.8557115740909347 0.847999952523263 0.8082180755931349 0.8506028556599439 0.8743838699334997 0.8723487482931095 0.8198345484893074 0.8602590537294804
-9999 -9999 -9999 -9999 -9999 -9999 -9999 -9999 -9999 -9999 -9999 -9999 -9999 -9999 -9999 -9999 -9999 -9999 -9999 -9999 0.4987381942635354 0.488813325344945 0.8740539652567177 0.8611958220247095 0.8102827211797358 0.7006826828175562 0.7213599900709168 0.7525546416657437 0.7874812827993993 0.8013194338813695 0.8269023046420256 0.8378269003111082 0.8385829889040699 0.8352960856522017 0.8442711373230641 0.8248512693261707 0.8002717123679446 0.7331940629975455 0.7547449760349921 0.7976104616863134 0.8212094406507798 0.8211871456678197 0.7403897459394212 0.8027574136164801 0.8381860698540994 0.8333656341313281 0.7827335330388636 0.8350879927694137 0.856412321188244 0.8586969453536801 0.8132830340378905 0.834097737213771
-9999 -9999 -9999 -9999 -9999 -9999 -9999 -9999 -9999 -9999 -9999 -9999 -9999 -9999 -9999 -9999 -9999 -9999 -9999 -9999 -9999 0.4978921310386049 0.8751349082425636 0.8444446097463701 0.8668360056132896 0.8193352310260953 0.8215738663484053 0.8346083789602825 0.8224223896571853 0.8145865501149296 0.8053306932008824 0.8369355866331175 0.8485495947285441 0.8487830174331402 0.8488649998163733 0.8368047384918836 0.818486080069403 0.7636825074944595 0.6642770589318658 0.771000338841101 0.8188919520998511 0.817843467000303 0.7521486001672577 0.8040539432352238 0.8370402194223384 0.8296283957572103 0.7747087500511004 0.8250459158238544 0.8475855414478735 0.8473859094280493 0.8179776544562454 0.7686848489515052
-9999 -9999 -9999 -9999 -9999 -9999 -9999 -9999 -9999 -9999 -9999 -9999 -9999 -9999 -9999 -9999 -9999 -9999 -9999 -9999 -9999 0.49687743598276374 0.4797004902861936 0.8642149155505302 0.8403641638421226 0.822375495820068 0.7712035814015077 0.809621580623901 0.8028819896340044 0.7903891662228826 0.8108904250912405 0.8282999967552372 0.8423571838969258 0.8445707934616693 0.8512975119765359 0.8444973098538288 0.8322701086997002 0.7966903789279767 0.667918428513461 0.7718381702438285 0.8226928490460329 0.8241863393335113 0.7675412293545291 0.8108404093344314 0.8323141718846647 0.8269323852426971 0.7944462590998639 0.8113060841096477 0.8441797914864932 0.8512569167808921 0.8383808054115226 0.8093627794021989
-9999 -9999 -9999 -9999 -9999 -9999 -9999 -9999 -9999 -9999 -9999 -9999 -9999 -9999 -9999 -9999 -9999 -9999 -9999 -9999 -9999 -9999 0.4951168126056302 0.8730063583348525 0.841963852056708 0.810131822672315 0.7852754871984725 0.8053981374547726 0.8053017139463614 0.79137503803506 0.7894383252323494 0.8145222581124341 0.8325623436141336 0.8371403358301868 0.8380879807572548 0.8406642720285121 0.8387617961794628 0.8167420242743924 0.7251726215955298 0.7727502992110957 0.8185873322706632 0.8127717226147797 0.7636011138885413 0.813659658816386 0.8176444394039161 0.8066120082530637 0.7950617289726514 0.7108248069870556 0.8164005732788958 0.8506696939290693 0.8283907090792756 0.769902471760287
-9999 -9999 -9999 -9999 -9999 -9999 -9999 -9999 -9999 -9999 -9999 -9999 -9999 -9999 -9999 -9999 -9999 -9999 -9999 -9999 -9999 -9999 0.4977693543504226 0.8819493202571609 0.8440323481794435 0.7975512313689649 0.7418773052998568 0.7764999003075409 0.7903597876909291 0.7846021725936101 0.7781452376999104 0.7891567036853204 0.809428332305629 0.8292357886508315 0.8312848541790715 0.8439035080988639 0.8406857126685776 0.828089472327906 0.7580626261237059 0.8098887469053083 0.8409485933116543 0.8147901944508988 0.7788147151335542 0.8277118390376302 0.8280032804715085 0.8119936084918306 0.8040249993419384 0.7308129835407974 0.7802183834516355 0.8464475471186425 0.832827215213398 0.785515833614433
-9999 -9999 -9999 -9999 -9999 -9999 -9999 -9999 -9999 -9999 -9999 -9999 -9999 -9999 -9999 -9999 -9999 -9999 -9999 -9999 -9999 -9999 0.4977693543504226 0.4822390742068973 0.8682005050051563 0.7949715996630162 0.7116518191303532 0.7541908860673355 0.7806960268246994 0.7821362501632336 0.7754766451444407 0.7609195343803598 0.7822785469366776 0.8051957554517856 0.8192383677119034 0.8418265703575786 0.839956862831102 0.8369577251233363 0.8076348896108547 0.8244798384230916 0.8365655256094064 0.8316669350447806 0.8256584261746903 0.7938837265858182 0.8474313122192632 0.8413637676774044 0.8377267385728513 0.7107682102239135 0.7776649757561855 0.8429816637941258 0.8198260136081276 0.7437513527346198
-9999 -9999 -9999 -9999 -9999 -9999 -9999 -9999 -9999 -9999 -9999 -9999 -9999 -9999 -9999 -9999 -9999 -9999 -9999 -9999 -9999 -9999 -9999 0.4951168126056302 0.8881054070019149 0.8298625743699125 0.7485242864107111 0.7419207806289354 0.7660967105801567 0.770061618032259 0.758223306800898 0.7278554943553441 0.744228764220962 0.7904837116392195 0.7906721208640464 0.8309017849202415 0.8363205310967166 0.8344542943728804 0.816005412921192 0.8293813845672535 0.8288142715351122 0.829045599109564 0.8312329253931225 0.7920519335611844 0.8253716955966974 0.8153643827661922 0.8109636833575289 0.7341557073746517 0.7921043277946869 0.8592503514974065 0.8459011298384483 0.8059943614466811
-9999 -9999 -9999 -9999 -9999 -9999 -9999 -9999 -9999 -9999 -9999 -9999 -9999 -9999 -9999 -9999 -9999 -9999 -9999 -9999 -9999 -9999 -9999 0.4977693543504226 0.8947244672281837 0.8734559476091922 0.825548315155204 0.7874214061448466 0.779037767022612 0.7646959820673535 0.7408615200361914 0.6978210899351355 0.7435507341596009 0.7741128353632076 0.7700142485043966 0.8103937480284263 0.8152997524759547 0.8235162909057218 0.8112067490625448 0.8047014283265793 0.8017019189590778 0.8061720157360845 0.8058766426641255 0.7727203753778287 0.8073729461673245 0.810916509715792 0.8065612606084553 0.7208985427745545 0.7796171083750001 0.8313478739827007 0.8200525728699029 0.7512898348374595
-9999 -9999 -9999 -9999 -9999 -9999 -9999 -9999 -9999 -9999 -9999 -9999 -9999 -9999 -9999 -9999 -9999 -9999 -9999 -9999 -9999 -9999 -9999 0.4979317396233996 0.48587676763805643 0.9090976913808209 0.8996025011073808 0.8761994744541971 0.8458007228577317 0.8185357434093948 0.7549915049299406 0.7112651889100255 0.6890612092027593 0.7084644048055615 0.7548102795643338 0.7880508076425299 0.7997842993120112 0.8107953788770718 0.810300968998374 0.8062764414432384 0.7940429888522536 0.7853730901475574 0.776422169424827 0.73641956602706 0.7957878551123424 0.8054898103869103 0.8166204932669058 0.7519600147406068 0.7941016828367167 0.8269148074850009 0.8184958326200511 0.7794993955548204
-9999 -9999 -9999 -9999 -9999 -9999 -9999 -9999 -9999 -9999 -9999 -9999 -9999 -9999 -9999 -9999 -9999 -9999 -9999 -9999 -9999 -9999 -9999 -9999 0.49381482414500527 0.8966951814677872 0.8971131374103896 0.8842318781159211 0.8507648750481702 0.8715710022899159 0.8222201057378985 0.7871455050110069 0.8113196578170931 0.8100630186804781 0.7801286479729805 0.7408167472559611 0.7560777407627837 0.7926042410904065 0.7973403848588941 0.8013478081358185 0.8048004806030775 0.7983017382532679 0.7876772726555022 0.717513723553934 0.7876932734305118 0.7826507008124859 0.7951792701000955 0.7493660702072845 0.7833738787227422 0.8275928463107086 0.8325564048956945 0.8154005427236513
-9999 -9999 -9999 -9999 -9999 -9999 -9999 -9999 -9999 -9999 -9999 -9999 -9999 -9999 -9999 -9999 -9999 -9999 -9999 -9999 -9999 -9999 -9999 -9999 0.4982830742286086 0.9018180636892825 0.8946490595406521 0.8704255127787567 0.8638803727961367 0.8298531147472358 0.8026774533430536 0.7186140065128962 0.6926501549902704 0.7245364799981883 0.6981506675658701 0.8104661550479623 0.7140096740800725 0.7655548571359437 0.7764210336400879 0.783631199883382 0.7949650681023431 0.7950925123458776 0.7855582833030765 0.7525544427742789 0.7740584201433398 0.7628671550678532 0.7797506768395972 0.7600005514058025 0.7085937152867757 0.7975556715321958 0.8231933898498778 0.8131503189870803
-9999 -9999 -9999 -9999 -9999 -9999 -9999 -9999 -9999 -9999 -9999 -9999 -9999 -9999 -9999 -9999 -9999 -9999 -9999 -9999 -9999 -9999 -9999 -9999 0.4987381942635354 0.48537736018630256 0.8981135767111441 0.8686748343625468 0.8254313789795469 0.7938543772942525 0.781454006196396 0.7513044330858591 0.7258884603252105 0.7471576540368114 0.7585767175651006 0.7496941507353946 0.6204192331225586 0.7099128316228948 0.7453577945188967 0.766624917822183 0.7830844638927511 0.7872583167307171 0.7864383164712837 0.7761151035790405 0.7847562243823447 0.7681939847253808 0.7600794686405434 0.764181160201012 0.7198405534008343 0.7864641935574231 0.8127576340355821 0.7993586153670766
-9999 -9999 -9999 -9999 -9999 -9999 -9999 -9999 -9999 -9999 -9999 -9999 -9999 -9999 -9999 -9999 -9999 -9999 -9999 -9999 -9999 -9999 -9999 -9999 -9999 0.4975067692791819 0.9104540374909973 0.8987227114762731 0.8595974504186835 0.8289814437855062 0.7857150848550116 0.775536743924327 0.746601977742206 0.770479088844991 0.7543908718900303 0.7229242216321279 0.6845921247672164 0.6796086963845787 0.7111370664292485 0.7379242285964742 0.7643978072210693 0.7716036818743125 0.7773895007504611 0.7732236432713704 0.7689984214749761 0.7839664454626287 0.7595532658205988 0.7494549177077499 0.660422432995083 0.7742548312932874 0.8025804370549736 0.7972556048970139
-9999 -9999 -9999 -9999 -9999 -9999 -9999 -9999 -9999 -9999 -9999 -9999 -9999 -9999 -9999 -9999 -9999 -9999 -9999 -9999 -9999 -9999 -9999 -9999 -9999 0.4991324971561413 0.9054386534577675 0.9146697130284283 0.9117621404747391 0.8970989101310065 0.8637660212089671 0.8300473898103982 0.7743100821640649 0.7963715641802297 0.7813838298653156 0.752555735258396 0.713445162624148 0.6718958445053476 0.6806685509192545 0.7066359532650244 0.7262272299149847 0.7494020958474559 0.7503585154060768 0.746983502995046 0.7441629825453151 0.7696510274547951 0.7717741128717005 0.7756794201292377 0.7267395872502266 0.7870571844085835 0.8223722509398569 0.8183518337540927
-9999 -9999 -9999 -9999 -9999 -9999 -9999 -9999 -9999 -9999 -9999 -9999 -9999 -9999 -9999 -9999 -9999 -9999 -9999 -9999 -9999 -9999 -9999 -9999 -9999 0.49395015468612613 0.4794576719060622 0.8950215711012497 0.9067863254822761 0.9051744951906908 0.9086619885967826 0.8844718868463575 0.8307882743385915 0.8184755539390165 0.7928292716741401 0.7655102384884175 0.7220290213890386 0.6927019046908656 0.6722655434239019 0.6843373673479807 0.7085474662987021 0.7423390471947751 0.7386217199522057 0.7121590179357817 0.7298638095160608 0.7423934008529148 0.7501338286269694 0.7561164333489627 0.6899784121400513 0.7401624879114567 0.7625504624526375 0.7754603516997349
-9999 -9999 -9999 -9999 -9999 -9999 -9999 -9999 -9999 -9999 -9999 -9999 -9999 -9999 -9999 -9999 -9999 -9999 -9999 -9999 -9999 -9999 -9999 -9999 -9999 -9999 0.4809416783207105 0.497347445725902 0.47668777233718496 0.48458016085043293 0.9112527311064361 0.8985262647133103 0.87727113478109 0.8483898195762979 0.8177562802842074 0.7764394815097091 0.7329272371366884 0.7318954512314475 0.7124233083126112 0.7059775380275475 0.7074456504983472 0.7261837840363813 0.7319846701931175 0.7107929505437519 0.7030291246272786 0.7305378117549268 0.7404020947129197 0.7407527115487991 0.7049060537684712 0.7376736349693482 0.7368521244481279 0.7254304883387946
