OMS_GEOET11/data/RioRessi/RioRessi_skyview_1.asc
NCOLS 197
NROWS 299
XLLCORNER 676026.5927825759
YLLCORNER 5072481.374398034
CELLSIZE 0.9572864394182301
NODATA_VALUE -9999
[rows 92 to 114 of 299, columns 104 to 155 of 197]
0.8541049573068631 0.8000077586468916 0.8454988437510527 0.8710474842459717 0.8656313121362391 0.8380814297058654 0.8598175654947987 0.8683164201237416 0.8607673829741017 0.8393912810715932 0.7492749096698423 0.8517948256219964 0.8555595367096819 0.8340469237245954 0.7818475204963939 0.827740857980476 0.8684149973459467 0.8562242866536982 0.8310315885349321 0.8968577726075393 0.9397645193838903 0.9388523709400942 0.9360709277565133 0.9135395847798546 0.9386389989907603 0.9424501566042759 0.9419234300776382 0.9323999351321943 0.9404903064124085 0.9420054898214376 0.941789810505381 0.9271687161837933 0.936493806925111 0.9398957104052753 0.9396584065904232 0.9370334018095205 0.915958047984912 0.9367183650621578 0.9374504951002885 0.9327020376878238 0.9149477735234234 0.9332178202228039 0.9378430315513886 0.9306147462119103 0.9261061565446138 0.9363722205309997 0.9325116880000439 0.950004890966814 0.9515957341448789 0.9471464045718869 0.9538082264705009 0.9570586514362529
0.8343709261211574 0.7653072511310466 0.8275699242750392 0.8628499085980864 0.8623682617317916 0.8183323189432047 0.8561463974680893 0.871303426440544 0.8660225810828173 0.8565198171183184 0.7937716758717747 0.845137331693542 0.8463089599820809 0.830208568454176 0.7644019731500928 0.8198242257998118 0.858229841724133 0.861413150257344 0.8192871853252822 0.8794736586047647 0.9313154593207633 0.9370815139571055 0.9355882735824189 0.9107667697215043 0.9346670407345676 0.9405886571902226 0.9402431454608665 0.9264115948838877 0.93807621948879 0.9420585109568131 0.9394079025233162 0.9234892980016436 0.9321253768575007 0.9391536122176002 0.9391485075896636 0.9376173964935409 0.9111733928580673 0.9330840433626363 0.9388554388481921 0.9298756526725412 0.9117977142500496 0.9337748230419555 0.9374238994045354 0.9345261157526227 0.9231825803917586 0.9368116371422311 0.9450803115104115 0.9445596204161023 0.9417071101462645 0.9216228038122853 0.9521854075823255 0.9474068601247607
0.8049623567953182 0.7533111218756158 0.8255255968898152 0.8648984979370548 0.8624662258509947 0.8369782197835904 0.7869581972013299 0.8712291778339257 0.8687035469193487 0.8603528168041665 0.8058193579264666 0.8510323686640144 0.8530319034476596 0.8452261007308798 0.7837126096873761 0.8345719382448359 0.8737795307011071 0.850554471836482 0.8248131316810298 0.8182939077198107 0.9150553395117405 0.9352610199767186 0.9342444506429953 0.9097391165119492 0.9334108824034884 0.939414586765447 0.938206581314774 0.9222979398962541 0.9337949817580626 0.9403312218468293 0.9393759370017686 0.9299151401014137 0.910886484913336 0.9364468427108593 0.9389951660409099 0.9381002557780684 0.9114179329418219 0.9332153965714579 0.9385049172046087 0.9395361598721778 0.9138170096918528 0.9350019815997366 0.9409829152806812 0.9363485729285622 0.9322056953737492 0.914583326474476 0.9422832736491636 0.9458684152057986 0.945057305997158 0.9361795120446802 0.9511927174877801 0.955036532407465
0.8070691436314944 0.7479298638927216 0.8210403212960287 0.8676573329516822 0.8659654535325948 0.854475832806654 0.7793858599217864 0.865055159219592 0.8688813843703651 0.8611358043074541 0.7931704293113457 0.8489167571097744 0.854508250015064 0.8511907329644349 0.7884173221067781 0.8344329219871823 0.8684952640517826 0.8638234234008245 0.8550392329974487 0.8356486928424302 0.9071244846109258 0.93482989162779 0.9317216239468741 0.9093594327605304 0.9314085668815512 0.9384417574556169 0.9357613329977784 0.9164427026509393 0.9290787391396406 0.9380618705752302 0.9379816428163182 0.9320723940607146 0.906633713968687 0.9314793087957186 0.9395690557167563 0.9369723432485454 0.912409698621405 0.9334473805558181 0.9377087780671453 0.93858037717046 0.9242416919226456 0.9360772907953939 0.9414879197769033 0.9401924838031462 0.9395677878176959 0.9161479359921224 0.9380772239272241 0.9428253422167532 0.9437258005396532 0.9350484346283509 0.9508192649164142 0.953042746340216
0.8065430124447628 0.795035238060406 0.7365368719672494 0.854065629349949 0.868325698882962 0.863659889780357 0.8001211353708845 0.8660249146648288 0.8720177902201531 0.8646479638466913 0.7883595617898914 0.8442065847099688 0.8553814766249714 0.8473528785722916 0.8243225376361485 0.7558982720374277 0.8483580477064581 0.8665970968156191 0.8684635320815492 0.8437668256957672 0.9043368836121889 0.9345483567554821 0.9338324812016612 0.9143542162416226 0.9320107573464688 0.937720382377905 0.9353837911137519 0.9256965426423502 0.8949412217288588 0.9317302842626428 0.9378949967659812 0.9340569174921572 0.9180492890313855 0.9292482782114169 0.9378162559997603 0.9378826020859906 0.9113159504597551 0.9310468954021943 0.9398606917646122 0.9405036614781925 0.9328277405937383 0.9149039346738082 0.9383120251931796 0.9390009748828331 0.9381779080667019 0.9128873932389245 0.9377999692036019 0.946272210948945 0.9489582754705607 0.9430236196933018 0.9529887210261715 0.9554271720767941
0.844925297943398 0.8402176652785149 0.7848592556491657 0.8540662526850675 0.876630144016333 0.8719759727931593 0.8098963294777014 0.8698970082839831 0.8752614433288313 0.8672237097627196 0.7906272101705051 0.8509962811868271 0.8643355416090294 0.8609792619588376 0.851193637612551 0.7882908225070433 0.8475100792183524 0.8693643477210758 0.855604827628848 0.8262119739298001 0.899631340663621 0.9325659080834028 0.9319125451423432 0.911576682189087 0.930693971432212 0.9345172895798384 0.9344503621017618 0.932356059481337 0.9103118680623747 0.9275314391971201 0.9332718467897115 0.9286997484544789 0.9034120837931194 0.9256241737770736 0.9380725098626709 0.937993615122468 0.9183733918767222 0.931304109835831 0.9424735773100666 0.9423878845105069 0.9382433412415423 0.9191664092699154 0.9359119815895899 0.9418297799224516 0.9404309281825999 0.9159381264213906 0.938365346154027 0.9482755452465559 0.9506988401783906 0.9502269635105098 0.9531132373507162 0.9555024129895575
0.8546490696148716 0.8567877099543205 0.7817722860906678 0.8609984521755485 0.878668402917447 0.8714416237483339 0.7996176022032386 0.8702992604591359 0.8751213810794072 0.8658418076840367 0.8205909226061257 0.8480991048645625 0.8657316702374901 0.864102615312065 0.8441304137664045 0.7658174911502338 0.8442990553372578 0.8722081370450413 0.8487786671996328 0.8009186559622322 0.8973651056407302 0.932179483629354 0.9298718286531614 0.9059861898045797 0.9216122892728131 0.932976013777513 0.9324354286644243 0.9271677485458513 0.8886018075088864 0.9233918848122726 0.9335375563847321 0.9297353751180465 0.9023115839762266 0.9246763976035632 0.9330628015507232 0.9332809250450618 0.9254221303094542 0.8975568983359994 0.9333188116405792 0.929386710526624 0.9426617120978381 0.9271805278565398 0.9387227722840134 0.9439197329896247 0.9424715906182515 0.9170625654391694 0.9364004023010715 0.9507056146695604 0.9517597012169677 0.9501676614753819 0.9481206279723146 0.9545188546536085
0.8609575217708526 0.8580032686678074 0.7891950645647207 0.8644530095876893 0.8813299466021659 0.8794387959113874 0.8284137645532358 0.8744184486701758 0.8786310738994696 0.8738724903440187 0.86595743619065 0.8021842057050919 0.8632621011385497 0.8728433201380744 0.8642411578286454 0.8203441527696479 0.8569193840099006 0.8782674145485085 0.8700267323166626 0.8405694124766746 0.901725966867739 0.9279227878279701 0.9278616469382324 0.9207527228786695 0.8884670315993868 0.9245650885010789 0.93125214391416 0.9278751844798564 0.9016588500073921 0.9195392264192651 0.934679155208409 0.9297891569520175 0.9022370152189931 0.9253222800198113 0.9376325357947576 0.9364499196927314 0.9335135390207451 0.9155121005467542 0.9306979995956355 0.9412213699215326 0.9358330941590063 0.92147648394152 0.9379645017546336 0.9375225058974647 0.9380682683029222 0.9010367127603788 0.9339507564642717 0.9512445571804706 0.9513024443339139 0.9513040529240917 0.9493070536034653 0.9533296818205265
0.8479985199392197 0.8574828381252981 0.8042207721537561 0.8692137800002803 0.8812562092021756 0.8775389615795183 0.8325213747163187 0.8714534207216712 0.8745174441863199 0.8695381452187178 0.8682603336720793 0.8067360614834276 0.853365421697861 0.8765465095420822 0.8626936335864622 0.7947494038369268 0.8550071757602147 0.8746152185496293 0.860246111043371 0.8315483898207938 0.894660173921078 0.9278985734065918 0.9287612233765404 0.9235331359608673 0.8865118404449486 0.920312177461798 0.9235651452909744 0.9174034715330989 0.8710281544893927 0.9115572482743672 0.9316179332721449 0.9310924556653267 0.907529547755659 0.9213055850859149 0.9360072739742273 0.9400211884103361 0.9382198945640049 0.9195754120015445 0.9307011737857899 0.9419604688938529 0.9375735307311344 0.9201027284515747 0.937145309663265 0.9407219794485459 0.9414761836198287 0.9200654010328938 0.9352992994131084 0.9466592815472697 0.9491145755063283 0.9482776078474922 0.9395385750165933 0.9523279091900239
0.8596663766845509 0.864463256357964 0.8089284017928211 0.8782943774575661 0.8853183923525012 0.879347125575112 0.8563099089552716 0.8061345253401533 0.8741671178658555 0.8669884149023397 0.8621732047173156 0.7871901199047413 0.855193076848751 0.8781537690140471 0.8677276377783075 0.8066108616995276 0.855747342812832 0.8811337207449069 0.8685851192861123 0.8611434893633438 0.8517952803439072 0.9213364720050954 0.9252048328998813 0.9220822461177413 0.8965298928839275 0.9218136956186999 0.9225576562419563 0.9167485262855544 0.8706930272810232 0.9069536855882415 0.9285207035546746 0.9283083326756665 0.9184068022732726 0.8979534161996663 0.9271784969090036 0.9389680577698715 0.9366771314548352 0.9160070458796481 0.9322882104409339 0.9424362486617403 0.9413816875980028 0.9204093059171372 0.9362045362655246 0.9416522355119781 0.9441962489376876 0.9380068461928783 0.9221457425753343 0.943653236900354 0.9500396807604646 0.9492810764864013 0.9456894779789378 0.9516257294914574
0.8658458442784974 0.8752004502419338 0.8449612279152934 0.87337351766745 0.882897511239319 0.8795687176171662 0.8700129243617781 0.811815485734455 0.8665106455410696 0.8787021969691146 0.8750527042518972 0.8251612597058492 0.8626190173429331 0.8840482923304616 0.8779028285283855 0.8332795833748442 0.8571429214994131 0.8820191773255693 0.8833651871321064 0.8932703415036752 0.8715133239951957 0.9183860596429224 0.926574779669814 0.9232903342588454 0.8903379903416484 0.9210726287541889 0.92108716798834 0.9172250078100705 0.8790062586411092 0.8987551345000591 0.9214268040721821 0.9269013861825467 0.9215031369578306 0.8828440466703885 0.9216622265808216 0.9402294338766564 0.9363163169314628 0.9161772689753191 0.9334246884847406 0.9426008028901279 0.9374297801026854 0.9221961550345044 0.933903288624852 0.9405473671406178 0.9432328404118784 0.9414000899664969 0.9250822324185057 0.9399202685628656 0.9490607389688636 0.949194269522573 0.9465763477809135 0.9515783901056347
0.875950385032908 0.8766265097327354 0.8734917378832915 0.8230585415144278 0.8849058578007453 0.8865662715633575 0.8814350731939397 0.8425429360622211 0.8736450063245137 0.8846516715642542 0.8796752314834061 0.8276306836923353 0.8672883585335909 0.8878556090409252 0.8850017090085868 0.8659728627184338 0.7982678571108811 0.8639508879352298 0.8864584170049561 0.8875720544696906 0.8743101541817577 0.9120456020189083 0.9272880501145598 0.9246827579152613 0.9131886137359313 0.9210474980187844 0.9242114193480209 0.9199144681235395 0.907976368957655 0.8435093900581747 0.9070955123923646 0.9226202264491574 0.9210577010563683 0.8946171021167215 0.9174576459674969 0.939238008136677 0.9370175193921311 0.9264187506243139 0.9327651609314411 0.9375957484905049 0.9407850809990014 0.9380278723510878 0.9155395040236828 0.9374010621859603 0.9413011976257845 0.9418024175857522 0.9223444233231615 0.9378036654352492 0.9471369380417852 0.9486310923426803 0.9445476747988926 0.9507856035246348
0.8431411977836495 0.8620307336596581 0.8574678047615216 0.806846191346898 0.8765165957559397 0.887625488086591 0.8835150097813439 0.8363895037146658 0.8738102648626631 0.8798099888818819 0.8768911317127904 0.8350345916451702 0.8639580658422911 0.8860264626003707 0.8803604127601881 0.8762788875477115 0.8180291642748361 0.856874441807735 0.868644241380734 0.8718918868286183 0.8597430934889105 0.9075350047046151 0.9244038231404978 0.9213408269303424 0.901648584430176 0.9124709878121514 0.9207757196995672 0.9188793563829573 0.9098620982098107 0.8665627080340229 0.9006952171261762 0.9195480363757764 0.9192737253736226 0.8711717492889354 0.9131349722741618 0.9343465977792655 0.9312419460099239 0.9145909713419688 0.930330314223137 0.9350001095478675 0.9394784632757118 0.9383053217982931 0.9210285860748004 0.9340155246916206 0.9377985758970491 0.9401665725597591 0.9240439821619665 0.9360991441323104 0.9432295693254433 0.9458620037331423 0.9396370532127163 0.9466397515628041
0.8020430132636046 0.8638887442536073 0.864885546263308 0.8479866357015078 0.8794100606256745 0.8792043365149182 0.8748813387482404 0.8228776350106929 0.8750933314415744 0.8864722164233694 0.8827883927706676 0.8682456404514937 0.7919502258615405 0.8788720398300014 0.8819492962458186 0.8780636467888471 0.8348535621204839 0.8606126347341126 0.8704197356674674 0.862556751281764 0.8377770632254811 0.9051877800131659 0.9189751678671217 0.9172453102519041 0.9051140152576113 0.8658970128243144 0.9128056877965615 0.915567500208375 0.9057857651039468 0.8593657879119785 0.897778754932396 0.914971066857485 0.9165045881758068 0.8780815703512032 0.9105362414005524 0.9336342990111706 0.9337076255294643 0.9278258891282544 0.9156005593336162 0.9275488652795928 0.9326236051435999 0.9314078726346613 0.911348542715787 0.9311071961947147 0.9362197490138064 0.9373700038243253 0.9195459990786609 0.9334009985496289 0.941012870662019 0.9410003302439984 0.9377478069698401 0.9291869813330506
0.7818820000835972 0.850982231421455 0.8682603349633667 0.8604994917336637 0.8843256270362572 0.8839047709712611 0.8789527298723143 0.845494090933337 0.8760607954624312 0.8806755131743771 0.8741360647626691 0.8738549182035175 0.8181452654345558 0.8727043064025698 0.884034854429213 0.8736647278543662 0.8215841233318086 0.8648545439665362 0.8715491458589161 0.8723142849433875 0.846307005944806 0.8988989324074699 0.9185728087531233 0.9177886516224656 0.9145239422372061 0.878447360913698 0.9132518776535575 0.9152816593667538 0.9074604080823413 0.8561093207764111 0.8996163031127535 0.9161137321059964 0.9106019358505462 0.8747065863400016 0.8984763881306461 0.9198023944263117 0.9265520421314977 0.9266935970696417 0.909846925331452 0.9252636999018944 0.935977417771996 0.9336178037409364 0.917815264842256 0.9289498786446798 0.9381434939756408 0.9317232576471104 0.9128651503708867 0.930774486849201 0.9389758961212159 0.94001717517274 0.9399163388628299 0.9231830597608979
0.7575374425851121 0.8198967967967443 0.8452931518824366 0.8333357178389039 0.8733507782008305 0.8854699026125101 0.8814293651125904 0.875121098231285 0.8337825878356528 0.8874458966086615 0.883268772349462 0.8800634338272444 0.8078497653299829 0.8726743704491607 0.8860872291866481 0.8754735740541444 0.8385172125922317 0.8674525947786359 0.8768922743930875 0.8775810025265119 0.8733399044012086 0.8707668781073018 0.9181845547214127 0.9184557673639151 0.9164546851438867 0.8942515827658581 0.9180239347916795 0.9153202698162136 0.907262210778675 0.8632647755047612 0.9012703849428046 0.9196036118140724 0.9152001024221339 0.9005341270709598 0.862650905385122 0.9086309559140188 0.9214480479121617 0.9212253633999746 0.9014178589000386 0.9186365336111932 0.9293311323370023 0.9299361617021069 0.9096039939005988 0.9227088880873192 0.9339495057774225 0.9356792602656621 0.9310363610663936 0.9173619228777635 0.934342815172215 0.9424941136919611 0.9393071516771206 0.9201627913760232
0.7396723713644411 0.7992432361023677 0.8127595104874368 0.7843389760559069 0.8476468138519487 0.8817367642334248 0.8832338882130695 0.8855101046986865 0.8574092710056631 0.8861477210915758 0.8890187368283949 0.8875626409964539 0.8337061999452997 0.8754204416643918 0.8912600693681497 0.880454173272412 0.8257190274528886 0.8651597871624859 0.8839812234064257 0.8746921402230516 0.8947925055150437 0.8829581989638308 0.9118052741890931 0.9210287733159203 0.9198850053302913 0.9054332825472613 0.9194416553589733 0.9162561433755614 0.9092105796723152 0.8734267813698862 0.901383725310421 0.9169993446919278 0.912447836436783 0.9049010391730767 0.885906527039333 0.9056564090217362 0.9174078159122121 0.9149236792067921 0.8936689192409623 0.9135167705304986 0.924095319663366 0.9232064755616678 0.9039187409658013 0.9139828865707322 0.9252556577231899 0.928725772013917 0.9262938731503589 0.9066472946169919 0.9269328302718683 0.9398395229443296 0.9391923459080604 0.9250756269924042
0.7329769472538631 0.7771541274328271 0.7911550869317352 0.7500182314374939 0.8087193928296744 0.8483981393584565 0.8607675636808141 0.8741723222088816 0.8529201955748222 0.8868557733589225 0.8860025360620812 0.8838269752857489 0.8230141423259912 0.8700463880205486 0.8855700879009966 0.8839030331362242 0.8449591907588075 0.8617575543034063 0.8820962267615556 0.8783771179243095 0.894424444212855 0.8614049656697829 0.9084352713922673 0.918362413399513 0.9162105417309768 0.8929958033570502 0.9183400932170007 0.9152704608013575 0.9112080323214101 0.8853811357285221 0.8942036195037152 0.9105422624752552 0.9119304373259575 0.9049640037555805 0.8746864548915125 0.9058582503618934 0.916822879978334 0.913817568079164 0.8843493559028492 0.9117097799791022 0.9182141467480275 0.9184207096862783 0.9081701561317242 0.8865497808836617 0.9175199998501267 0.92703223851899 0.9239937370386037 0.8974367341636081 0.9227701352763827 0.9325287892876841 0.9351018619769558 0.9165753889482434
0.7307906146588429 0.7780650195143406 0.7743099069192625 0.7549806376668914 0.7243597113820962 0.8210661487858983 0.8564051884097398 0.8642054251760987 0.8464739622997396 0.8864199145061623 0.8897372146673737 0.8814389257281149 0.8363909407363748 0.8790557005704749 0.8851516167795446 0.8822285478204803 0.8574312313538703 0.8015642928738216 0.8621907426154845 0.8797574597128627 0.8888308233893887 0.8797680155039715 0.9086565171565414 0.9213222211529254 0.9180167187474083 0.9103563087497182 0.9158699183581419 0.9139684522422593 0.9027235787455551 0.8882226824462818 0.8563381984981742 0.9103690840712549 0.9099251067185976 0.9077376592839281 0.8721643279880377 0.9043531037465928 0.9194106058632228 0.9130884825324905 0.8891392035798723 0.9095585351756434 0.9205497536224173 0.9198143711660265 0.9152807810931582 0.8843247039857232 0.9128638220361587 0.9259544325346841 0.923626767485767 0.9028752890163106 0.9217105037900499 0.9290362579276649 0.9301710107699327 0.9107747078524603
0.7090272299943559 0.7678538893447275 0.7581894041348701 0.7597826642707596 0.713833946775283 0.7963409537978913 0.8508736602603192 0.8475466763853126 0.8022113076242813 0.8683114322623331 0.8891124337082891 0.8851000772452846 0.8497969998154629 0.8753598989805036 0.879868085191669 0.8784425993467253 0.8629517511697042 0.8096702933453854 0.8486052892728784 0.8516184199919798 0.8791144633721206 0.8664440931945305 0.9049650235496729 0.917113931843873 0.9158799984460005 0.9020300037540505 0.916554345773218 0.917448262576275 0.9138598692256678 0.9057141046602478 0.8836702247196925 0.9137577387666808 0.8897730959016017 0.8916086527301836 0.8615261325529419 0.8941822812609745 0.9089282289841472 0.9047382165758484 0.8749459679058409 0.8946630580857274 0.9113733111803313 0.9165263733921968 0.9121330056635981 0.869914620400351 0.9054966475928926 0.9233338315461672 0.921573468956111 0.8919133953862121 0.9183585384551604 0.9249006408067105 0.923899992580965 0.901454242024648
0.6142650151498634 0.7444214880095361 0.7476236483734912 0.7311486496199077 0.6890898710763284 0.798628691120823 0.8486639758837555 0.8392030653949554 0.7712317024799905 0.8498417509818175 0.8876024007464463 0.88522321005463 0.8626585216771026 0.8409470264796561 0.8801017560647514 0.8769149091226012 0.8621841350711098 0.774127556572417 0.8539552580040325 0.8453378257987713 0.8724853628815208 0.8472483540971009 0.9037553097618829 0.9170036737914856 0.916883453382524 0.9015877918754641 0.8833543104091978 0.9160515013019626 0.9139607449656589 0.9028952276756151 0.86265317991332 0.9062108201711414 0.9129221110515359 0.910247370229727 0.8800130648279475 0.9072164767237639 0.9189311630881114 0.9168418715468744 0.8855745213913807 0.8688828109072327 0.9068388840540219 0.9027285304494317 0.9058409672449023 0.8661137485194276 0.9007961637384734 0.9186376309362938 0.9161953577099891 0.8926690311791489 0.9185221931877448 0.9250946589416538 0.9243699360567382 0.9159079404829608
0.6487977983807048 0.7361280676081996 0.7688357055247993 0.770507676087175 0.7193289718933782 0.8061421114593326 0.8521329178686643 0.843727625026068 0.7936741889768243 0.8193352002498903 0.879551546443257 0.889267276014161 0.8766698433571963 0.8565313719457098 0.881419472307798 0.8785213064618137 0.8756310085901173 0.8213069162228065 0.8630237518561705 0.871120116546946 0.8743651399752961 0.8655584088042683 0.895789482017116 0.9195618090018937 0.9170888327647463 0.9140600818729966 0.9008182794163546 0.9142689490749146 0.9136691584049756 0.9089152352447089 0.8965620668628786 0.9056809963202163 0.900954034069071 0.903937301572673 0.8772823218841937 0.8845446756200924 0.8992564960876752 0.9111792505422984 0.911885120840438 0.8932096952981445 0.914371129175852 0.9158674012137625 0.9186033331206443 0.8565712064311566 0.9053868775071465 0.9142584454372861 0.9102209608037788 0.8887086554757151 0.9169334886879206 0.9229057581742406 0.926680874015704 0.924593392841884
0.6546187289242361 0.7317305893656509 0.7936249846779481 0.798786734379045 0.7604020760781507 0.8123644542992725 0.8623117864376472 0.855476796596474 0.7847071458078174 0.7318905939354968 0.8490618727959093 0.887732937868845 0.8832619257481685 0.8376652624452828 0.8806779861447396 0.8853888412816379 0.8776981103367775 0.813646838208604 0.8620891028824444 0.8865477888058132 0.8822491011940631 0.8706857490572166 0.8650374462060906 0.9125425507407458 0.9175962386771879 0.9156986513061879 0.9031784097445011 0.9148189255511762 0.9138918576377165 0.9115827293263623 0.9018948965678686 0.9106122427512013 0.9071087831555361 0.9065123601167925 0.8911877391504514 0.8654903542043558 0.8948118206240574 0.902278416458192 0.8986640595450243 0.8807432772379157 0.9033043435951997 0.9127139092597631 0.9102025075194965 0.8935265373033537 0.9104111803151268 0.9205734767355496 0.9196558404555198 0.9188644167716116 0.9151400570466609 0.9184550437910491 0.9235080243585774 0.9221234452718383
