OMS_GEOET11/data/RioRessi/RioRessi_skyview_1.asc
NCOLS 197
NROWS 299
XLLCORNER 676026.5927825759
YLLCORNER 5072481.374398034
CELLSIZE 0.9572864394182301
NODATA_VALUE -9999
[rows 46 to 68 of 299, columns 0 to 51 of 197]
-9999 -9999 -9999 -9999 -9999 -9999 -9999 -9999 0.49300896655041904 0.8920908220215827 0.8788450661359876 0.8737248102400607 0.8872359823602287 0.8779052415324494 0.8755170444846994 0.8656329825595469 0.8020510789457834 0.7184095437138454 0.7487648268148193 0.7671934981675822 0.7845784734134341 0.8082435751485098 0.8079532819113133 0.8047607167522823 0.7976640085235148 0.8271170190950906 0.8233934171559241 0.8124456683952516 0.7854005251845754 0.7277264400602094 0.8130726527771348 0.8065006921144133 0.7891587577487936 0.7166691992810239 0.7663143080852102 0.7922132549288888 0.7774108633329985 0.7237820445025948 0.8152659429602162 0.7938231289630975 0.775407240568947 0.7395787115306123 0.6915864862340745 0.8236123123568535 0.8635499837012991 0.8586552770113784 0.773633668231855 0.8484403389055227 0.8813275509471263 0.877276725365807 0.8124275629975828 0.868534892737417
-9999 -9999 -9999 -9999 -9999 -9999 -9999 -9999 0.4982830742286086 0.48064136857816286 0.8766389992933117 0.8712502083780818 0.8488735258088276 0.837571807805761 0.8481811342253898 0.8340548583847875 0.8143584803973272 0.7949311717965498 0.8080971149518443 0.8051286466395801 0.7906665775575311 0.8047951320885678 0.8120327713763706 0.8114338628320753 0.8030943299016724 0.8243988734742539 0.823321035802672 0.8220096456125281 0.8094685487850453 0.7607152676521659 0.8093741841137497 0.8217423116588256 0.818011356614361 0.7599126766763891 0.7907465619681538 0.8295348908327658 0.8290165731722137 0.7977849369615012 0.8327389064203469 0.808881314213059 0.7771895839838998 0.7787915762500311 0.7320349411118408 0.816053333156208 0.8718716031081963 0.863314965313804 0.800269345297221 0.8618672158518531 0.8797595973057974 0.8820758970381902 0.8690970699052284 0.8733918021628865
-9999 -9999 -9999 -9999 -9999 -9999 -9999 -9999 -9999 0.4913075682985172 0.8719891137802348 0.8601425498033648 0.844273380592054 0.8353727862420269 0.8602176031437146 0.8637437338966679 0.8327000334873306 0.7414769245624587 0.7461896448326343 0.7232105840485187 0.7168366602146352 0.7853085254107676 0.7998900305018294 0.8102898531044451 0.8016600884169127 0.7355057167683079 0.8252638330333736 0.823195730039243 0.8124073855914583 0.788511462192945 0.8076464677060361 0.8079688244056551 0.7946387056713403 0.703739602092448 0.7748992270262254 0.8569848485118561 0.8499583342762104 0.8351086152354296 0.7582460868804237 0.8204631372731972 0.8282435379669973 0.828486429973825 0.7763138011441411 0.8258531996612329 0.8788635456133876 0.8719213519498727 0.8416124430914322 0.8755844480036077 0.8842113319204522 0.8833759638787735 0.8690717369624827 0.8157831574135694
-9999 -9999 -9999 -9999 -9999 -9999 -9999 -9999 -9999 0.49851810463242097 0.48778621679769385 0.8889338395991463 0.8695542682885562 0.8459190263268107 0.8510942670128203 0.8461810653732498 0.8362190100020284 0.7920417071811964 0.7910365556496198 0.7745847656855039 0.7596349932751316 0.7681195231337727 0.7935724396379374 0.8004671836654487 0.8005642217692972 0.7173145394855033 0.8259058700112277 0.8231315216128025 0.8148007600213719 0.7631281355921298 0.7976154957728043 0.7710601850047811 0.7323476725951023 0.6168053809087877 0.7494882138946649 0.8483955993822238 0.8473948334889039 0.8323099462958363 0.7058299629535012 0.7794619518667459 0.8540745449322732 0.8482295773888282 0.7392869779758147 0.8140724903266997 0.8611758269927159 0.8639830870451863 0.8493642575663849 0.8719329199882089 0.8631799453513808 0.8671708858629948 0.8577350532951711 0.7555799922748634
-9999 -9999 -9999 -9999 -9999 -9999 -9999 -9999 -9999 -9999 0.49810554527514317 0.9127154094292235 0.8993576922249289 0.8759441220770531 0.8638436770037076 0.8423454295059083 0.8207475746623772 0.7955159608390293 0.8071725981741088 0.8010514781323481 0.7802631708905282 0.7691363933266434 0.8041608408286193 0.8070082253708336 0.7925860383744411 0.7619022331215815 0.8296559345836243 0.8267684756849784 0.8191586394154728 0.7911295354820298 0.8146771717214915 0.8012228717092176 0.7751526200060872 0.702908257261416 0.7500662559582731 0.8302100070883708 0.8426203919165496 0.8262859166678005 0.7242264345414711 0.7920098426105777 0.8438990760971111 0.8310016426380011 0.7368531629608008 0.8136336179477487 0.8737639656377503 0.8708415726838175 0.8669358954420362 0.8208487252569621 0.8720219298218147 0.8797744943859934 0.8697273111231533 0.7905247486557981
-9999 -9999 -9999 -9999 -9999 -9999 -9999 -9999 -9999 -9999 0.4964223159478369 0.4880448956261149 0.91021326822369 0.8978521082871731 0.885008760037477 0.8647487188124736 0.8435271315629207 0.8215592635660167 0.8286336856245519 0.8263733546269144 0.8082785996735888 0.7939952540768695 0.783000320107797 0.8028013747214343 0.7868470460888035 0.7486267426584514 0.8164148950223711 0.813660093073967 0.7976676009678331 0.7488568791723302 0.8090700410687035 0.8075562843896164 0.7758057964315723 0.7504213520775679 0.6813761018757891 0.7948205728216587 0.839352943663954 0.824230128768285 0.7249718159524657 0.7935732199799114 0.8235282136212634 0.8043502031158404 0.7071438789814974 0.796324728654291 0.8572571913382927 0.8618337607356316 0.8652763060779298 0.8017986050580298 0.8488168939465925 0.8766633094633317 0.8655207965565053 0.7980241302133866
-9999 -9999 -9999 -9999 -9999 -9999 -9999 -9999 -9999 -9999 -9999 0.4972313223495659 0.9125110388613527 0.9051383824508487 0.8958120668811108 0.8825748774494582 0.8656303229031576 0.8449493128031166 0.8416291131125598 0.8373413582284578 0.8223789623076655 0.8052965573747434 0.7853052373812128 0.8175378713056933 0.8172431619957756 0.8013368291734055 0.8231781505092998 0.8268854025312748 0.8071122533307057 0.8049461916556927 0.8206792235251487 0.8186961567770509 0.8012081287335129 0.7776658339721655 0.7023827686190622 0.7607144640951906 0.7715309219529672 0.7853635402500022 0.6949519325006679 0.8006902478404607 0.8370075153727371 0.8126192188838457 0.7509010291285335 0.8028689455509752 0.8565556407804822 0.8647079499533682 0.8535394409993838 0.7931950896224491 0.846743918045685 0.8902208099244092 0.8740480719019142 0.8146043623110043
-9999 -9999 -9999 -9999 -9999 -9999 -9999 -9999 -9999 -9999 -9999 0.4993062300202957 0.9110176956364501 0.9074296863817504 0.9018854086317606 0.8970394844379685 0.8802942693575829 0.858091681812519 0.8397168927077094 0.8400978055029384 0.824633381338049 0.8115790726776958 0.8033605849660637 0.830069717182265 0.8291599757012652 0.8213743330092549 0.8364816041486407 0.8379155285070427 0.8383757191619658 0.8393848179627965 0.834348192042217 0.8316624492313612 0.8145746156768393 0.7838671681957672 0.7289009682952916 0.7757639046501603 0.8113193678507515 0.8070363770768529 0.7661051424796468 0.8087110416973536 0.837450221034481 0.8301825683131906 0.8091040303954109 0.747201434834342 0.8331260276604767 0.8615353279401067 0.856286562736293 0.8150914956215287 0.8379824498681026 0.8881262958230146 0.8804258020554321 0.8360271042762264
-9999 -9999 -9999 -9999 -9999 -9999 -9999 -9999 -9999 -9999 -9999 0.49748283002874205 0.8945871237647334 0.8949166617767013 0.8923311536141941 0.8726144054375617 0.8950807526679828 0.8829965658806742 0.8753579608214919 0.8757340812466442 0.8662557645390516 0.8496221977419073 0.8342616456458855 0.8431210542180743 0.827396487965373 0.799218719693757 0.8346427803248807 0.8355310628678019 0.8267972038448671 0.8290695135176668 0.8174599622278702 0.8128341801565044 0.805429868563324 0.7916756955091072 0.7179664635290233 0.7381299748394335 0.7873249341860431 0.8123172845284222 0.7756089340286048 0.7990741450836529 0.816120011235401 0.8017362115153829 0.7789879331708488 0.6873451085887483 0.801934075852532 0.8394068645015279 0.8240608599927683 0.7406789743863244 0.8163664437627387 0.8905795055587751 0.8692925279633386 0.8291405160039526
-9999 -9999 -9999 -9999 -9999 -9999 -9999 -9999 -9999 -9999 -9999 0.49267834120126985 0.47383975094052444 0.8621206032809657 0.8937454574541944 0.8846330289171387 0.8754953480456993 0.8657389517077547 0.8559640276920125 0.8562133253969164 0.8446021792362963 0.8351458970257775 0.8421780207782343 0.8498140953229614 0.8445784098072537 0.8288235863588732 0.8240769378355596 0.8321045049064899 0.824667640529778 0.8189693579790949 0.80614590472137 0.8086296390488962 0.8073470471309079 0.8011380848315314 0.761423629513273 0.7855936501814508 0.826014385030235 0.8226908967925305 0.7916480062865634 0.7217268857367946 0.8131871647458014 0.8075958391797075 0.7963019259239501 0.710460127767847 0.804320712230537 0.853673482834297 0.8452608755899109 0.7491966009929424 0.8227639151837867 0.8911692773018032 0.8788609452825349 0.8531604141288445
-9999 -9999 -9999 -9999 -9999 -9999 -9999 -9999 -9999 -9999 -9999 -9999 0.49165036593573463 0.8789758027231526 0.8918696556837308 0.880578486645085 0.8761159595565321 0.865059749337389 0.8485176487640455 0.8545885383548046 0.8461173423140592 0.8343151926947918 0.8182908276741964 0.8406670585828467 0.8394590301604666 0.8146149214647416 0.8140145439793836 0.8291994957902796 0.8305470757296073 0.8226355592735914 0.7986188743620019 0.7969802022535026 0.8100959729186258 0.8170425197079295 0.7929718468537944 0.7865363980570342 0.816563008354999 0.80871646546353 0.7782626236452427 0.6812238926068664 0.7860214149348368 0.8105796975852607 0.807889049495141 0.7220411896906022 0.799310676329944 0.8407700404112302 0.8254059946885012 0.7891870316451346 0.8269593040628974 0.8787565283708446 0.8785350005721136 0.8679010199088419
-9999 -9999 -9999 -9999 -9999 -9999 -9999 -9999 -9999 -9999 -9999 -9999 0.4965763995298997 0.8822916448438276 0.8841262977869286 0.8565874970444384 0.8566220221880084 0.862020514790694 0.8471936626665538 0.8529842838497012 0.8350467134968134 0.8200242890076799 0.8106030669108764 0.8359928232283065 0.8376167568123458 0.8291751028366031 0.8189314303224298 0.826975300908382 0.8236472249160931 0.8176145047559238 0.7816803136055258 0.7782274763742293 0.811369690152026 0.8241718693235629 0.7983988557006779 0.7116089288477664 0.8000686210780088 0.8159593041736576 0.7966723671892944 0.710167561720064 0.7836836275117943 0.8320729656456707 0.8200421034241973 0.7211796174530726 0.7995959597848082 0.8621865392544111 0.8617772559073299 0.8306155743275366 0.7692698118425382 0.8572817759995589 0.8681949515604307 0.8595826963047851
-9999 -9999 -9999 -9999 -9999 -9999 -9999 -9999 -9999 -9999 -9999 -9999 0.4962457741807505 0.881266762579524 0.890876964863178 0.8790476760575268 0.877067210211314 0.8714558501303294 0.8361138864211949 0.8306009568186611 0.8300247205264202 0.8228824578131206 0.8028849171816971 0.8254729778002805 0.8241014379656093 0.8199252573804853 0.8232356191905194 0.8319402217703094 0.833360910552172 0.8287686148757337 0.8151601782335468 0.8170460824949416 0.8247052980627629 0.8235941002930958 0.804042474478525 0.7364191629149536 0.7965248275839226 0.8167006804959192 0.7935522774508488 0.7319258552261635 0.7951670263458215 0.8371496109171264 0.8262940455104041 0.7642764919981694 0.8000999241914307 0.8659891773320694 0.8576302231821962 0.8349447233821768 0.7757616679581144 0.845561111948085 0.8793159494839158 0.8717096974156834
-9999 -9999 -9999 -9999 -9999 -9999 -9999 -9999 -9999 -9999 -9999 -9999 0.4977693543504226 0.898831471988954 0.9038446210912697 0.8968212983670166 0.8948840518464494 0.8885657427283098 0.861068909059709 0.8089995859516332 0.8215175078054986 0.8280901999400037 0.8221816716344352 0.7723752128194893 0.8057282121827558 0.8133467835473637 0.8236762374387052 0.8301661364285412 0.8330714900697308 0.8334809468549337 0.8293469676745177 0.7906314978743347 0.8309690749773205 0.8256095247841096 0.8145211276212988 0.7438123657435376 0.7926761963117881 0.8166124323661417 0.7984022813441375 0.7059815281765741 0.7944583117266413 0.8305872444529477 0.8185487205530004 0.7933514539947193 0.6866314775567632 0.8429476966205197 0.8642157075760497 0.845772503867477 0.7716236030192896 0.8412231701293456 0.8822539012310305 0.8822442038769839
-9999 -9999 -9999 -9999 -9999 -9999 -9999 -9999 -9999 -9999 -9999 -9999 0.49234771585212056 0.5001538931698641 0.48076270962595896 0.4861761998166683 0.9008221005616592 0.8966924098767325 0.8607121540236707 0.7863166990315384 0.8135273353246268 0.807761008115735 0.7876827843764976 0.7313964228118003 0.7804439708694255 0.8042463473081711 0.8166323012050412 0.8255726725980078 0.8245645944309988 0.8296710209417894 0.8265040943409145 0.7530663878255106 0.8309095498580544 0.8263537767013047 0.8114032223556866 0.7142082934008962 0.7724357223590863 0.8149893591390555 0.7982392176135571 0.7124735101878904 0.785013715554954 0.823401319523404 0.8167923963643327 0.7985551397501325 0.7093596570080545 0.8224347348431911 0.8478555606634888 0.8210558777696152 0.7411779182351718 0.8227931176182026 0.8787697939050282 0.8845227076861997
-9999 -9999 -9999 -9999 -9999 -9999 -9999 -9999 -9999 -9999 -9999 -9999 -9999 -9999 -9999 0.49912403642029535 0.9141123004959348 0.906452023484893 0.8795615743158883 0.8388742848079666 0.8533459693869813 0.8353200206895316 0.7707678235431024 0.7331839133720882 0.7830093515306887 0.8007321315118303 0.8179733591687463 0.831928119785427 0.8326344163274361 0.8316089826711291 0.8231025424360766 0.7373308124528036 0.8147914494365696 0.8213467202760408 0.8081085800299832 0.7336239707660258 0.7845749625018941 0.8287747030519482 0.8141321618423343 0.7671559978464025 0.807324690019686 0.838468590284614 0.8341489172388025 0.8083347285004229 0.7665715159166416 0.8405985234060505 0.854742549784547 0.8472313728567481 0.7789009040306193 0.8447336018897507 0.8875507224968865 0.8902876864115672
-9999 -9999 -9999 -9999 -9999 -9999 -9999 -9999 -9999 -9999 -9999 -9999 -9999 -9999 -9999 0.4964076615234824 0.4827923757918835 0.888378914312167 0.8753896874556111 0.7948797834094976 0.8099732553509688 0.8528449567159065 0.7694997486580559 0.7316264914609918 0.785436528574905 0.7971611893777316 0.8167295225867759 0.8290786318117591 0.8300829850002177 0.8295554556877145 0.819290647391217 0.7239726281623257 0.7928698706038472 0.8251718563966354 0.8122738364279878 0.7307546484931188 0.7716723911717703 0.8053963127462946 0.8007286862741563 0.7696830870569622 0.7237477543748257 0.8194128364128326 0.8255074085750728 0.7989741725132796 0.7542416412585764 0.836704501463474 0.8542171777072711 0.8527697277500247 0.7865831668289666 0.850761527815435 0.8722943508623876 0.87490004672822
-9999 -9999 -9999 -9999 -9999 -9999 -9999 -9999 -9999 -9999 -9999 -9999 -9999 -9999 -9999 -9999 0.4956305324838162 0.8948350768772085 0.8702937290156738 0.8302326274226093 0.8350399363291954 0.824965569455235 0.7682837610323804 0.6939538811250563 0.7683782745110993 0.7888485722435737 0.8088594860587845 0.8295700991576886 0.8292113327303651 0.8252329586515076 0.8234825773060769 0.740293399792405 0.7900614414383699 0.8278136148376205 0.8237920843786731 0.7870474893404141 0.7977548688430658 0.8113926224590526 0.8064212136119715 0.7943634549935642 0.7510088033432956 0.8173111254770259 0.8430461522586772 0.8225689894892378 0.7756530359157632 0.8443374387818708 0.8785209732261976 0.8800792871186082 0.8606015808386346 0.8646370358399786 0.876237632628579 0.8690096988914339
-9999 -9999 -9999 -9999 -9999 -9999 -9999 -9999 -9999 -9999 -9999 -9999 -9999 -9999 -9999 -9999 0.4989430749766387 0.9050928419704084 0.8828511886887606 0.8395292777172241 0.8345169478714539 0.8158069348433482 0.790749797387079 0.7672946031919466 0.7435633882217223 0.7831920118187037 0.8113546955337508 0.8252300727537552 0.8265305554145915 0.8242269856902514 0.8215376759763255 0.7278740615942115 0.7966280161646927 0.8358449495550591 0.8295449658567855 0.8123700991853061 0.7333189521772502 0.8003327263829092 0.8006220047624105 0.8078294274777053 0.7731301613054946 0.8268634641047898 0.8661972051353121 0.8459475817352844 0.8000448960354388 0.8558253926846906 0.887723827631958 0.8854491159909127 0.8613581786503837 0.8053289091415033 0.8724155824048895 0.8772993315565244
-9999 -9999 -9999 -9999 -9999 -9999 -9999 -9999 -9999 -9999 -9999 -9999 -9999 -9999 -9999 -9999 0.4991324971561412 0.4894921107476493 0.8943043166000986 0.8258466584027536 0.807685343932511 0.8100698999334462 0.7968600992974502 0.7781480658310123 0.7468862712928399 0.798577875817623 0.8180800858264516 0.8256195958808169 0.8326603844095689 0.8241633561146704 0.814810107746093 0.7359939373464993 0.7941766399530665 0.8199039230243197 0.8143133529065875 0.7958604273259239 0.7247005717957098 0.7868379064505059 0.7506586530702776 0.7247496927528072 0.6861517140672108 0.8064541656969652 0.8522515293387862 0.8285975797005187 0.8103986546901149 0.8635407023372865 0.8857868840572036 0.876530794528588 0.8517421462482134 0.7718327254583816 0.8493435751823258 0.8784391391957478
-9999 -9999 -9999 -9999 -9999 -9999 -9999 -9999 -9999 -9999 -9999 -9999 -9999 -9999 -9999 -9999 -9999 0.49878429129535684 0.9085710212446848 0.848516105163635 0.780242305987803 0.8096344100592008 0.7917577146848376 0.7723343810678472 0.7663324685369194 0.7983353833567455 0.8130619855284053 0.827836467521994 0.8364208312107976 0.8286960701299354 0.820427297337963 0.7939185681792716 0.7222089048835023 0.815354112350214 0.82074718999206 0.813573753047744 0.7641381684223003 0.7895468881607061 0.7754589954554605 0.7607013515581773 0.6973459333904858 0.7915469591401255 0.8504550424704208 0.8491306584904701 0.8484511254828672 0.7805063314935102 0.8699834079026967 0.8698736870936449 0.8573233226374545 0.7859880430494038 0.8467412157346853 0.8737572003343215
-9999 -9999 -9999 -9999 -9999 -9999 -9999 -9999 -9999 -9999 -9999 -9999 -9999 -9999 -9999 -9999 -9999 0.49925305847198254 0.4903421970112629 0.8648137318167761 0.7659108808484089 0.8002478337818831 0.7794976558559378 0.7565423440911389 0.7221961683244895 0.7842024500538209 0.80515057111431 0.8254117201320836 0.8388474047979412 0.8309032627131745 0.8192595295692581 0.816190686832453 0.7663581326443706 0.8155124861303282 0.8277390558734633 0.8104108851403983 0.7512186497118832 0.7960532026286942 0.7796253282337184 0.7698958316709237 0.7276684001587476 0.7874240025033544 0.8636971841025688 0.8712553254941839 0.8680647187980189 0.8248532457352625 0.8757971292925315 0.8740770849310502 0.8550564835960036 0.7847498622390714 0.8446802535752367 0.8789805975502406
-9999 -9999 -9999 -9999 -9999 -9999 -9999 -9999 -9999 -9999 -9999 -9999 -9999 -9999 -9999 -9999 -9999 -9999 0.4997976633670717 0.8889646983548871 0.8267339785992822 0.8110167011278605 0.7863051200039944 0.7365826138653975 0.71069959757679 0.7690987577512558 0.7947021008251619 0.8189389530576757 0.8149291625181212 0.8402176228992093 0.8339912644511315 0.8257602777225567 0.7700736862669533 0.8103274637729824 0.8243916443063617 0.8105688881975386 0.701726642081427 0.7629736502069898 0.7800234608368766 0.7786381405361459 0.757913451910149 0.6718793755102626 0.8187517548364215 0.8786252130789763 0.865798864811104 0.7887640635308395 0.8619295332665158 0.8546980001992739 0.8360587879278635 0.7459752072862142 0.8196265642075742 0.8275619822243175
