OMS_GEOET11/data/RioRessi/RioRessi_skyview_1.asc
NCOLS 197
NROWS 299
XLLCORNER 676026.5927825759
YLLCORNER 5072481.374398034
CELLSIZE 0.9572864394182301
NODATA_VALUE -9999
[rows 161 to 183 of 299, columns 52 to 103 of 197]
-9999 -9999 -9999 -9999 -9999 -9999 -9999 -9999 -9999 -9999 -9999 -9999 -9999 -9999 -9999 -9999 -9999 -9999 -9999 -9999 -9999 -9999 -9999 -9999 0.4890805926151877 0.8794189640188147 0.8546522626962618 0.8200351389590873 0.7655077589167528 0.7003063229836509 0.6665542231938664 0.7112780187621348 0.7158763812458383 0.7012234932943633 0.6271617130998274 0.6632747566859857 0.6441318346063306 0.6634488384910471 0.6768838492768591 0.6772437255869903 0.6546784915577825 0.7302538550113559 0.7052292058991873 0.7497260229051483 0.7664015889286367 0.7441533689137815 0.7010923072774318 0.6932352441328098 0.7280251404163333 0.7678367518617912 0.7579488779369237 0.7869723457849658
-9999 -9999 -9999 -9999 -9999 -9999 -9999 -9999 -9999 -9999 -9999 -9999 -9999 -9999 -9999 -9999 -9999 -9999 -9999 -9999 -9999 -9999 -9999 -9999 0.48333502369618253 0.8781132541456262 0.8533765465754649 0.8258142989280107 0.7957712094457127 0.7094132823360422 0.624876618696319 0.7117232352186513 0.7175111085221344 0.7155101006613772 0.6708865644066369 0.695949395450913 0.6812162063498391 0.6685562198714419 0.6650626586431956 0.6694036658305078 0.6769590402807537 0.6636386640196829 0.5899802678166156 0.6593716153568566 0.6738602482265784 0.6352254537789257 0.5364200829502865 0.7289481605653942 0.8034127385196861 0.8187086169041168 0.8072206606176255 0.8488658177872161
-9999 -9999 -9999 -9999 -9999 -9999 -9999 -9999 -9999 -9999 -9999 -9999 -9999 -9999 -9999 -9999 -9999 -9999 -9999 -9999 -9999 -9999 -9999 -9999 0.4825516935073155 0.8715862237099476 0.8193105720860054 0.8123570871179425 0.8015597875627645 0.7162547462413733 0.6320761745828744 0.7255214645688536 0.722332002593761 0.7163062888290529 0.6756177349880392 0.6954844657318598 0.6921669233668766 0.683259352098214 0.655611296279889 0.6680011121925886 0.6777286954894837 0.6664697381310094 0.610101451928083 0.6726894682756803 0.6983456931477269 0.6906646277892625 0.6640070147194381 0.7084038306385881 0.7289175051290432 0.7160084865827467 0.7196318807929871 0.703899547171497
-9999 -9999 -9999 -9999 -9999 -9999 -9999 -9999 -9999 -9999 -9999 -9999 -9999 -9999 -9999 -9999 -9999 -9999 -9999 -9999 -9999 -9999 -9999 -9999 0.4870501771632465 0.8439949740351373 0.7726026958892179 0.7866455781457938 0.7760927455998567 0.7173630903604107 0.631261938172114 0.7093348132472639 0.7076122339072328 0.7101488272115993 0.6710192220838819 0.6789943571798066 0.6897012482304673 0.6923156865537855 0.6749164215839574 0.6694227106205829 0.6745772022108382 0.6672097778312899 0.6243689392695585 0.7074777415200898 0.7602924271163446 0.7502106899473305 0.7165745383994497 0.7352578168236473 0.7545997739751519 0.7491386376746962 0.7613980834382774 0.7717252532902026
-9999 -9999 -9999 -9999 -9999 -9999 -9999 -9999 -9999 -9999 -9999 -9999 -9999 -9999 -9999 -9999 -9999 -9999 -9999 -9999 -9999 -9999 -9999 -9999 0.4845064791807394 0.8407321002488688 0.7588567074579942 0.7895060062120198 0.7874922265809013 0.7485998314550713 0.6684860867176775 0.7176349499093579 0.7135876606923651 0.7029911961465051 0.6887829127942717 0.6858768874090307 0.7023394995389926 0.7044438363969211 0.6817042705996129 0.6705426888001522 0.6720992461247892 0.6490285084473331 0.6612100879352235 0.7354670920045192 0.7708484720696201 0.769137093330283 0.7437710411323065 0.7152426346008935 0.7762944807445701 0.7731238508190359 0.7893118070426789 0.8083523529424143
-9999 -9999 -9999 -9999 -9999 -9999 -9999 -9999 -9999 -9999 -9999 -9999 -9999 -9999 -9999 -9999 -9999 -9999 -9999 -9999 -9999 -9999 -9999 -9999 0.47671829093561585 0.8073120021532277 0.7277663949656169 0.7643174798775503 0.7648754013451429 0.7702751980227258 0.6909056521545801 0.7208292868269489 0.7251621435344006 0.7172095206460052 0.7018410724637352 0.6800415970125268 0.690413684575356 0.7091997858956163 0.6938539650314992 0.6907628637858397 0.6745015528203616 0.6484501929630822 0.6912703115242406 0.7671878186322884 0.7702552700821395 0.7654880085194621 0.7580979307089993 0.7250386135206873 0.7705127446997836 0.7814684850695911 0.7917808625909615 0.818089477657329
-9999 -9999 -9999 -9999 -9999 -9999 -9999 -9999 -9999 -9999 -9999 -9999 -9999 -9999 -9999 -9999 -9999 -9999 -9999 -9999 -9999 -9999 -9999 -9999 0.4756072490628711 0.7902734500483849 0.6985570114212015 0.750931232848049 0.7559490121924645 0.7579750369554861 0.7050888657921298 0.6268613044384209 0.6702952128047414 0.6173607083822436 0.7631985512301483 0.7690701860637671 0.773760421335599 0.7679223381227105 0.7480974203452202 0.7639427632546995 0.7421190501758754 0.7201290117177545 0.7453813526580014 0.7174040453107671 0.7635041544339847 0.772769552507365 0.7598771577194045 0.74115897357791 0.7858308603026778 0.8204836155400458 0.8420097790365013 0.8635831950619174
-9999 -9999 -9999 -9999 -9999 -9999 -9999 -9999 -9999 -9999 -9999 -9999 -9999 -9999 -9999 -9999 -9999 -9999 -9999 -9999 -9999 -9999 -9999 -9999 0.4362458173154837 0.7859425298331433 0.6296647918180677 0.73365845682203 0.7623449596279447 0.760673451714823 0.7374503524674861 0.655861253925561 0.7036322438099486 0.7077814409177507 0.7143789758665623 0.6989751933605073 0.6860415759460489 0.6839299334994354 0.6309171311476689 0.6964125986011879 0.813945039351646 0.8425545088310268 0.8338282338072427 0.8258303512064906 0.8310563715290212 0.8111561796996541 0.791555791037334 0.7983800162395125 0.8497154937019537 0.890121462285634 0.9038275797852023 0.9045268792836473
-9999 -9999 -9999 -9999 -9999 -9999 -9999 -9999 -9999 -9999 -9999 -9999 -9999 -9999 -9999 -9999 -9999 -9999 -9999 -9999 -9999 -9999 -9999 0.46664931063817733 0.44951802307015587 0.821454147911575 0.7330135092078068 0.6739673021409808 0.732716991401896 0.7428395624131084 0.7378843374006722 0.690529240380067 0.6850382301643615 0.6906778945354786 0.6807091776317241 0.681704288901055 0.699502004299873 0.7152409600078065 0.6917220080833666 0.6722764998222184 0.7554696221015638 0.7689968958405727 0.7372243312432097 0.6938038193987326 0.7213771566238796 0.6656713929833817 0.8420553556188789 0.8957913043532759 0.9025431160728463 0.9051612747515686 0.9052974420258594 0.9056329210240724
-9999 -9999 -9999 -9999 -9999 -9999 -9999 -9999 -9999 -9999 -9999 -9999 -9999 -9999 -9999 -9999 -9999 -9999 -9999 -9999 -9999 -9999 0.47000003730849055 0.4489181485894066 0.8548662743271324 0.8069199170503126 0.7206390441515848 0.647611346961567 0.7270633985265117 0.7440219408719755 0.7390234598876657 0.6988333181937051 0.6955202525738703 0.7137577870058028 0.73295269707128 0.7187284883577338 0.7131477811897952 0.7178880953575046 0.7048992453330829 0.7151419278237431 0.7537804520839887 0.7622165761323613 0.7383010091413353 0.734303136703384 0.7783869373425952 0.8081851487190257 0.8382048128549735 0.8938562848242357 0.8952655880961345 0.8985917849241939 0.9004557014897517 0.9037051402369378
-9999 -9999 -9999 -9999 -9999 -9999 -9999 -9999 -9999 -9999 -9999 -9999 -9999 -9999 -9999 -9999 -9999 -9999 -9999 -9999 -9999 -9999 0.45977466987430277 0.8574733379901862 0.8351658723284516 0.7843981758569499 0.7357247503521199 0.678338423184624 0.7339893562897246 0.7465720971200226 0.7440804332932754 0.7330280794032722 0.738959898999692 0.7557031278835425 0.7654959624671603 0.7770675769341633 0.7682939036951094 0.7695947382399797 0.7568519955768352 0.7611230910155649 0.7897281958637742 0.7949704575014126 0.7751110165321079 0.7787081162643874 0.8410637107107601 0.8726514173577966 0.888144639137448 0.8955670586675835 0.8927510473577427 0.8878697984054877 0.8944574748056532 0.8964706839040986
-9999 -9999 -9999 -9999 -9999 -9999 -9999 -9999 -9999 -9999 -9999 -9999 -9999 -9999 -9999 -9999 -9999 -9999 -9999 -9999 -9999 0.4723745154674483 0.4720283463251399 0.8737116492473527 0.862884151450175 0.811467882672335 0.7462358721771412 0.6970089368729175 0.7512173793820154 0.7686527087364542 0.762067179029331 0.7480752355839404 0.7404039331889473 0.7516990877229107 0.7703237640599991 0.7914302536144644 0.8051549431073503 0.8015210147224823 0.7869470624889032 0.7910797696707917 0.8304773937859129 0.8412281284998683 0.8470496263398251 0.8596057647618028 0.8862956937049568 0.8886630083809 0.884677741800481 0.8916089704160677 0.8815001182395328 0.8721135896922517 0.8813395424339806 0.8868279567664826
-9999 -9999 -9999 -9999 -9999 -9999 -9999 -9999 -9999 -9999 -9999 -9999 -9999 -9999 -9999 -9999 -9999 -9999 -9999 -9999 -9999 0.4768061245883104 0.894343464116168 0.8324195016619619 0.825859320707021 0.7629243031199087 0.7111789600053652 0.6333207729601893 0.7648839703730971 0.7765589465392766 0.779634937436869 0.7888321327910685 0.7868804301123825 0.7615570254087983 0.7778744677286461 0.7813067139543244 0.7935223212411792 0.8013318173417228 0.7905486043934108 0.8034647276042148 0.8441424851100771 0.8656838380417441 0.8737040488402004 0.8778564605615405 0.8795771738763934 0.8825961657395335 0.8689239161551902 0.8700398956467068 0.8512415676279356 0.8412498597912351 0.8553828724054038 0.8628970152005827
-9999 -9999 -9999 -9999 -9999 -9999 -9999 -9999 -9999 -9999 -9999 -9999 -9999 -9999 -9999 -9999 -9999 -9999 -9999 -9999 -9999 0.48372219346053236 0.8860884940330643 0.8555362981524978 0.8293176325857522 0.7694359750167143 0.7253328243465015 0.6554472450517239 0.7008469337958915 0.7213934976734505 0.7217553248544227 0.7102878046463951 0.689005237841632 0.8242198023924332 0.8645811533680938 0.8685443331089324 0.8748686709324088 0.8819098912723554 0.8721010820716524 0.8671771859137234 0.8686966071563799 0.8696952878616594 0.8649738434604195 0.8694455149779231 0.8667341370563324 0.8780066426453782 0.8704338803376224 0.8730128575849542 0.8364554306646534 0.7714437676653344 0.7795130327496886 0.8229717832945114
-9999 -9999 -9999 -9999 -9999 -9999 -9999 -9999 -9999 -9999 -9999 -9999 -9999 -9999 -9999 -9999 -9999 -9999 -9999 -9999 -9999 0.49077212898979317 0.8989860634241296 0.8788211505111472 0.8472548243411879 0.7805833276951295 0.7390384923875146 0.6362800812214432 0.691049424105253 0.7104965336817486 0.7057977747519742 0.6833152476168523 0.7459471688919 0.7795754172122583 0.7985530167379992 0.7767659319689113 0.808179453748267 0.8260891493694337 0.8111125025963598 0.8949013699014753 0.8911531283156386 0.8912903897558385 0.8874229204708637 0.8849460313803257 0.8570216727301015 0.8826603224719397 0.8739992545767031 0.8778330419286523 0.837949644242166 0.8019680075808605 0.8167170185546279 0.8263449754552513
-9999 -9999 -9999 -9999 -9999 -9999 -9999 -9999 -9999 -9999 -9999 -9999 -9999 -9999 -9999 -9999 -9999 -9999 -9999 -9999 -9999 0.4784460821456049 0.8928778442991624 0.8974162177170979 0.8778974409555707 0.8060556859819465 0.7619632785428085 0.7177182131094932 0.6674001848297989 0.6909819381785788 0.6990814662617726 0.7001856780520499 0.7636564117001289 0.7939633426705526 0.8089594772670027 0.8080394364571392 0.8334059898725033 0.8613847734333798 0.8696459995069651 0.8731979985497241 0.8727259687722557 0.8549952923210199 0.8439175272891517 0.8249954060526508 0.8013868237885001 0.8936219245535669 0.8901340336825414 0.8892354449165484 0.8904039614021281 0.8744154257267183 0.8579235350902279 0.8467742937448198
-9999 -9999 -9999 -9999 -9999 -9999 -9999 -9999 -9999 -9999 -9999 -9999 -9999 -9999 -9999 -9999 -9999 -9999 -9999 -9999 -9999 0.4797260445126193 0.8899478218249027 0.8902948299995384 0.889337239151551 0.8712351558148717 0.8345590891132075 0.7770002674448017 0.7029341720054155 0.718618109914469 0.7312383710217717 0.7377379865300884 0.7698386828881674 0.8063683186497959 0.8345348503918154 0.8441044880647146 0.8626855407063646 0.8746578847814325 0.8681951943033507 0.8663571225251683 0.8662841965254502 0.8506350535485102 0.8261488998214894 0.7979271450717323 0.8349963743769651 0.8599129494514003 0.8434816336081198 0.8503229178659988 0.8401852108177968 0.8004270834316108 0.8928913771439967 0.8943861684955212
-9999 -9999 -9999 -9999 -9999 -9999 -9999 -9999 -9999 -9999 -9999 -9999 -9999 -9999 -9999 -9999 -9999 -9999 -9999 -9999 -9999 0.4887555354804446 0.889707390693903 0.8904638741158609 0.8736540288926888 0.878273606702444 0.8714854857805 0.825185993812061 0.7823816691025366 0.780818376541383 0.7839009002392514 0.7906412205384095 0.8220573571872247 0.8386431553563973 0.8558775548132822 0.8643288614377764 0.8630952334119508 0.8678860155747656 0.8608370523863355 0.8564720405095906 0.8605454885382255 0.869935225643471 0.8499373827038084 0.8368693590547974 0.847577899278046 0.8482721676676211 0.8288869232928989 0.8350456402681117 0.8301832883751421 0.8446868814270033 0.8461293019864672 0.8732846498826288
-9999 -9999 -9999 -9999 -9999 -9999 -9999 -9999 -9999 -9999 -9999 -9999 -9999 -9999 -9999 -9999 -9999 -9999 -9999 -9999 -9999 0.4937651230382099 0.9247074602576948 0.9190939870544301 0.9154985516646961 0.9044421117799736 0.8860589782299948 0.8521042854535256 0.8335779813283559 0.8406582673297851 0.8355212682787011 0.8379398887146521 0.8590950115953332 0.8591506381185414 0.8681326483461865 0.8729275216646865 0.8683032382049942 0.8572601481575921 0.8485797818836359 0.8446418604347085 0.8524562551376229 0.8688496752203209 0.8654313669489844 0.8658670028473525 0.8649071973421072 0.8583526844569584 0.8399143300876836 0.8530251688403655 0.8468508590798095 0.855156755859904 0.8360418247290551 0.8638009923781326
-9999 -9999 -9999 -9999 -9999 -9999 -9999 -9999 -9999 -9999 -9999 -9999 -9999 -9999 -9999 -9999 -9999 -9999 -9999 -9999 -9999 0.48134258693616927 0.8969490152646655 0.8871881601935315 0.872450998822306 0.8344736231719029 0.9193300396461311 0.901159306873281 0.8907031890537908 0.8965178069876457 0.8899261055499763 0.8865106576477234 0.8649739619328647 0.8276415853230971 0.8310958030337035 0.8328333042428377 0.8519227035572072 0.8371323752685039 0.8201941422372481 0.8330776036542336 0.8370052829706585 0.8555010260710825 0.8541247277675 0.8524676991658081 0.8481369169948678 0.8521699448085761 0.8524195004615904 0.8729110656114589 0.8620233928934777 0.8519612427188947 0.8308332337184459 0.864587853769071
-9999 -9999 -9999 -9999 -9999 -9999 -9999 -9999 -9999 -9999 -9999 -9999 -9999 -9999 -9999 -9999 -9999 -9999 -9999 -9999 -9999 0.49441862768010914 0.8942711293421698 0.8886204654327599 0.8776489689281994 0.8874180785758048 0.8851204529953078 0.8650850916396935 0.8278267433514143 0.8649460722640767 0.8487269423482373 0.8099950451412418 0.8945467065056001 0.8904535700231788 0.8911926238128942 0.8903401026487229 0.8909422412420459 0.8785078530454643 0.8601223403073542 0.8326750092015689 0.830668071932294 0.8464438424777067 0.8495182743215481 0.8545808034041764 0.8672431668213982 0.872569591796887 0.8632658726697571 0.880940919492452 0.8683801304361836 0.8607537668881236 0.8290143806615494 0.8476574280045994
-9999 -9999 -9999 -9999 -9999 -9999 -9999 -9999 -9999 -9999 -9999 -9999 -9999 -9999 -9999 -9999 -9999 -9999 -9999 -9999 -9999 0.48632320778315435 0.905662819567174 0.8962106782067712 0.874283144018557 0.8792080437607837 0.8896119324420954 0.8661701452655575 0.835159067747165 0.8484878798272051 0.8501335945966056 0.84168555761163 0.843859443974411 0.8509731455712098 0.855791898232885 0.8327691258774521 0.812841471963492 0.8138596414865126 0.8993685944994899 0.9044001093820446 0.9075042475923395 0.9079198961472753 0.9075275212873004 0.9024357250931185 0.8975115813661128 0.8879778139605641 0.879330619777689 0.8872976187836686 0.8734672521959913 0.8709286343617381 0.8613229561443833 0.8578870936747055
-9999 -9999 -9999 -9999 -9999 -9999 -9999 -9999 -9999 -9999 -9999 -9999 -9999 -9999 -9999 -9999 -9999 -9999 -9999 -9999 -9999 0.48448518437017185 0.8976404093037359 0.9018826362298713 0.8872799793259536 0.8761542752656822 0.8906607793261474 0.8770139966402084 0.872302824770116 0.8521198886645194 0.8528617685889619 0.8518658528092901 0.8494244071046574 0.8378148243645496 0.8542280958354082 0.8458297213491303 0.8480705436425877 0.8562736867804366 0.8459698854359735 0.8585625831584699 0.8715494751128069 0.8825861058276105 0.8834643044394116 0.8593870165442765 0.9079376700664585 0.9071669008484502 0.90718257366931 0.9080816621747836 0.9044310033386574 0.8829580864095846 0.8432056008529764 0.8483895127219665
