OMS_GEOET11/data/Meledrio/1/DEM_1.asc
ncols        310
nrows        397
xllcorner    624202.000000000000
yllcorner    5134798.000000000000
cellsize     30.000000000000
NODATA_value  -9999
[rows 294 to 314 of 397, columns 147 to 195 of 310]
2008.4200439453125 1995.0810546875 1980.60205078125 1966.8330078125 1952.7840576171875 1939.925048828125 1936.237060546875 1922.927978515625 1909.0789794921875 1894.9200439453125 1885.3509521484375 1872.2220458984375 1856.343994140625 1846.9749755859375 1833.85595703125 1818.8070068359375 1804.988037109375 1795.198974609375 1780.9610595703125 1765.261962890625 1750.2230224609375 1741.7939453125 1730.574951171875 1718.0760498046875 1707.2979736328125 1690.3990478515625 1675.2099609375 1664.3310546875 1655.9320068359375 1646.3929443359375 1631.2249755859375 1615.3360595703125 1593.0570068359375 1574.998046875 1551.5889892578125 1538.72998046875 1518.6719970703125 1498.613037109375 1477.7039794921875 1458.385009765625 1441.2459716796875 1424.1070556640625 1407.3380126953125 1392.3299560546875 1374.6510009765625 1355.656982421875 1338.9310302734375 1330.06298828125 1324.751953125
2016.1409912109375 2001.9820556640625 1990.27294921875 1979.7039794921875 1967.9759521484375 1956.636962890625 1946.1280517578125 1932.009033203125 1918.719970703125 1904.4410400390625 1891.593017578125 1875.2740478515625 1861.2650146484375 1847.2659912109375 1836.0970458984375 1825.0179443359375 1807.25 1793.0909423828125 1779.112060546875 1766.4429931640625 1752.9339599609375 1741.175048828125 1730.946044921875 1724.2080078125 1715.7490234375 1706.8499755859375 1696.821044921875 1681.33203125 1660.7230224609375 1644.2449951171875 1632.095947265625 1615.5069580078125 1592.8179931640625 1571.178955078125 1552.43994140625 1538.4820556640625 1525.532958984375 1504.6939697265625 1481.7950439453125 1459.635986328125 1436.927001953125 1417.958984375 1401.719970703125 1383.1910400390625 1365.991943359375 1351.3360595703125 1339.72802734375 1330.5589599609375 1322.8089599609375
2019.1519775390625 2011.802978515625 2006.404052734375 1993.7060546875 1980.626953125 1968.2080078125 1954.3489990234375 1945.4599609375 1928.5810546875 1909.782958984375 1894.9940185546875 1878.4649658203125 1861.8260498046875 1842.7569580078125 1831.3280029296875 1819.530029296875 1807.23095703125 1792.761962890625 1780.623046875 1771.0140380859375 1760.0550537109375 1750.427001953125 1740.8480224609375 1731.76904296875 1722.800048828125 1713.031005859375 1697.072021484375 1679.843017578125 1661.324951171875 1646.43603515625 1633.5469970703125 1617.18798828125 1597.3590087890625 1575.1700439453125 1559.7120361328125 1544.623046875 1527.56396484375 1504.93505859375 1483.0660400390625 1458.487060546875 1434.178955078125 1413.3599853515625 1395.031005859375 1378.1820068359375 1362.6729736328125 1350.719970703125 1339.803955078125 1329.14697265625 1318.071044921875
2025.2430419921875 2017.405029296875 2010.7159423828125 2005.3270263671875 1992.8780517578125 1980.5989990234375 1967.6199951171875 1954.02197265625 1938.123046875 1916.614013671875 1897.0849609375 1878.3160400390625 1861.8070068359375 1845.9580078125 1833.489990234375 1820.8310546875 1809.822021484375 1797.6429443359375 1779.4639892578125 1769.56494140625 1760.0970458984375 1750.7080078125 1740.989013671875 1733.9200439453125 1725.9610595703125 1713.3919677734375 1696.4739990234375 1682.925048828125 1664.8759765625 1648.1669921875 1631.64794921875 1616.5689697265625 1601.4310302734375 1582.9620361328125 1564.2130126953125 1547.2239990234375 1526.0849609375 1503.446044921875 1479.467041015625 1455.3489990234375 1432.4599609375 1412.3809814453125 1394.31201171875 1378.613037109375 1364.7239990234375 1351.529052734375 1338.89697265625 1326.9119873046875 1313.5970458984375
2034.6650390625 2021.5560302734375 2013.4969482421875 2006.22802734375 2001.0989990234375 1986.0999755859375 1973.6719970703125 1960.0830078125 1943.7939453125 1917.7349853515625 1899.9560546875 1882.4969482421875 1865.93896484375 1853.72998046875 1841.3310546875 1831.4119873046875 1820.1829833984375 1808.553955078125 1788.8260498046875 1773.376953125 1761.8680419921875 1747.6590576171875 1738.9300537109375 1730.06103515625 1721.7120361328125 1708.0040283203125 1690.6650390625 1679.5059814453125 1665.616943359375 1645.39794921875 1629.1689453125 1618.02099609375 1602.822021484375 1586.113037109375 1571.2939453125 1548.93505859375 1525.0560302734375 1502.137939453125 1477.6090087890625 1454.8399658203125 1431.6510009765625 1413.8919677734375 1395.343017578125 1380.81396484375 1366.656005859375 1355.2540283203125 1342.843994140625 1328.43505859375 1314.06005859375
2043.8260498046875 2030.5369873046875 2019.22802734375 2006.7989501953125 1997.8909912109375 1988.3919677734375 1980.5830078125 1966.134033203125 1945.125 1921.5460205078125 1900.656982421875 1884.1590576171875 1866.9599609375 1856.0810546875 1845.56201171875 1837.052978515625 1825.60400390625 1813.406005859375 1796.5770263671875 1776.3380126953125 1766.3990478515625 1754.780029296875 1741.3310546875 1730.4229736328125 1718.1939697265625 1704.3349609375 1687.865966796875 1673.9169921875 1659.1180419921875 1642.5589599609375 1633.0909423828125 1621.7020263671875 1600.822998046875 1582.2340087890625 1563.594970703125 1544.885986328125 1524.6080322265625 1499.208984375 1476.6199951171875 1452.1209716796875 1430.4620361328125 1409.9930419921875 1393.31494140625 1381.9959716796875 1367.8370361328125 1355.6290283203125 1343.89501953125 1329.2659912109375 1320.009033203125
2048.297119140625 2037.3480224609375 2025.01904296875 2009.52099609375 2000.4520263671875 1987.54296875 1980.9239501953125 1968.0150146484375 1946.0260009765625 1924.0179443359375 1904.718994140625 1885.1400146484375 1867.291015625 1857.1820068359375 1845.4530029296875 1836.85498046875 1829.3360595703125 1817.487060546875 1803.1280517578125 1787.948974609375 1774.030029296875 1762.571044921875 1748.1929931640625 1734.4539794921875 1718.64501953125 1701.7860107421875 1682.8570556640625 1673.008056640625 1657.6400146484375 1647.0810546875 1632.1419677734375 1615.4930419921875 1595.06396484375 1574.5350341796875 1551.946044921875 1529.89794921875 1509.3890380859375 1489 1470.6610107421875 1451.52197265625 1432.302978515625 1414.56494140625 1396.0560302734375 1381.9969482421875 1368.0479736328125 1356.1639404296875 1344.4310302734375 1333.7740478515625 1319.2969970703125
2052.60791015625 2041.72998046875 2029.1610107421875 2016.8719482421875 2004.54296875 1991.7139892578125 1978.60498046875 1965.93603515625 1946.238037109375 1924.6190185546875 1906.8900146484375 1885.8310546875 1872.0419921875 1857.29296875 1845.31494140625 1836.0260009765625 1825.2669677734375 1812.22802734375 1804.0989990234375 1795.4200439453125 1778.251953125 1765.2530517578125 1751.654052734375 1738.2650146484375 1723.6259765625 1706.9969482421875 1688.41796875 1674.219970703125 1662.56103515625 1652.9420166015625 1636.6729736328125 1614.6739501953125 1600.344970703125 1581.427001953125 1562.0880126953125 1541.8189697265625 1521.4200439453125 1498.9610595703125 1474.592041015625 1454.4229736328125 1435.2650146484375 1415.865966796875 1398.447021484375 1380.947998046875 1366.47900390625 1351.863037109375 1340.4189453125 1328.926025390625 1318.56396484375
2055.780029296875 2045.3409423828125 2031.4520263671875 2016.5030517578125 2003.64404296875 1990.9649658203125 1976.8470458984375 1961.718017578125 1941.208984375 1923.9599609375 1908.9210205078125 1894.4420166015625 1873.4730224609375 1854.9150390625 1846.2060546875 1836.2969970703125 1824.5179443359375 1812.6590576171875 1805.050048828125 1794.7120361328125 1780.572998046875 1766.0439453125 1750.7550048828125 1734.845947265625 1722.5369873046875 1706.76904296875 1691.699951171875 1675.760986328125 1662.6419677734375 1650.032958984375 1638.323974609375 1620.905029296875 1603.217041015625 1581.0980224609375 1559.5589599609375 1537.8699951171875 1518.56103515625 1498.802001953125 1478.89404296875 1457.655029296875 1436.416015625 1416.5069580078125 1398.93798828125 1384.779052734375 1369.81005859375 1356.0560302734375 1344.0159912109375 1332.5469970703125 1320.031982421875
2052.910888671875 2045.6519775390625 2035.032958984375 2020.384033203125 2010.426025390625 1989.8070068359375 1970.1080322265625 1957.7490234375 1940.9599609375 1926.051025390625 1915.781982421875 1903.0439453125 1881.7650146484375 1858.60595703125 1845.4969482421875 1835.66796875 1826.5389404296875 1815.06103515625 1802.5419921875 1789.6829833984375 1775.2740478515625 1759.4150390625 1746.446044921875 1737.5369873046875 1726.0589599609375 1712.4300537109375 1695.23095703125 1677.1820068359375 1664.363037109375 1653.60400390625 1638.9749755859375 1621.0670166015625 1606.39794921875 1590.2889404296875 1568.760009765625 1549.0909423828125 1526.1519775390625 1502.864013671875 1480.074951171875 1458.7659912109375 1436.89697265625 1418.637939453125 1401.239013671875 1385.6400146484375 1370.281982421875 1358.1710205078125 1343.6319580078125 1333.0870361328125 1321.60205078125
2056.23193359375 2043.7130126953125 2033.073974609375 2021.446044921875 2004.18701171875 1984.91796875 1970.2989501953125 1955.31005859375 1942.8409423828125 1926.343017578125 1914.323974609375 1900.60498046875 1885.68603515625 1865.1070556640625 1849.1180419921875 1836.76904296875 1828.6109619140625 1814.072021484375 1801.3330078125 1785.9439697265625 1771.625 1756.6259765625 1745.45703125 1737.1490478515625 1727.4599609375 1714.990966796875 1696.112060546875 1677.7130126953125 1662.89404296875 1649.4659423828125 1638.386962890625 1625.5980224609375 1605.8790283203125 1591.1800537109375 1576.240966796875 1552.7220458984375 1528.64404296875 1506.2550048828125 1483.446044921875 1462.616943359375 1441.677978515625 1421.448974609375 1403.77099609375 1386.4019775390625 1371.2330322265625 1357.2769775390625 1343.780029296875 1332.4189453125 1315.2769775390625
2055.79296875 2043.425048828125 2030.9759521484375 2014.8370361328125 2001.697998046875 1986.4189453125 1967.9300537109375 1953.801025390625 1936.012939453125 1922.2640380859375 1912.3349609375 1900.4560546875 1887.447021484375 1869.0479736328125 1856.0699462890625 1846.56103515625 1829.7020263671875 1816.79296875 1803.5140380859375 1790.405029296875 1773.8060302734375 1755.97802734375 1744.2989501953125 1735.3199462890625 1729.2010498046875 1715.58203125 1701.4730224609375 1680.333984375 1664.7960205078125 1648.8270263671875 1635.447998046875 1625.009033203125 1612.5400390625 1598.510986328125 1573.9930419921875 1551.7239990234375 1531.625 1511.4959716796875 1491.9969482421875 1469.197998046875 1444.718994140625 1422.571044921875 1405.342041015625 1386.9730224609375 1369.60400390625 1356.260009765625 1342.7030029296875 1331.6259765625 1313.4000244140625
2056.284912109375 2043.7459716796875 2028.3470458984375 2012.8079833984375 2000.2889404296875 1986.25 1967.3919677734375 1953.1529541015625 1934.803955078125 1922.5450439453125 1911.095947265625 1901.0670166015625 1889.43798828125 1875.0699462890625 1858.051025390625 1845.3819580078125 1835.322998046875 1828.303955078125 1814.9749755859375 1800.6259765625 1787.16796875 1770.4990234375 1761.6600341796875 1749.3409423828125 1736.531982421875 1714.52294921875 1705.5050048828125 1687.10595703125 1669.717041015625 1651.137939453125 1634.5989990234375 1623.5799560546875 1612.1309814453125 1601.4029541015625 1579.9439697265625 1556.06494140625 1534.9859619140625 1519.116943359375 1497.238037109375 1474.0689697265625 1450.27099609375 1428.761962890625 1405.9830322265625 1387.1639404296875 1370.7650146484375 1356.0419921875 1341.0439453125 1330.81201171875 1311.9150390625
2053.52587890625 2042.7569580078125 2028.91796875 2013.22900390625 1998.6700439453125 1980.6719970703125 1965.2530517578125 1949.0040283203125 1934.7249755859375 1921.14599609375 1910.136962890625 1899.3089599609375 1887.9300537109375 1876.1510009765625 1864.552001953125 1851.3929443359375 1839.553955078125 1826.094970703125 1816.366943359375 1807.3280029296875 1797.3189697265625 1790.6400146484375 1769.7509765625 1759.83203125 1739.113037109375 1722.625 1714.39599609375 1692.3170166015625 1669.66796875 1648.3389892578125 1629.469970703125 1619.241943359375 1610.363037109375 1598.5340576171875 1589.2049560546875 1561.9759521484375 1542.5970458984375 1523.677978515625 1499.1500244140625 1476.1910400390625 1453.612060546875 1430.1429443359375 1406.1639404296875 1387.7950439453125 1370.635986328125 1355.093017578125 1341.26904296875 1328.4990234375 1310.001953125
2050.14697265625 2038.2679443359375 2025.1190185546875 2011.81103515625 1996.001953125 1974.9129638671875 1957.2740478515625 1941.89501953125 1926.8759765625 1913.7469482421875 1903.0789794921875 1894.25 1883.8909912109375 1871.9119873046875 1859.7230224609375 1847.7939453125 1837.9649658203125 1830.0970458984375 1817.6080322265625 1808.448974609375 1801.0999755859375 1798.281005859375 1776.60205078125 1763.343994140625 1751.2449951171875 1731.7459716796875 1713.1669921875 1691.137939453125 1668.22900390625 1646.489990234375 1630.1419677734375 1612.6829833984375 1605.7840576171875 1596.5350341796875 1587.0260009765625 1569.697021484375 1549.2979736328125 1525.739990234375 1502.4510498046875 1480.8719482421875 1461.6529541015625 1439.0340576171875 1414.7049560546875 1392.45703125 1374.18798828125 1356.0030517578125 1338.926025390625 1324.89404296875 1307.39501953125
2046.447998046875 2032.699951171875 2020.2509765625 2008.302001953125 1995.2430419921875 1973.134033203125 1951.6949462890625 1936.595947265625 1923.0679931640625 1910.6090087890625 1900 1890.9010009765625 1880.1920166015625 1869.9029541015625 1858.053955078125 1846.7459716796875 1838.0770263671875 1831.3380126953125 1823.698974609375 1813.280029296875 1805.3909912109375 1801.8719482421875 1792.654052734375 1762.074951171875 1746.39599609375 1732.1070556640625 1716.468017578125 1691.3590087890625 1665.0799560546875 1645.781982421875 1628.4830322265625 1616.1939697265625 1606.2349853515625 1599.60595703125 1590.656982421875 1573.218994140625 1553.489990234375 1529.5009765625 1505.4820556640625 1485.9229736328125 1463.9239501953125 1444.06494140625 1424.7969970703125 1407.0379638671875 1386.8189697265625 1364.3790283203125 1343.14794921875 1324.1510009765625 1306.8349609375
2038.6400146484375 2028.7110595703125 2013.9320068359375 2006.572998046875 1989.053955078125 1967.3050537109375 1951.0560302734375 1935.8380126953125 1919.489013671875 1903.06005859375 1894.541015625 1887.5419921875 1875.7030029296875 1863.93505859375 1856.7960205078125 1845.987060546875 1836.718017578125 1831.43896484375 1824.5699462890625 1819.6610107421875 1808.623046875 1799.9739990234375 1791.364990234375 1769.5660400390625 1741.70703125 1723.0880126953125 1707.4189453125 1684.6610107421875 1664.6619873046875 1644.7330322265625 1632.7440185546875 1623.5849609375 1611.615966796875 1603.8570556640625 1592.3890380859375 1573.02001953125 1557.81103515625 1533.241943359375 1508.1429443359375 1486.593994140625 1469.2750244140625 1451.406982421875 1432.18798828125 1417.8890380859375 1395.31005859375 1372.699951171875 1346.52099609375 1324.1600341796875 1302.6109619140625
2036.98095703125 2026.83203125 2011.7430419921875 2004.333984375 1984.2950439453125 1965.237060546875 1948.8079833984375 1933.4189453125 1917.1300048828125 1902.06103515625 1891.9620361328125 1882.81298828125 1873.135009765625 1864.115966796875 1856.1070556640625 1846.508056640625 1838.76904296875 1832.1099853515625 1825.3310546875 1819.1829833984375 1814.7340087890625 1797.2950439453125 1779.8160400390625 1760.8570556640625 1740.0679931640625 1717.4189453125 1699.031005859375 1681.4420166015625 1663.1429443359375 1648.6939697265625 1640.2349853515625 1629.0460205078125 1614.137939453125 1606.97900390625 1590.0699462890625 1571.3909912109375 1551.031982421875 1525.02294921875 1505.5140380859375 1483.2860107421875 1468.8370361328125 1453.66796875 1439.1590576171875 1421.0899658203125 1395.6109619140625 1372.2869873046875 1346.4320068359375 1322.928955078125 1301.5489501953125
2035.4720458984375 2026.383056640625 2012.0240478515625 2005.635986328125 1986.9169921875 1967.64794921875 1947.239013671875 1932.1700439453125 1916.5909423828125 1902.1419677734375 1890.654052734375 1881.364990234375 1871.89599609375 1861.5269775390625 1853.91796875 1846.718994140625 1838.3699951171875 1832.6319580078125 1826.802978515625 1819.7340087890625 1806.8349609375 1790.0360107421875 1773.5970458984375 1757.5279541015625 1742.5699462890625 1722.9610595703125 1705.31201171875 1687.6929931640625 1673.4139404296875 1653.9949951171875 1642.4560546875 1632.218017578125 1615.9189453125 1599.22998046875 1581.7110595703125 1564.842041015625 1544.5030517578125 1523.573974609375 1502.176025390625 1486.4169921875 1471.0679931640625 1458.6590576171875 1439 1413.240966796875 1391.1719970703125 1368.072998046875 1343.751953125 1322.77099609375 1303.2550048828125
2032.5030517578125 2025.4639892578125 2016.85595703125 2004.68701171875 1988.93798828125 1969.3389892578125 1948.030029296875 1930.27099609375 1915.751953125 1900.0340576171875 1887.3050537109375 1878.0159912109375 1868.5970458984375 1859.657958984375 1850.509033203125 1843.98095703125 1837.072021484375 1832.10302734375 1826.7939453125 1819.344970703125 1802.5660400390625 1785.197021484375 1772.3990478515625 1759.77001953125 1747.720947265625 1730.612060546875 1715.2530517578125 1699.0439453125 1676.844970703125 1655.717041015625 1638.427978515625 1618.3289794921875 1602.52001953125 1589.791015625 1575.4320068359375 1556.363037109375 1539.385009765625 1522.4959716796875 1506.68701171875 1492.3380126953125 1476.18896484375 1455.510009765625 1432.3310546875 1407.4830322265625 1388.7039794921875 1363.2359619140625 1338.666015625 1320.7159423828125 1301.488037109375
2032.7950439453125 2027.0260009765625 2016.2869873046875 2000.3079833984375 1985.3389892578125 1968.1800537109375 1947.8609619140625 1929.4129638671875 1914.0040283203125 1895.4449462890625 1882.0360107421875 1875.5970458984375 1866.927978515625 1857.428955078125 1850.7010498046875 1844.1719970703125 1837.7130126953125 1831.2939453125 1824.344970703125 1816.7860107421875 1803.447021484375 1785.759033203125 1774.6300048828125 1761.1810302734375 1750.9620361328125 1736.8929443359375 1719.9639892578125 1695.0849609375 1672.5169677734375 1656.1080322265625 1634.8289794921875 1616.3900146484375 1597.9610595703125 1581.7120361328125 1568.2230224609375 1553.18505859375 1535.4659423828125 1520.5169677734375 1506.008056640625 1491.8289794921875 1471.0899658203125 1446.9010009765625 1423.532958984375 1406.7440185546875 1384.094970703125 1362.001953125 1335.8690185546875 1314.2249755859375 1294.8270263671875
