OMS_GEOET11/data/Meledrio/1/DEM_1.asc
ncols        310
nrows        397
xllcorner    624202.000000000000
yllcorner    5134798.000000000000
cellsize     30.000000000000
NODATA_value  -9999
[rows 210 to 230 of 397, columns 147 to 195 of 310]
2313.324951171875 2312.56494140625 2308.91796875 2305.201904296875 2301.47998046875 2297.9951171875 2280.573974609375 2273.448974609375 2263.570068359375 2261.218017578125 2265.239013671875 2269.375 2284.112060546875 2272.43603515625 2268.10791015625 2262.406005859375 2254.85498046875 2244.60888671875 2229.676025390625 2213.52294921875 2195.797119140625 2173.01904296875 2141.162109375 2119.654052734375 2095.818115234375 2075.699951171875 2067.075927734375 2048.573974609375 2027.199951171875 2004.781982421875 2005.2509765625 2006.2640380859375 2003.8299560546875 2003.8399658203125 1986.5489501953125 1962.0169677734375 1937.2569580078125 1923.5689697265625 1913.39794921875 1885.18701171875 1876.93505859375 1886.8709716796875 1888.4100341796875 1851.7669677734375 1827.5369873046875 1798.8179931640625 1787.4990234375 1775.8289794921875 1773.5899658203125
2322.444091796875 2318.781005859375 2317.945068359375 2316.68994140625 2309.444091796875 2310.52294921875 2308.7060546875 2290.071044921875 2284.283935546875 2283.77587890625 2287.60595703125 2299.486083984375 2307.10693359375 2300.885009765625 2293.0400390625 2287.89599609375 2274.66796875 2264.35302734375 2247.219970703125 2227.5458984375 2205.55908203125 2188.48095703125 2154.696044921875 2129.77197265625 2115.946044921875 2084.694091796875 2067.85107421875 2047.5849609375 2021.51904296875 1993.988037109375 1985.6810302734375 1986.0550537109375 1983.366943359375 1985.512939453125 1971.0360107421875 1949.35498046875 1921.7249755859375 1904.344970703125 1899.196044921875 1873.2330322265625 1849.9449462890625 1834.4580078125 1831.083984375 1828.8780517578125 1815.9229736328125 1798.8800048828125 1761.5379638671875 1746.81494140625 1737.9610595703125
2333.537109375 2328.407958984375 2322.68408203125 2322.013916015625 2324.56689453125 2324.95703125 2322.760009765625 2312.426025390625 2306.7548828125 2307.592041015625 2312.968017578125 2325.5419921875 2327.5859375 2326.007080078125 2314.971923828125 2304.7109375 2291.77587890625 2278.174072265625 2253.22705078125 2237.27294921875 2208.742919921875 2187.989013671875 2171.5029296875 2147.35107421875 2120.652099609375 2092.73095703125 2070.115966796875 2047.9969482421875 2006.22998046875 1986.259033203125 1974.541015625 1966.404052734375 1960.864013671875 1956.68701171875 1949.4110107421875 1921.987060546875 1896.385009765625 1878.822021484375 1880.802001953125 1868.904052734375 1834.5570068359375 1814.947998046875 1796.1109619140625 1781.114990234375 1760.3170166015625 1744.781005859375 1736.5689697265625 1728.1390380859375 1713.323974609375
2342.337890625 2338.447998046875 2339.447021484375 2339.7470703125 2340.76806640625 2345.447998046875 2341.676025390625 2333.2109375 2330.486083984375 2330.756103515625 2340.719970703125 2347.72412109375 2346.43505859375 2334.220947265625 2325.537109375 2304.81103515625 2290.464111328125 2278.613037109375 2251.720947265625 2227.7958984375 2206.587890625 2188.553955078125 2174.10009765625 2147.235107421875 2122.011962890625 2096.530029296875 2071.85693359375 2032.0450439453125 2008.4029541015625 1987.4630126953125 1970.133056640625 1951.9959716796875 1940.012939453125 1941.7139892578125 1922.2120361328125 1920.5159912109375 1877.4510498046875 1860.387939453125 1849.4169921875 1845.9949951171875 1816.4300537109375 1800.905029296875 1781.7669677734375 1761.8299560546875 1746.656982421875 1727.9129638671875 1713.8590087890625 1709.45703125 1697.498046875
2362.071044921875 2364.0380859375 2369.18896484375 2365.343994140625 2373.947998046875 2371.7900390625 2365.2109375 2354.447021484375 2355.034912109375 2357.741943359375 2364.01904296875 2361.62109375 2348.14599609375 2326.115966796875 2302.781005859375 2292.445068359375 2270.169921875 2265.27099609375 2242.60205078125 2216.68603515625 2197.15087890625 2177.819091796875 2166.283935546875 2146.5810546875 2121.06591796875 2094.31005859375 2065.02294921875 2038.968994140625 2008.593017578125 1987.2740478515625 1963.2120361328125 1943.1820068359375 1932.4859619140625 1911.2860107421875 1893.64599609375 1895.4969482421875 1861.3349609375 1841.3360595703125 1823.782958984375 1804.365966796875 1793.782958984375 1774.1080322265625 1754.237060546875 1740.8509521484375 1731.89404296875 1715.43798828125 1696.208984375 1690.657958984375 1678.81298828125
2371.5009765625 2367.763916015625 2366.81689453125 2366.657958984375 2368.18798828125 2366.3779296875 2357.239990234375 2357.9990234375 2354.574951171875 2347.56396484375 2340.077880859375 2339.032958984375 2327.680908203125 2313.25390625 2281.633056640625 2271.340087890625 2250.596923828125 2254.758056640625 2239.19091796875 2210.8740234375 2190.695068359375 2168.506103515625 2152.8291015625 2139.804931640625 2122.666015625 2093.197021484375 2070.4951171875 2040.134033203125 2006.1280517578125 1981.9599609375 1961.156982421875 1943.27294921875 1928.4530029296875 1900.7249755859375 1876.41796875 1857.5579833984375 1842.031982421875 1823.5059814453125 1807.303955078125 1788.7130126953125 1769.60205078125 1751.9320068359375 1735.7879638671875 1723.1820068359375 1713.85400390625 1700.2550048828125 1686.6429443359375 1673.9310302734375 1664.6920166015625
2357.076904296875 2354.14501953125 2354.195068359375 2356.839111328125 2360.319091796875 2352.429931640625 2336.52001953125 2336.55810546875 2337.5 2331.408935546875 2315.9140625 2309.89892578125 2306.471923828125 2296.449951171875 2261.4560546875 2252.89697265625 2231.027099609375 2227.507080078125 2229.7451171875 2209.85595703125 2182.431884765625 2158.594970703125 2149.16796875 2131.800048828125 2117.131103515625 2090.60400390625 2071.090087890625 2043.4239501953125 2012.468017578125 1978.927978515625 1960.0560302734375 1944.2979736328125 1922.1309814453125 1907.656005859375 1878.008056640625 1844.4649658203125 1823.071044921875 1807.5340576171875 1790.3179931640625 1774.6529541015625 1756.18701171875 1739.800048828125 1721.52099609375 1704.93505859375 1694.27001953125 1686.8310546875 1673.738037109375 1663.050048828125 1656.47998046875
2343.426025390625 2346.68994140625 2350.205078125 2349.656005859375 2347.241943359375 2337.948974609375 2320.594970703125 2314.595947265625 2316.18408203125 2314.764892578125 2295.281005859375 2284.97998046875 2279.26708984375 2266.075927734375 2243.568115234375 2235.235107421875 2213.39990234375 2206.802001953125 2212.177001953125 2185.39794921875 2178.050048828125 2148.9150390625 2128.716064453125 2109.01806640625 2101.52099609375 2083.01611328125 2064.575927734375 2039.4840087890625 2017.115966796875 1979.9720458984375 1959.8409423828125 1943.5250244140625 1915.8409423828125 1904.5560302734375 1883.3480224609375 1843.4429931640625 1815.114013671875 1792.324951171875 1774.720947265625 1758.844970703125 1742.7320556640625 1726.5970458984375 1711.9560546875 1695.7779541015625 1684.1600341796875 1675.5460205078125 1664.4300537109375 1656.072021484375 1651.35400390625
2331.748046875 2332.7958984375 2333.7509765625 2333.98095703125 2333.864990234375 2323.160888671875 2301.06689453125 2280.260009765625 2285.427001953125 2299.193115234375 2288.347900390625 2264.18994140625 2251.27099609375 2244.297119140625 2234.791015625 2208.553955078125 2191.114013671875 2175.676025390625 2177.958984375 2162.993896484375 2155.31005859375 2133.501953125 2103.801025390625 2090.64501953125 2075.012939453125 2073.467041015625 2061.324951171875 2038.3570556640625 2012.050048828125 1981.2349853515625 1959.824951171875 1936.68994140625 1911.614990234375 1899.217041015625 1878.822998046875 1848.7159423828125 1814.39599609375 1786.0469970703125 1764.3680419921875 1746.4749755859375 1730.7110595703125 1714.833984375 1701.4310302734375 1689.531982421875 1679.8389892578125 1671.093017578125 1661.345947265625 1652.4029541015625 1646.217041015625
2314.3310546875 2314.18310546875 2309.84912109375 2311.136962890625 2311.632080078125 2303.032958984375 2288.824951171875 2266.58203125 2251.22705078125 2280.762939453125 2281.635986328125 2245.47802734375 2234.739013671875 2224.805908203125 2208.547119140625 2194.577880859375 2171.991943359375 2155.530029296875 2146.117919921875 2142.096923828125 2132.64794921875 2107.875 2092.19189453125 2069.722900390625 2053.756103515625 2042.8480224609375 2030.280029296875 2016.8330078125 2004.43603515625 1979.718994140625 1957.4410400390625 1924.133056640625 1908.635009765625 1887.010009765625 1876.02001953125 1839.0030517578125 1810.4229736328125 1780.3780517578125 1755.842041015625 1735.5579833984375 1722.5799560546875 1709.5250244140625 1696.0760498046875 1684.6629638671875 1676.001953125 1668.3189697265625 1659.2769775390625 1649.5780029296875 1640.3900146484375
2293.27099609375 2293.181884765625 2285.3291015625 2286.488037109375 2292.31689453125 2288.35498046875 2265.83203125 2248.077880859375 2225.2958984375 2239.60302734375 2260.112060546875 2235.4560546875 2210.339111328125 2207.386962890625 2198.541015625 2174.89111328125 2150.717041015625 2135.35009765625 2126.428955078125 2113.02587890625 2111.412109375 2081.929931640625 2067.681884765625 2058.919921875 2035.7459716796875 2023.636962890625 2008.864013671875 1996.989990234375 1987.7359619140625 1976.5830078125 1953.2550048828125 1920.177001953125 1905.6839599609375 1863.363037109375 1861.43505859375 1827.510009765625 1800.06201171875 1768.4580078125 1746.6729736328125 1727.365966796875 1713.81201171875 1701.8310546875 1689.885986328125 1680.0340576171875 1670.655029296875 1664.2239990234375 1658.5389404296875 1641.7760009765625 1635.2030029296875
2268.757080078125 2264.408935546875 2260.593017578125 2261.1689453125 2274.72412109375 2257.528076171875 2240.589111328125 2227.0048828125 2207.51806640625 2203.93310546875 2225.597900390625 2211.345947265625 2190.341064453125 2170.114990234375 2175.762939453125 2158.615966796875 2139.468994140625 2120.205078125 2100.094970703125 2087.468017578125 2075.679931640625 2059.8359375 2045.4129638671875 2030.052001953125 2017.4630126953125 2004.489990234375 1987.1190185546875 1974.010986328125 1961.7850341796875 1954.637939453125 1913.0870361328125 1910.363037109375 1901.113037109375 1843.342041015625 1828.3489990234375 1809.52001953125 1779.1080322265625 1754.7869873046875 1734.2459716796875 1719.843017578125 1707.0889892578125 1695.865966796875 1683.7989501953125 1674.0899658203125 1666.3270263671875 1658.6390380859375 1644.0279541015625 1634.7320556640625 1623.18603515625
2243.72509765625 2239.89990234375 2237.72705078125 2238.219970703125 2252.4599609375 2244.924072265625 2227.15087890625 2206.26611328125 2191.43505859375 2173.26611328125 2195.075927734375 2180.617919921875 2162.89208984375 2162.820068359375 2136.491943359375 2140.451904296875 2115.89892578125 2109.29296875 2091.714111328125 2069.512939453125 2050.364990234375 2039.073974609375 2026.6839599609375 2010.927001953125 2000.77001953125 1984.9449462890625 1971.10400390625 1957.4329833984375 1927.85498046875 1912.97802734375 1895.821044921875 1880.906005859375 1864.6820068359375 1842.6240234375 1806.43505859375 1788.407958984375 1763.260986328125 1743.8389892578125 1725.14794921875 1710.0350341796875 1699.9300537109375 1690.3489990234375 1678.5489501953125 1669.406982421875 1661.5350341796875 1649.1419677734375 1638.9189453125 1628.6800537109375 1616.9410400390625
2219.5830078125 2217.60595703125 2212.35205078125 2216.241943359375 2221.532958984375 2219.659912109375 2211.06689453125 2185.757080078125 2177.7890625 2150.846923828125 2147.23388671875 2133.740966796875 2133.0869140625 2142.662109375 2121.032958984375 2106.301025390625 2094.39111328125 2083.1669921875 2064.7119140625 2049.488037109375 2038.5570068359375 2022.39404296875 2006.3289794921875 1994.1109619140625 1983.3349609375 1971.97802734375 1953.22802734375 1936.5550537109375 1908.4649658203125 1895.68603515625 1881.4119873046875 1861.5340576171875 1842.488037109375 1823.47998046875 1790.761962890625 1769.2640380859375 1753.9520263671875 1734.39404296875 1714.824951171875 1702.47705078125 1693.1710205078125 1685.583984375 1674.0369873046875 1667.678955078125 1657 1648.8179931640625 1636.0560302734375 1625.5009765625 1616.9410400390625
2192.680908203125 2192.678955078125 2184.10205078125 2189.06005859375 2194 2182.327880859375 2191.493896484375 2164.22802734375 2152.139892578125 2129.614990234375 2118.8369140625 2110.51611328125 2102.342041015625 2108.12890625 2104.031005859375 2091.486083984375 2073.93505859375 2068.7919921875 2050.073974609375 2032.6839599609375 2019.260986328125 2005.75 1993.6939697265625 1974.8470458984375 1961.0570068359375 1941.949951171875 1923.8680419921875 1906.550048828125 1890.489013671875 1876.4599609375 1865.906005859375 1844.6810302734375 1815.362060546875 1797.8719482421875 1770.303955078125 1752.0179443359375 1735.9429931640625 1720.9549560546875 1703.81201171875 1688.02001953125 1669.8790283203125 1664.3310546875 1666.072998046875 1666.0369873046875 1656.676025390625 1645.2550048828125 1635.1700439453125 1626.137939453125 1607.2669677734375
2173.0048828125 2163.323974609375 2162.367919921875 2159.43603515625 2165.010009765625 2157.962890625 2164.833984375 2148.763916015625 2129.302001953125 2111.986083984375 2098.1240234375 2088.9990234375 2080.863037109375 2072.93701171875 2069.802978515625 2061.43798828125 2054.162109375 2049.262939453125 2035.1510009765625 2020.10205078125 2004.280029296875 1987.81005859375 1976.3590087890625 1965.3819580078125 1947.81103515625 1929.8050537109375 1910.9959716796875 1887.47802734375 1871.8719482421875 1845.7230224609375 1826.094970703125 1826.384033203125 1794.626953125 1772.927978515625 1751.6639404296875 1734.6820068359375 1718.010009765625 1702.6009521484375 1687.1009521484375 1668.8360595703125 1658.9100341796875 1660.031005859375 1664.7020263671875 1660.238037109375 1652.594970703125 1641.52099609375 1629.2230224609375 1624.0439453125 1605.258056640625
2153.970947265625 2147.72802734375 2142.906005859375 2137.4150390625 2134.9130859375 2126.179931640625 2119.7890625 2114.487060546875 2098.592041015625 2098.01806640625 2076.87890625 2070.9609375 2060.507080078125 2053.7509765625 2047.5159912109375 2041.541015625 2034.4940185546875 2029.7330322265625 2019.4739990234375 2004.258056640625 1989.072998046875 1970.3270263671875 1954.3380126953125 1941.2669677734375 1925.22900390625 1915.3380126953125 1894.8399658203125 1873.9189453125 1857.77294921875 1839.030029296875 1818.739013671875 1788.447998046875 1770.135986328125 1749.759033203125 1732.5999755859375 1714.02001953125 1698.8509521484375 1683.9840087890625 1672.27001953125 1657.2220458984375 1651.862060546875 1650.4189453125 1658.6510009765625 1649.2640380859375 1649.1529541015625 1640.0679931640625 1630.572021484375 1612.64697265625 1591.5360107421875
2137.1689453125 2134.34912109375 2125.451904296875 2117.136962890625 2115.470947265625 2102.87109375 2097.08203125 2087.14208984375 2077.674072265625 2065.180908203125 2056.73388671875 2049.98193359375 2041.343994140625 2034.1419677734375 2027.5469970703125 2021.988037109375 2014.8800048828125 2011.4859619140625 2004.4019775390625 1988.5260009765625 1972.06396484375 1957.5699462890625 1939.8699951171875 1923.2440185546875 1910.7469482421875 1897.927001953125 1880.2330322265625 1861.7659912109375 1841.4119873046875 1824.8170166015625 1800.3289794921875 1773.8480224609375 1756.968994140625 1737.3709716796875 1719.35400390625 1701.7540283203125 1684.573974609375 1668.718017578125 1656.885009765625 1645.280029296875 1638.7349853515625 1637.2359619140625 1638.2989501953125 1638.1300048828125 1642.7320556640625 1638.3489990234375 1626.10595703125 1611.208984375 1590.2900390625
2124.0419921875 2124.969970703125 2110.6708984375 2095.44189453125 2091.672119140625 2081.06298828125 2073.743896484375 2064.48193359375 2052 2046.0860595703125 2036.3819580078125 2031.8170166015625 2022.31494140625 2016.06494140625 2008.72705078125 2003.51904296875 1995.197021484375 1993.448974609375 1988.4659423828125 1974.6409912109375 1958.071044921875 1941.5980224609375 1926.0369873046875 1911.428955078125 1892.031005859375 1878.31103515625 1869.6710205078125 1850.1319580078125 1827.8809814453125 1809.3489990234375 1787.39794921875 1767.4639892578125 1748.16796875 1725.616943359375 1710.0989990234375 1694.072021484375 1676.0360107421875 1659.3070068359375 1644.154052734375 1635.7879638671875 1632.425048828125 1630.491943359375 1631.5660400390625 1634.1209716796875 1638.47802734375 1629.2230224609375 1621.751953125 1604.052001953125 1579.0660400390625
2106.702880859375 2096.25 2092.4599609375 2078.47705078125 2067.283935546875 2060.153076171875 2054.110107421875 2044.5350341796875 2035.8489990234375 2025.3709716796875 2018.958984375 2011.9840087890625 2006.5980224609375 1999.012939453125 1992.426025390625 1985.6519775390625 1978.987060546875 1977.0789794921875 1972.3060302734375 1964.2889404296875 1943.884033203125 1927.1240234375 1911.5059814453125 1895.93798828125 1879.875 1863.115966796875 1848.06103515625 1831.5150146484375 1816.4759521484375 1796.300048828125 1776 1759.3790283203125 1741.66796875 1716.780029296875 1699.322998046875 1685.93896484375 1670.5050048828125 1656.10400390625 1641.9010009765625 1633.9840087890625 1628.8990478515625 1625.594970703125 1632.3800048828125 1632.552978515625 1628.31396484375 1620.2349853515625 1613.2230224609375 1601.4610595703125 1579.0660400390625
2089.572998046875 2076.888916015625 2064.572021484375 2063.7890625 2049.68310546875 2040.491943359375 2032.5260009765625 2024.509033203125 2015.802001953125 2007.240966796875 1999.6300048828125 1992.404052734375 1989.303955078125 1982.4840087890625 1976.5389404296875 1969.0360107421875 1962.31103515625 1960.133056640625 1955.14501953125 1949.8179931640625 1937.7159423828125 1916.114013671875 1899.7080078125 1887.1949462890625 1869.1629638671875 1852.93896484375 1835.0589599609375 1819.5880126953125 1802.0030517578125 1786.02294921875 1766.5849609375 1747.4859619140625 1727.81396484375 1709.6300048828125 1692.4000244140625 1676.2750244140625 1663.68994140625 1651.64697265625 1640.3690185546875 1632.550048828125 1626.4940185546875 1621.3570556640625 1618.116943359375 1618.81201171875 1616.885009765625 1614.383056640625 1608.27294921875 1597.76904296875 1576.2139892578125
