OMS_GEOET11/data/Meledrio/1/DEM_1.asc
ncols        310
nrows        397
xllcorner    624202.000000000000
yllcorner    5134798.000000000000
cellsize     30.000000000000
NODATA_value  -9999
[rows 63 to 83 of 397, columns 0 to 48 of 310]
-9999 -9999 -9999 -9999 -9999 3672.8369140625 3662.468017578125 3651.927978515625 3635.989013671875 3616.18896484375 3601.070068359375 3588.610107421875 3577.360107421875 3562.85107421875 3552.361083984375 3547.781982421875 3547.06201171875 3547.153076171875 3550.952880859375 3549.444091796875 3553.493896484375 3553.214111328125 3563.695068359375 3561.044921875 3546.06591796875 3521.5859375 3497.576904296875 3484.556884765625 3478.258056640625 3474.30810546875 3471.59912109375 3469.10888671875 3470.090087890625 3483.679931640625 -9999 -9999 -9999 -9999 -9999 -9999 -9999 -9999 -9999 -9999 -9999 -9999 -9999 -9999 -9999
-9999 -9999 -9999 -9999 3681.27587890625 3667.8369140625 3655.97705078125 3635.798095703125 3626.508056640625 3604.97900390625 3583.138916015625 3571.35009765625 3557.010009765625 3540.90087890625 3532.781005859375 3532.1220703125 3533.08203125 3532.822021484375 3534.462890625 3531.31298828125 3534.674072265625 3535.694091796875 3540.625 3535.18505859375 3521.676025390625 3503.166015625 3485.156982421875 3469.4970703125 3460.998046875 3455.47802734375 3453.4580078125 3451.14892578125 3449.9189453125 3452.159912109375 3461.969970703125 -9999 -9999 -9999 -9999 -9999 -9999 -9999 -9999 -9999 -9999 -9999 -9999 -9999 -9999
-9999 -9999 -9999 3694.43603515625 3676.575927734375 3662.906982421875 3648.677001953125 3634.97802734375 3617.087890625 3596.887939453125 3569.1689453125 3552.62890625 3534.75 3521.409912109375 3519.510986328125 3521.2109375 3522.69189453125 3522.471923828125 3520.363037109375 3516.48291015625 3515.85400390625 3517.964111328125 3526.89501953125 3506.925048828125 3496.715087890625 3481.736083984375 3470.0859375 3454.306884765625 3446.386962890625 3442.117919921875 3437.968017578125 3434.59912109375 3432.1689453125 3430.8798828125 3433.4599609375 3438.10107421875 3438.740966796875 -9999 -9999 -9999 -9999 -9999 -9999 -9999 -9999 -9999 -9999 -9999 -9999
-9999 -9999 -9999 3694.405029296875 3674.93603515625 3657.656005859375 3641.70703125 3627.306884765625 3607.43798828125 3584.077880859375 3558.26904296875 3538.218994140625 3524.27001953125 3517.239990234375 3516.031005859375 3516.2109375 3516.3310546875 3513.902099609375 3509.8720703125 3504.202880859375 3497.923095703125 3491.884033203125 3486.23388671875 3477.47509765625 3474.534912109375 3465.7958984375 3452.845947265625 3440.9970703125 3433.68701171875 3429.177978515625 3425.64794921875 3421.4990234375 3417.7490234375 3414.909912109375 3412.7900390625 3413.56103515625 3415.990966796875 3424.2919921875 3432.862060546875 -9999 -9999 -9999 -9999 -9999 -9999 -9999 -9999 -9999 -9999
-9999 -9999 3712.1650390625 3691.215087890625 3671.485107421875 3653.8759765625 3636.93603515625 3622.7470703125 3607.047119140625 3578.238037109375 3553.697998046875 3533.34912109375 3520.47900390625 3515.14990234375 3514 3512.60107421875 3511.90087890625 3508.60205078125 3502.8720703125 3495.212890625 3486.712890625 3477.404052734375 3467.73388671875 3459.97509765625 3453.455078125 3446.6259765625 3435.7958984375 3427.4169921875 3421.777099609375 3418.22802734375 3414.91796875 3411.4580078125 3407.80908203125 3404.14892578125 3400.8701171875 3398.27001953125 3397.821044921875 3401.791015625 3410.382080078125 3418.681884765625 3428.633056640625 -9999 -9999 -9999 -9999 -9999 -9999 -9999 3367.219970703125
-9999 -9999 3701.97412109375 3685.264892578125 3668.534912109375 3652.345947265625 3634.785888671875 3621.076904296875 3606.677001953125 3583.35791015625 3548.087890625 3527.89892578125 3516.819091796875 3512.169921875 3511.43994140625 3509.970947265625 3507.571044921875 3503.27099609375 3497.402099609375 3489.592041015625 3480.873046875 3470.802978515625 3459.823974609375 3450.404052734375 3442.35498046875 3433.485107421875 3425.845947265625 3418.825927734375 3413.987060546875 3410.007080078125 3406.697998046875 3403.55810546875 3400.0791015625 3396.299072265625 3392.52001953125 3388.530029296875 3385.14111328125 3385.3310546875 3391.281982421875 3396.2919921875 3409.992919921875 3421.02294921875 3429.833984375 -9999 -9999 -9999 -9999 3386.3291015625 3355.18994140625
-9999 3705.532958984375 3692.85400390625 3680.2041015625 3667.14501953125 3651.77490234375 3632.885986328125 3617.49609375 3602.386962890625 3585.737060546875 3544.617919921875 3527.758056640625 3516.198974609375 3510.09912109375 3507.159912109375 3504.739990234375 3502.06103515625 3497.541015625 3491.882080078125 3484.572021484375 3477.443115234375 3467.012939453125 3456.8740234375 3447.263916015625 3438.544921875 3430.02490234375 3421.845947265625 3415.02587890625 3409.527099609375 3405.037109375 3401.597900390625 3398.177978515625 3394.2890625 3389.89892578125 3385.419921875 3380.830078125 3375.910888671875 3372.39111328125 3372.221923828125 3378.2919921875 3391.04296875 3397.572998046875 3400.593994140625 3406.0849609375 3423.14599609375 3416.126953125 3389.677978515625 3379.10888671875 3361.090087890625
3707.972900390625 3696.10302734375 3687.404052734375 3677.77392578125 3666.054931640625 3650.344970703125 3630.31591796875 3612.635986328125 3596.64697265625 3583.7470703125 3560.91796875 3536.258056640625 3523.10888671875 3513.158935546875 3504.719970703125 3499.800048828125 3496.4609375 3491.950927734375 3487.06201171875 3481.991943359375 3473.133056640625 3466.943115234375 3456.263916015625 3446.053955078125 3436.64501953125 3427.2548828125 3418.85595703125 3411.825927734375 3406.467041015625 3402.18701171875 3398.718017578125 3394.85791015625 3390.34912109375 3385.339111328125 3379.699951171875 3373.820068359375 3368.1708984375 3363.260986328125 3360.672119140625 3364.9619140625 3376.77294921875 3379.52294921875 3381.18408203125 3388.4951171875 3404.256103515625 3407.306884765625 3389.9580078125 3351.299072265625 3337.199951171875
3699.02197265625 3689.742919921875 3683.443115234375 3675.2939453125 3663.06396484375 3648.215087890625 3627.955078125 3609.345947265625 3593.486083984375 3583.18701171875 3573.027099609375 3552.91796875 3538.91796875 3517.799072265625 3502.72900390625 3494.7099609375 3490.909912109375 3486.660888671875 3482.10107421875 3477.48193359375 3472.39208984375 3466.943115234375 3457.153076171875 3446.073974609375 3435.134033203125 3424.97509765625 3416.14501953125 3409.24609375 3404.426025390625 3400.76708984375 3397.22705078125 3393.14794921875 3388.407958984375 3382.928955078125 3376.529052734375 3369.590087890625 3362.6201171875 3356.23095703125 3350.741943359375 3348.31201171875 3354.3330078125 3361.072998046875 3360.803955078125 3372.205078125 3382.22607421875 3385.156982421875 3376.847900390625 3345.468994140625 3313.8798828125
3692.882080078125 3684.971923828125 3679.02294921875 3670.14306640625 3658.1640625 3644.68408203125 3627.425048828125 3608.284912109375 3592.3759765625 3581.845947265625 3571.3369140625 3560.886962890625 3548.617919921875 3523.577880859375 3500.948974609375 3491.110107421875 3485.739990234375 3481.9208984375 3477.200927734375 3472.822021484375 3468.19189453125 3462.10302734375 3456.64306640625 3447.013916015625 3435.493896484375 3424.375 3415.455078125 3409.075927734375 3404.325927734375 3400.4970703125 3396.76708984375 3392.7080078125 3387.968017578125 3381.9990234375 3375.009033203125 3367.179931640625 3359.280029296875 3351.48095703125 3344.39111328125 3338.802001953125 3335.02197265625 3334.31298828125 3344.093994140625 3350.68505859375 3353.99609375 3367.31689453125 3363.89794921875 3327.468994140625 3302.5
3689.091064453125 3680.81201171875 3673.23291015625 3663.653076171875 3652.10400390625 3640.4140625 3626.014892578125 3608.14501953125 3591.56591796875 3579.1259765625 3568.156982421875 3557.757080078125 3546.927978515625 3532.278076171875 3507.26904296875 3494.12890625 3484.39990234375 3477.840087890625 3473.15087890625 3468.39111328125 3464.14208984375 3460.2919921875 3455.462890625 3444.202880859375 3437.89404296875 3427.02392578125 3418.534912109375 3411.696044921875 3406.466064453125 3402.217041015625 3398.027099609375 3393.927978515625 3388.718017578125 3382.118896484375 3374.64892578125 3365.989990234375 3357.260009765625 3348.680908203125 3340.450927734375 3332.431884765625 3326.572021484375 3321.943115234375 3319.444091796875 3320.195068359375 3329.14599609375 3341.947021484375 3342.22802734375 3314.958984375 3296.81005859375
-9999 3676.112060546875 3666.431884765625 3656.262939453125 3645.48291015625 3635.654052734375 3623.214111328125 3606.68505859375 3590.534912109375 3576.47607421875 3564.68603515625 3552.257080078125 3540.047119140625 3529.548095703125 3514.008056640625 3499.218994140625 3485.22998046875 3475.860107421875 3469.94091796875 3465.27099609375 3459.552001953125 3456.5419921875 3451.712890625 3445.77294921875 3437.323974609375 3426.303955078125 3419.264892578125 3413.72509765625 3408.5458984375 3403.805908203125 3399.217041015625 3394.287109375 3388.387939453125 3381.01904296875 3372.2890625 3362.1201171875 3352.909912109375 3344.52099609375 3335.90087890625 3327.56201171875 3319.98193359375 3313.89306640625 3309.763916015625 3306.5849609375 3306.72607421875 3312.06689453125 3324.427978515625 3303.4189453125 3285.35009765625
-9999 3671.3310546875 3660.281982421875 3650.001953125 3640.623046875 3632.222900390625 3619.98388671875 3603.72412109375 3588.294921875 3573.72607421875 3560.986083984375 3546.487060546875 3532.386962890625 3523.41796875 3510.447998046875 3497.198974609375 3484.489013671875 3473.72998046875 3467.280029296875 3462.180908203125 3458.010986328125 3454.221923828125 3450.162109375 3442.693115234375 3431.48388671875 3420.013916015625 3408.074951171875 3397.47509765625 3390.926025390625 3387.035888671875 3380.846923828125 3372.866943359375 3370.18798828125 3367.22802734375 3361.529052734375 3353.12890625 3345.139892578125 3337.8310546875 3330.62109375 3323.281982421875 3315.971923828125 3309.552978515625 3304.194091796875 3299.284912109375 3294.756103515625 3290.717041015625 3288.488037109375 3282.87890625 3274.219970703125
-9999 -9999 3654.031005859375 3644.382080078125 3636.992919921875 3628.843017578125 3616.364013671875 3599.73388671875 3584.72509765625 3571.155029296875 3558.0859375 3543.0458984375 3526.947021484375 3514.35693359375 3501.3779296875 3488.367919921875 3476.218994140625 3466.2099609375 3458.169921875 3455.031005859375 3452.4208984375 3451.52197265625 3434.14208984375 3431.77294921875 3426.512939453125 3406.1240234375 3396.013916015625 3389.985107421875 3374.5458984375 3363.555908203125 3357.47705078125 3346.97705078125 3336.97802734375 3326.327880859375 3326.368896484375 3330.958984375 3331.919921875 3328.56005859375 3324.301025390625 3318.83203125 3312.882080078125 3306.923095703125 3301.39404296875 3295.965087890625 3290.10595703125 3284.037109375 3277.748046875 3271.118896484375 3262.888916015625
-9999 -9999 3648.970947265625 3639.23193359375 3632.721923828125 3624.873046875 3612.383056640625 3594.964111328125 3580.654052734375 3567.965087890625 3554.385986328125 3539.52587890625 3521.10693359375 3505.527099609375 3491.548095703125 3477.3779296875 3466.2490234375 3455.3291015625 3446.659912109375 3440.419921875 3440.62109375 3433.501953125 3436.39208984375 3431.552978515625 3407.68310546875 3405.263916015625 3384.333984375 3372.905029296875 3354.02490234375 3343.31591796875 3334.916015625 3323.76708984375 3315.248046875 3309.597900390625 3307.708984375 3311.60888671875 3312.9599609375 3314.360107421875 3315.56103515625 3313.44091796875 3309.69189453125 3304.722900390625 3299.384033203125 3293.945068359375 3287.466064453125 3279.7958984375 3271.97705078125 3264.048095703125 3256.089111328125
-9999 -9999 -9999 3635.381103515625 3628.281982421875 3619.382080078125 3606.873046875 3590.18408203125 3576.9140625 3564.89501953125 3550.695068359375 3533.966064453125 3513.166015625 3497.35693359375 3484.076904296875 3469.048095703125 3456.208984375 3445.18896484375 3434.14990234375 3426.300048828125 3422.5009765625 3424.4609375 3422.56201171875 3403.112060546875 3389.04296875 3377.944091796875 3367.85400390625 3358.56494140625 3345.844970703125 3336.466064453125 3323.5859375 3310.626953125 3306.826904296875 3293.407958984375 3291.22900390625 3295.509033203125 3295.739990234375 3294.27001953125 3301.430908203125 3304.9609375 3303.9619140625 3300.18310546875 3296.073974609375 3291.50390625 3284.965087890625 3276.43603515625 3267.3369140625 3258.258056640625 3249.049072265625
-9999 -9999 -9999 3631.8310546875 3623.302001953125 3613.3720703125 3600.9130859375 3585.73291015625 3573.904052734375 3561.39404296875 3545.675048828125 3526.544921875 3508.216064453125 3491.85693359375 3477.797119140625 3460.89794921875 3445.697998046875 3433.279052734375 3422.208984375 3412.1201171875 3403.31103515625 3395.1708984375 3387.48193359375 3386.5419921875 3356.54296875 3347.27294921875 3342.843994140625 3338.214111328125 3336.455078125 3330.49609375 3314.575927734375 3298.876953125 3286.287109375 3278.718017578125 3272.028076171875 3274.158935546875 3275.260009765625 3279.8701171875 3283.5810546875 3294.5009765625 3294.4619140625 3292.73193359375 3289.972900390625 3285.553955078125 3282.02490234375 3272.805908203125 3263.10693359375 3253.568115234375 3244.208984375
-9999 -9999 -9999 -9999 3617.041015625 3605.7119140625 3594.39208984375 3581.972900390625 3570.14404296875 3555.323974609375 3538.1650390625 3521.574951171875 3502.27587890625 3486.24609375 3470.866943359375 3451.306884765625 3432.97802734375 3420.489013671875 3408.638916015625 3398.169921875 3388 3375.341064453125 3363.81103515625 3350.58203125 3343.5029296875 3334.262939453125 3325.14404296875 3323.02392578125 3321.294921875 3315.074951171875 3296.5859375 3283.60693359375 3272.2470703125 3262.427978515625 3256.577880859375 3258.10888671875 3262.638916015625 3263.429931640625 3263.14111328125 3284.180908203125 3280.112060546875 3291.431884765625 3283.923095703125 3278.85400390625 3275.445068359375 3268.10595703125 3258.987060546875 3250.01806640625 3240.908935546875
-9999 -9999 -9999 -9999 3609.321044921875 3599.2109375 3588.112060546875 3577.39306640625 3564.693115234375 3549.06396484375 3531.81396484375 3516.955078125 3495.256103515625 3480.176025390625 3464.20703125 3442.126953125 3421.93798828125 3407.157958984375 3395.759033203125 3385.080078125 3374.43994140625 3358.7509765625 3347.02099609375 3335.08203125 3326.06201171875 3321.572998046875 3319.27392578125 3317.7939453125 3313.93505859375 3304.875 3288.14599609375 3271.656005859375 3258.626953125 3248.548095703125 3247.60791015625 3245.799072265625 3240.718994140625 3245.81005859375 3249.071044921875 3263.7509765625 3256.672119140625 3272.991943359375 3274.782958984375 3270.864013671875 3281.465087890625 3288.135986328125 3282.406982421875 3262.617919921875 3253.55908203125
-9999 -9999 -9999 -9999 -9999 3591.27099609375 3581.662109375 3571.112060546875 3557.31298828125 3541.992919921875 3525.803955078125 3510.114990234375 3490.074951171875 3472.97607421875 3453.7958984375 3433.366943359375 3412.798095703125 3395.947998046875 3384.319091796875 3373.638916015625 3362.820068359375 3349.949951171875 3336.841064453125 3326.132080078125 3318.23193359375 3314.73291015625 3316.052978515625 3313.424072265625 3308.2451171875 3295.60498046875 3280.31591796875 3261.906005859375 3248.93701171875 3232.427001953125 3230.43798828125 3233.18896484375 3224.30908203125 3223.169921875 3230.56005859375 3241.861083984375 3236.132080078125 3244.632080078125 3248.10302734375 3259.35400390625 3276.014892578125 3297.02587890625 3301.346923828125 3297.998046875 3287.76904296875
-9999 -9999 -9999 -9999 -9999 3583.131103515625 3574.15087890625 3563.592041015625 3550.31298828125 3535.383056640625 3519.593994140625 3504.10400390625 3485.195068359375 3466.865966796875 3444.2958984375 3424.76708984375 3406.217041015625 3388.907958984375 3375.60791015625 3364.958984375 3354.840087890625 3343.0400390625 3331.051025390625 3318.81103515625 3311.672119140625 3309.762939453125 3303.512939453125 3304.52392578125 3294.27392578125 3284.9150390625 3272.166015625 3256.196044921875 3239.136962890625 3224.797119140625 3215.18798828125 3209.529052734375 3207.589111328125 3199.580078125 3201.989990234375 3204.3310546875 3206.572021484375 3220.251953125 3244.972900390625 3255.323974609375 3265.0849609375 3274.31591796875 3289.467041015625 3290.617919921875 3286.279052734375
