OMS_GEOET11/data/Meledrio/1/skyview_1.asc
ncols        310
nrows        397
xllcorner    624202.000000000000
yllcorner    5134798.000000000000
cellsize     30.000000000000
NODATA_value  -9999
[rows 19 to 37 of 397, columns 215 to 257 of 310]
0.89261716604232788086 0.88229101896286010742 0.88750982284545898438 0.87964540719985961914 0.87031984329223632812 0.87431389093399047852 0.85683536529541015625 0.84656029939651489258 0.82904833555221557617 0.86782115697860717773 0.79245078563690185547 0.87633973360061645508 0.84937250614166259766 0.85205787420272827148 0.82282650470733642578 0.8643639683723449707 0.90575116872787475586 0.93057405948638916016 0.93959534168243408203 0.93291330337524414062 0.94601404666900634766 0.94723218679428100586 0.94336622953414916992 0.94637602567672729492 0.94486582279205322266 0.94505035877227783203 0.9455102086067199707 0.94554513692855834961 0.94645678997039794922 0.94660580158233642578 0.94660365581512451172 0.94673311710357666016 0.94638955593109130859 0.94673019647598266602 0.94586807489395141602 0.94626498222351074219 0.94566214084625244141 0.9460811614990234375 0.94480425119400024414 0.94473469257354736328 0.94472503662109375 0.94583261013031005859 0.94505298137664794922
0.89741981029510498047 0.89279264211654663086 0.89826017618179321289 0.90034115314483642578 0.89354592561721801758 0.88393253087997436523 0.8766339421272277832 0.86427444219589233398 0.86749911308288574219 0.88033646345138549805 0.86541497707366943359 0.87410598993301391602 0.88589584827423095703 0.88356196880340576172 0.85303390026092529297 0.82952862977981567383 0.87564551830291748047 0.89433866739273071289 0.92226117849349975586 0.94206410646438598633 0.93970972299575805664 0.9352042078971862793 0.94048619270324707031 0.94854271411895751953 0.94472539424896240234 0.9367764592170715332 0.94322770833969116211 0.9457066655158996582 0.94640010595321655273 0.94675976037979125977 0.94750547409057617188 0.94789922237396240234 0.94789201021194458008 0.94828164577484130859 0.94831478595733642578 0.94802075624465942383 0.94818264245986938477 0.94921261072158813477 0.94738167524337768555 0.9474843144416809082 0.94763290882110595703 0.94909977912902832031 0.94722396135330200195
0.90770244598388671875 0.90234982967376708984 0.90165042877197265625 0.90506064891815185547 0.90410459041595458984 0.90313053131103515625 0.89779460430145263672 0.89371794462203979492 0.89140909910202026367 0.89381837844848632812 0.89470261335372924805 0.89778178930282592773 0.90195012092590332031 0.90182393789291381836 0.89421802759170532227 0.87086021900177001953 0.8798548579216003418 0.82550549507141113281 0.88847994804382324219 0.91921555995941162109 0.93456196784973144531 0.94424146413803100586 0.94479101896286010742 0.93352609872817993164 0.91621094942092895508 0.94057267904281616211 0.94148033857345581055 0.94494950771331787109 0.94659817218780517578 0.9479808807373046875 0.9483826756477355957 0.94958233833312988281 0.94962650537490844727 0.95031237602233886719 0.95012640953063964844 0.95019561052322387695 0.94968557357788085938 0.95111846923828125 0.94941961765289306641 0.94985955953598022461 0.95039057731628417969 0.95078796148300170898 0.95023810863494873047
0.91005468368530273438 0.90273499488830566406 0.90062773227691650391 0.90445595979690551758 0.90509915351867675781 0.90449857711791992188 0.90486919879913330078 0.90125256776809692383 0.90830689668655395508 0.90657174587249755859 0.9063008427619934082 0.90497320890426635742 0.90717852115631103516 0.90707504749298095703 0.90600681304931640625 0.89934980869293212891 0.88723987340927124023 0.87015271186828613281 0.86251789331436157227 0.88039374351501464844 0.88807821273803710938 0.90291577577590942383 0.91556876897811889648 0.92421102523803710938 0.93686014413833618164 0.93019795417785644531 0.93868994712829589844 0.9439347386360168457 0.94606292247772216797 0.94741678237915039062 0.94843554496765136719 0.94998204708099365234 0.95127946138381958008 0.95148766040802001953 0.95109987258911132812 0.95193964242935180664 0.95208507776260375977 0.95132040977478027344 0.95191723108291625977 0.95222121477127075195 0.95212566852569580078 0.9525572657585144043 0.95297265052795410156
0.90913105010986328125 0.90328365564346313477 0.90932422876358032227 0.91081297397613525391 0.91029340028762817383 0.91149735450744628906 0.91280263662338256836 0.91097468137741088867 0.91386514902114868164 0.91182595491409301758 0.91259104013442993164 0.91387993097305297852 0.91393679380416870117 0.91439610719680786133 0.9131653904914855957 0.91063547134399414062 0.90797507762908935547 0.8919506072998046875 0.88941061496734619141 0.89038026332855224609 0.85030245780944824219 0.85951554775238037109 0.86907851696014404297 0.91614699363708496094 0.93228608369827270508 0.92769521474838256836 0.93668341636657714844 0.94267600774765014648 0.94623315334320068359 0.94740575551986694336 0.94907158613204956055 0.94912815093994140625 0.95098787546157836914 0.95227706432342529297 0.95219576358795166016 0.95340430736541748047 0.95301425457000732422 0.95266926288604736328 0.95292651653289794922 0.95336759090423583984 0.95332682132720947266 0.954189300537109375 0.95377635955810546875
0.90898215770721435547 0.91121011972427368164 0.91313213109970092773 0.91351652145385742188 0.91495120525360107422 0.91593325138092041016 0.91540491580963134766 0.91368573904037475586 0.91947388648986816406 0.91844844818115234375 0.91747099161148071289 0.92131191492080688477 0.9109312891960144043 0.91673892736434936523 0.91562652587890625 0.91483134031295776367 0.90955895185470581055 0.9080607295036315918 0.90502870082855224609 0.89603370428085327148 0.88884210586547851562 0.91508132219314575195 0.91241210699081420898 0.90313494205474853516 0.91801106929779052734 0.91861367225646972656 0.9320532679557800293 0.93870937824249267578 0.94315320253372192383 0.9461644291877746582 0.94799989461898803711 0.94913423061370849609 0.95045137405395507812 0.95186156034469604492 0.95408445596694946289 0.95374494791030883789 0.95440173149108886719 0.95432233810424804688 0.95428073406219482422 0.95418524742126464844 0.95503884553909301758 0.95536714792251586914 0.95524454116821289062
0.91140717267990112305 0.91374683380126953125 0.91675913333892822266 0.91800981760025024414 0.91848099231719970703 0.92014092206954956055 0.91942155361175537109 0.91999393701553344727 0.92243856191635131836 0.92281985282897949219 0.92890846729278564453 0.92785227298736572266 0.92513358592987060547 0.91912490129470825195 0.9164028167724609375 0.91437715291976928711 0.91665196418762207031 0.91781586408615112305 0.91635262966156005859 0.91155487298965454102 0.90975260734558105469 0.92689138650894165039 0.93063825368881225586 0.93030786514282226562 0.92674160003662109375 0.92694061994552612305 0.93526947498321533203 0.93981856107711791992 0.94147455692291259766 0.94605648517608642578 0.94791305065155029297 0.94929987192153930664 0.95123541355133056641 0.95219254493713378906 0.95369642972946166992 0.95510691404342651367 0.95539784431457519531 0.9558232426643371582 0.95489484071731567383 0.95530611276626586914 0.95567899942398071289 0.95634788274765014648 0.9558582305908203125
0.91594481468200683594 0.91818416118621826172 0.91955447196960449219 0.91946125030517578125 0.92002022266387939453 0.92161774635314941406 0.92209440469741821289 0.92245203256607055664 0.925373077392578125 0.92907100915908813477 0.93139481544494628906 0.93380707502365112305 0.93369698524475097656 0.93519878387451171875 0.93223780393600463867 0.91628843545913696289 0.91442048549652099609 0.9219925999641418457 0.92259842157363891602 0.92227268218994140625 0.9094092249870300293 0.92305642366409301758 0.93393361568450927734 0.93785881996154785156 0.92831075191497802734 0.93543648719787597656 0.93924188613891601562 0.9413089752197265625 0.94250428676605224609 0.94506120681762695312 0.94667685031890869141 0.94885903596878051758 0.95086342096328735352 0.95208710432052612305 0.95383346080780029297 0.9549338221549987793 0.95589101314544677734 0.95650243759155273438 0.95577269792556762695 0.95620489120483398438 0.9559478759765625 0.95666480064392089844 0.95641738176345825195
0.91916489601135253906 0.92011404037475585938 0.92107313871383666992 0.92343902587890625 0.92325299978256225586 0.92008531093597412109 0.92741107940673828125 0.92701554298400878906 0.93164557218551635742 0.93161714076995849609 0.93298679590225219727 0.93316668272018432617 0.91550773382186889648 0.89703935384750366211 0.92341083288192749023 0.90708363056182861328 0.91081029176712036133 0.92754375934600830078 0.92764621973037719727 0.92801630496978759766 0.92542737722396850586 0.91299867630004882812 0.86814969778060913086 0.93359744548797607422 0.93453514575958251953 0.93275099992752075195 0.94327002763748168945 0.94135224819183349609 0.94181585311889648438 0.94325584173202514648 0.94516468048095703125 0.94811326265335083008 0.95190143585205078125 0.95192033052444458008 0.95334923267364501953 0.95539635419845581055 0.95557558536529541016 0.95659852027893066406 0.95618188381195068359 0.95684254169464111328 0.95750349760055541992 0.95710343122482299805 0.95748078823089599609
0.91910213232040405273 0.92029672861099243164 0.92142426967620849609 0.92329746484756469727 0.92540395259857177734 0.92539548873901367188 0.92503339052200317383 0.93112719058990478516 0.93489342927932739258 0.93160760402679443359 0.92573469877243041992 0.90171355009078979492 0.87963628768920898438 0.88250929117202758789 0.87415492534637451172 0.90085881948471069336 0.92533898353576660156 0.93039709329605102539 0.9314816594123840332 0.93071502447128295898 0.93144363164901733398 0.92958146333694458008 0.91527843475341796875 0.88814842700958251953 0.88906890153884887695 0.93492710590362548828 0.94483208656311035156 0.93787264823913574219 0.94085478782653808594 0.94346594810485839844 0.94003975391387939453 0.94882929325103759766 0.95039975643157958984 0.95103800296783447266 0.95259952545166015625 0.95411962270736694336 0.95604211091995239258 0.95657622814178466797 0.95637428760528564453 0.9572296142578125 0.95740264654159545898 0.95725971460342407227 0.95746082067489624023
0.92234987020492553711 0.92179203033447265625 0.91967463493347167969 0.92495512962341308594 0.92786717414855957031 0.92957991361618041992 0.92952841520309448242 0.9314873814582824707 0.93587541580200195312 0.92737001180648803711 0.89645183086395263672 0.90416675806045532227 0.91444337368011474609 0.9197476506233215332 0.9246845245361328125 0.92830872535705566406 0.93071395158767700195 0.93261665105819702148 0.9321441650390625 0.93220371007919311523 0.93350696563720703125 0.93234086036682128906 0.92945122718811035156 0.91870397329330444336 0.88657212257385253906 0.91805124282836914062 0.93194293975830078125 0.94080746173858642578 0.94341701269149780273 0.94249701499938964844 0.94843780994415283203 0.94302260875701904297 0.94752609729766845703 0.95040488243103027344 0.95276784896850585938 0.95350885391235351562 0.95565718412399291992 0.95634913444519042969 0.95650261640548706055 0.95746004581451416016 0.95785677433013916016 0.95743453502655029297 0.95782881975173950195
0.92006379365921020508 0.92960363626480102539 0.93022328615188598633 0.92880606651306152344 0.92797833681106567383 0.92954409122467041016 0.93188035488128662109 0.93358254432678222656 0.93600195646286010742 0.92717468738555908203 0.89516961574554443359 0.92174857854843139648 0.92222756147384643555 0.92734438180923461914 0.92992043495178222656 0.93009227514266967773 0.93286538124084472656 0.9328587651252746582 0.93435418605804443359 0.93375480175018310547 0.93348026275634765625 0.93319243192672729492 0.93220084905624389648 0.92531251907348632812 0.90864121913909912109 0.88061946630477905273 0.91294306516647338867 0.93646025657653808594 0.95021700859069824219 0.95019829273223876953 0.93744057416915893555 0.94459575414657592773 0.94519716501235961914 0.94907909631729125977 0.95135837793350219727 0.95316982269287109375 0.95462846755981445312 0.95557820796966552734 0.95623958110809326172 0.95713126659393310547 0.95778161287307739258 0.95842182636260986328 0.95824581384658813477
0.91954785585403442383 0.92672544717788696289 0.92894858121871948242 0.92898619174957275391 0.9303385615348815918 0.93370145559310913086 0.93765836954116821289 0.93672603368759155273 0.93618375062942504883 0.92724949121475219727 0.91813254356384277344 0.92856127023696899414 0.92123025655746459961 0.92987209558486938477 0.9310156702995300293 0.93190807104110717773 0.93412196636199951172 0.93434935808181762695 0.93561244010925292969 0.93552029132843017578 0.93478673696517944336 0.93409675359725952148 0.93206191062927246094 0.92898797988891601562 0.92017835378646850586 0.90801262855529785156 0.88470691442489624023 0.88653999567031860352 0.93712836503982543945 0.94966661930084228516 0.94925379753112792969 0.9461612701416015625 0.94481658935546875 0.94823557138442993164 0.95035558938980102539 0.95197826623916625977 0.95356661081314086914 0.95501911640167236328 0.95524770021438598633 0.95712077617645263672 0.9572760462760925293 0.95811831951141357422 0.95788121223449707031
0.92072927951812744141 0.92441564798355102539 0.93339264392852783203 0.92480266094207763672 0.92712569236755371094 0.93642216920852661133 0.93936735391616821289 0.92431145906448364258 0.92849910259246826172 0.93062978982925415039 0.92660480737686157227 0.93243885040283203125 0.92998403310775756836 0.93051284551620483398 0.93288064002990722656 0.93373006582260131836 0.93457376956939697266 0.93589878082275390625 0.93597865104675292969 0.93617278337478637695 0.9355080723762512207 0.93634563684463500977 0.93288874626159667969 0.9333432316780090332 0.92552143335342407227 0.91229391098022460938 0.90838509798049926758 0.91535466909408569336 0.92613607645034790039 0.93701326847076416016 0.93075513839721679688 0.93762826919555664062 0.94331198930740356445 0.94613844156265258789 0.94932526350021362305 0.95116609334945678711 0.95240432024002075195 0.95397162437438964844 0.95475023984909057617 0.95616567134857177734 0.95681619644165039062 0.95775258541107177734 0.95771235227584838867
0.92244935035705566406 0.90922009944915771484 0.93866509199142456055 0.93994289636611938477 0.92524617910385131836 0.93655794858932495117 0.92940056324005126953 0.92940926551818847656 0.93060755729675292969 0.92994403839111328125 0.92569428682327270508 0.92795556783676147461 0.92759698629379272461 0.93051475286483764648 0.93195271492004394531 0.93360000848770141602 0.9351647496223449707 0.93604749441146850586 0.93676894903182983398 0.93670469522476196289 0.93719446659088134766 0.9379603266716003418 0.93717217445373535156 0.93464642763137817383 0.92804306745529174805 0.91925841569900512695 0.92450177669525146484 0.93689954280853271484 0.93362176418304443359 0.93794363737106323242 0.92427241802215576172 0.93807393312454223633 0.94124829769134521484 0.94502836465835571289 0.94860720634460449219 0.95085918903350830078 0.95222949981689453125 0.95365566015243530273 0.9550711512565612793 0.95620715618133544922 0.95669037103652954102 0.95616257190704345703 0.95638716220855712891
0.92094206809997558594 0.90748488903045654297 0.92423903942108154297 0.94199019670486450195 0.9388567805290222168 0.93726772069931030273 0.93040090799331665039 0.92622053623199462891 0.91922903060913085938 0.92013365030288696289 0.92301517724990844727 0.92688679695129394531 0.92065870761871337891 0.93018752336502075195 0.93245905637741088867 0.93346536159515380859 0.93501609563827514648 0.93667721748352050781 0.93703478574752807617 0.93730872869491577148 0.93870335817337036133 0.93746936321258544922 0.93885731697082519531 0.93665593862533569336 0.9319324493408203125 0.88917636871337890625 0.92649662494659423828 0.94362747669219970703 0.94827497005462646484 0.945281982421875 0.94312334060668945312 0.93941962718963623047 0.94170749187469482422 0.94457894563674926758 0.94724994897842407227 0.95048952102661132812 0.95300132036209106445 0.95357990264892578125 0.95454388856887817383 0.95414257049560546875 0.95615267753601074219 0.95687651634216308594 0.95703935623168945312
0.9069932103157043457 0.90148663520812988281 0.92760288715362548828 0.94243758916854858398 0.94308054447174072266 0.93921416997909545898 0.93070864677429199219 0.93383026123046875 0.92830449342727661133 0.92324143648147583008 0.91423666477203369141 0.91816109418869018555 0.91248351335525512695 0.92920994758605957031 0.9320507049560546875 0.93261468410491943359 0.93537086248397827148 0.93668627738952636719 0.93779802322387695312 0.93886268138885498047 0.93877387046813964844 0.93915987014770507812 0.93857598304748535156 0.93775427341461181641 0.93581688404083251953 0.91053497791290283203 0.8942623138427734375 0.88545238971710205078 0.92412233352661132812 0.93774563074111938477 0.93516367673873901367 0.93890565633773803711 0.94187283515930175781 0.94386708736419677734 0.94536966085433959961 0.94797182083129882812 0.9511668086051940918 0.95042437314987182617 0.95370274782180786133 0.9556547999382019043 0.9563319087028503418 0.95703399181365966797 0.95750868320465087891
0.90378832817077636719 0.91799867153167724609 0.9363219141960144043 0.94221413135528564453 0.9421011805534362793 0.93890810012817382812 0.93480837345123291016 0.93434005975723266602 0.91037380695343017578 0.91358166933059692383 0.90885716676712036133 0.90407764911651611328 0.90975719690322875977 0.92708867788314819336 0.93208062648773193359 0.93411004543304443359 0.93546003103256225586 0.93660950660705566406 0.93734282255172729492 0.93899720907211303711 0.93990403413772583008 0.93931674957275390625 0.94061279296875 0.93929576873779296875 0.93689513206481933594 0.92758780717849731445 0.9223588109016418457 0.90563905239105224609 0.91758269071578979492 0.93050974607467651367 0.93825411796569824219 0.93980044126510620117 0.94172304868698120117 0.9443232417106628418 0.94144326448440551758 0.945064544677734375 0.95009613037109375 0.95187592506408691406 0.95228236913681030273 0.95441478490829467773 0.95619910955429077148 0.95693129301071166992 0.9574998021125793457
0.90911412239074707031 0.93515825271606445312 0.94780552387237548828 0.94630646705627441406 0.94780266284942626953 0.94632446765899658203 0.94327241182327270508 0.92472743988037109375 0.88598382472991943359 0.87409996986389160156 0.88664305210113525391 0.90317130088806152344 0.92388457059860229492 0.92165166139602661133 0.93178945779800415039 0.93441593647003173828 0.93571639060974121094 0.93776088953018188477 0.93787217140197753906 0.93929535150527954102 0.94074511528015136719 0.94096785783767700195 0.94105458259582519531 0.94089508056640625 0.9388370513916015625 0.937526702880859375 0.93744432926177978516 0.93870490789413452148 0.94112533330917358398 0.9420592188835144043 0.94244569540023803711 0.94422292709350585938 0.94235205650329589844 0.94403195381164550781 0.94650310277938842773 0.94744932651519775391 0.94962006807327270508 0.95149302482604980469 0.953052520751953125 0.95425903797149658203 0.95536637306213378906 0.95688706636428833008 0.9576880335807800293
