OMS_GEOET11/data/Meledrio/1/skyview_1.asc
ncols        310
nrows        397
xllcorner    624202.000000000000
yllcorner    5134798.000000000000
cellsize     30.000000000000
NODATA_value  -9999
[rows 38 to 56 of 397, columns 86 to 128 of 310]
-9999 -9999 -9999 -9999 -9999 -9999 -9999 -9999 -9999 -9999 -9999 -9999 -9999 -9999 -9999 -9999 -9999 -9999 -9999 -9999 -9999 -9999 -9999 -9999 -9999 -9999 -9999 -9999 -9999 -9999 -9999 -9999 -9999 -9999 -9999 -9999 0.95274710655212402344 0.95462477207183837891 0.95267957448959350586 0.9541174769401550293 0.95328885316848754883 0.94296610355377197266 0.94526094198226928711
-9999 -9999 -9999 -9999 -9999 -9999 -9999 -9999 -9999 -9999 -9999 -9999 -9999 -9999 -9999 -9999 -9999 -9999 -9999 -9999 -9999 -9999 -9999 -9999 -9999 -9999 -9999 -9999 -9999 -9999 -9999 -9999 -9999 -9999 -9999 0.92243838310241699219 0.94250458478927612305 0.95259201526641845703 0.95333659648895263672 0.95705509185791015625 0.95490574836730957031 0.94869959354400634766 0.93519055843353271484
-9999 -9999 -9999 -9999 -9999 -9999 -9999 -9999 -9999 -9999 -9999 -9999 -9999 -9999 -9999 -9999 -9999 -9999 -9999 -9999 -9999 -9999 -9999 -9999 -9999 -9999 -9999 -9999 -9999 -9999 -9999 -9999 -9999 -9999 -9999 0.92763280868530273438 0.94149267673492431641 0.94454210996627807617 0.9464321136474609375 0.94857382774353027344 0.94703513383865356445 0.94141066074371337891 0.93177562952041625977
-9999 -9999 -9999 -9999 -9999 -9999 -9999 -9999 -9999 -9999 -9999 -9999 -9999 -9999 -9999 -9999 -9999 -9999 -9999 -9999 -9999 -9999 -9999 -9999 -9999 -9999 -9999 -9999 -9999 -9999 -9999 -9999 -9999 -9999 0.89510393142700195312 0.92068845033645629883 0.9400577545166015625 0.94618928432464599609 0.94855850934982299805 0.94680362939834594727 0.93514668941497802734 0.93021297454833984375 0.92672264575958251953
-9999 -9999 -9999 -9999 -9999 -9999 -9999 -9999 -9999 -9999 -9999 -9999 -9999 -9999 -9999 -9999 -9999 -9999 -9999 -9999 -9999 -9999 -9999 -9999 -9999 -9999 -9999 -9999 -9999 -9999 -9999 -9999 -9999 0.92492008209228515625 0.8967596888542175293 0.92680877447128295898 0.94171959161758422852 0.94751352071762084961 0.9488728642463684082 0.94639450311660766602 0.94423323869705200195 0.9370276331901550293 0.94206011295318603516
-9999 -9999 -9999 -9999 -9999 -9999 -9999 -9999 -9999 -9999 -9999 -9999 -9999 -9999 -9999 -9999 -9999 -9999 -9999 -9999 -9999 -9999 -9999 -9999 -9999 -9999 -9999 -9999 -9999 -9999 -9999 0.96185392141342163086 0.96086633205413818359 0.92478895187377929688 0.88203465938568115234 0.92624884843826293945 0.94134604930877685547 0.94534051418304443359 0.94241708517074584961 0.93685984611511230469 0.93986552953720092773 0.94055229425430297852 0.9402649998664855957
-9999 -9999 -9999 -9999 -9999 -9999 -9999 -9999 -9999 -9999 -9999 -9999 -9999 -9999 -9999 -9999 -9999 -9999 -9999 -9999 -9999 -9999 -9999 -9999 -9999 -9999 0.88411819934844970703 0.8902022242546081543 0.87286031246185302734 0.8778057098388671875 0.89632070064544677734 0.91535669565200805664 0.94914102554321289062 0.93900549411773681641 0.89642828702926635742 0.89683824777603149414 0.92519909143447875977 0.93585669994354248047 0.93310296535491943359 0.92152601480484008789 0.93861734867095947266 0.9457804560661315918 0.94090759754180908203
-9999 -9999 -9999 -9999 -9999 -9999 -9999 -9999 -9999 -9999 -9999 -9999 -9999 -9999 -9999 -9999 -9999 -9999 -9999 -9999 -9999 -9999 -9999 0.86054199934005737305 0.84643822908401489258 0.81603705883026123047 0.8758996129035949707 0.89217799901962280273 0.86267876625061035156 0.8355395197868347168 0.82889956235885620117 0.86093950271606445312 0.90844511985778808594 0.9534371495246887207 0.92615687847137451172 0.91762518882751464844 0.92232900857925415039 0.92615228891372680664 0.91674262285232543945 0.93325310945510864258 0.94083207845687866211 0.93300241231918334961 0.91593980789184570312
-9999 -9999 -9999 -9999 -9999 -9999 -9999 -9999 -9999 -9999 -9999 -9999 -9999 -9999 -9999 -9999 -9999 -9999 -9999 -9999 -9999 0.89470499753952026367 0.86871284246444702148 0.84939950704574584961 0.83443421125411987305 0.77985578775405883789 0.88593244552612304688 0.89082276821136474609 0.85784375667572021484 0.83786058425903320312 0.80899703502655029297 0.82674837112426757812 0.86030405759811401367 0.92774730920791625977 0.94177013635635375977 0.88352233171463012695 0.883617401123046875 0.90729576349258422852 0.90436494350433349609 0.91792494058609008789 0.91276073455810546875 0.91056811809539794922 0.91297906637191772461
-9999 -9999 -9999 -9999 -9999 -9999 0.80457216501235961914 0.81101930141448974609 0.79225748777389526367 0.84398001432418823242 0.79779332876205444336 0.83454942703247070312 0.84475398063659667969 0.80090636014938354492 0.79239565134048461914 0.83906191587448120117 -9999 -9999 -9999 0.87661850452423095703 0.89206641912460327148 0.89087665081024169922 0.84907650947570800781 0.82615625858306884766 0.82992094755172729492 0.76275396347045898438 0.85965526103973388672 0.88362878561019897461 0.85104852914810180664 0.83385199308395385742 0.81161910295486450195 0.81846725940704345703 0.82865881919860839844 0.86420893669128417969 0.94946962594985961914 0.89113563299179077148 0.87876659631729125977 0.89156967401504516602 0.8925908207893371582 0.90680140256881713867 0.88740700483322143555 0.89125704765319824219 0.91088408231735229492
-9999 -9999 -9999 -9999 0.77894443273544311523 0.76261526346206665039 0.79762887954711914062 0.81148350238800048828 0.81510519981384277344 0.82003259658813476562 0.83268678188323974609 0.82896882295608520508 0.83907347917556762695 0.82120370864868164062 0.79533904790878295898 0.84475684165954589844 0.84347683191299438477 0.81652247905731201172 0.82660406827926635742 0.84656691551208496094 0.8682193756103515625 0.87684857845306396484 0.84690016508102416992 0.82030618190765380859 0.82779073715209960938 0.78982967138290405273 0.81122428178787231445 0.91138315200805664062 0.88034880161285400391 0.84644716978073120117 0.85125380754470825195 0.85366576910018920898 0.84693378210067749023 0.83980059623718261719 0.93853509426116943359 0.91376197338104248047 0.88619321584701538086 0.88391691446304321289 0.89397978782653808594 0.90517765283584594727 0.89151650667190551758 0.90922486782073974609 0.91596812009811401367
-9999 -9999 0.78098654747009277344 0.80673187971115112305 0.8115342259407043457 0.79555368423461914062 0.80801093578338623047 0.79834455251693725586 0.77370584011077880859 0.79020899534225463867 0.82301855087280273438 0.79181718826293945312 0.8075001835823059082 0.82388126850128173828 0.76494157314300537109 0.82946366071701049805 0.86089688539505004883 0.81021440029144287109 0.83128494024276733398 0.86248552799224853516 0.86612170934677124023 0.86838299036026000977 0.84976100921630859375 0.80202078819274902344 0.80876290798187255859 0.78194344043731689453 0.80802643299102783203 0.90907782316207885742 0.89722144603729248047 0.88321727514266967773 0.86443871259689331055 0.84706932306289672852 0.83428108692169189453 0.82245135307312011719 0.9352582097053527832 0.91995215415954589844 0.89845788478851318359 0.90760022401809692383 0.9077548980712890625 0.91778975725173950195 0.9170290827751159668 0.92307335138320922852 0.91948688030242919922
-9999 0.79543614387512207031 0.8297278285026550293 0.82704025506973266602 0.82709842920303344727 0.83051532506942749023 0.8193652033805847168 0.8049939274787902832 0.81276601552963256836 0.77354335784912109375 0.77440470457077026367 0.76940190792083740234 0.81902974843978881836 0.81197595596313476562 0.73265403509140014648 0.82904958724975585938 0.87406903505325317383 0.79897904396057128906 0.83015495538711547852 0.85801988840103149414 0.82789885997772216797 0.85948312282562255859 0.85616028308868408203 0.77629804611206054688 0.81004309654235839844 0.78642153739929199219 0.75894725322723388672 0.85426270961761474609 0.8707249760627746582 0.88326305150985717773 0.858966827392578125 0.83582007884979248047 0.80357903242111206055 0.82395720481872558594 0.91921174526214599609 0.92143017053604125977 0.90716391801834106445 0.92428410053253173828 0.92448049783706665039 0.91628527641296386719 0.91318416595458984375 0.92368829250335693359 0.92317122220993041992
0.85512387752532958984 0.82308560609817504883 0.839733123779296875 0.83404529094696044922 0.83591431379318237305 0.82909750938415527344 0.82957047224044799805 0.82098025083541870117 0.82125496864318847656 0.7868149876594543457 0.81562191247940063477 0.81589359045028686523 0.82736122608184814453 0.81259131431579589844 0.76096653938293457031 0.81486970186233520508 0.85221999883651733398 0.79048371315002441406 0.83943277597427368164 0.85125249624252319336 0.77925688028335571289 0.83058702945709228516 0.82965910434722900391 0.85191094875335693359 0.8304640650749206543 0.81341254711151123047 0.79818129539489746094 0.82194018363952636719 0.81034600734710693359 0.86396801471710205078 0.80347281694412231445 0.83525437116622924805 0.81728881597518920898 0.82045280933380126953 0.86371046304702758789 0.91001921892166137695 0.93865102529525756836 0.93955099582672119141 0.92766749858856201172 0.92385923862457275391 0.90221136808395385742 0.92280519008636474609 0.92578685283660888672
0.86397582292556762695 0.83501601219177246094 0.80964320898056030273 0.82791405916213989258 0.83599048852920532227 0.82734262943267822266 0.82058733701705932617 0.83971989154815673828 0.82462584972381591797 0.81985479593276977539 0.82150846719741821289 0.81944441795349121094 0.82637292146682739258 0.82460618019104003906 0.79432696104049682617 0.85352790355682373047 0.82607674598693847656 0.809215545654296875 0.80409371852874755859 0.80539846420288085938 0.71577781438827514648 0.79088544845581054688 0.79627662897109985352 0.84297102689743041992 0.8280633091926574707 0.83406567573547363281 0.80797135829925537109 0.82508230209350585938 0.78691190481185913086 0.80152750015258789062 0.76929372549057006836 0.83523589372634887695 0.82389980554580688477 0.81126075983047485352 0.79370605945587158203 0.85389274358749389648 0.88795179128646850586 0.9511324763298034668 0.91891151666641235352 0.91512149572372436523 0.90331399440765380859 0.91233277320861816406 0.92477333545684814453
0.86664724349975585938 0.83435702323913574219 0.80165350437164306641 0.80687814950942993164 0.82926362752914428711 0.82660382986068725586 0.82451647520065307617 0.8388531804084777832 0.83964383602142333984 0.8302021026611328125 0.82800018787384033203 0.83735072612762451172 0.83397805690765380859 0.84060293436050415039 0.80166995525360107422 0.88284718990325927734 0.84109514951705932617 0.8403555750846862793 0.83493125438690185547 0.79969811439514160156 0.77684241533279418945 0.76793664693832397461 0.77030110359191894531 0.78568094968795776367 0.83072358369827270508 0.8425719141960144043 0.82391178607940673828 0.81716638803482055664 0.80450922250747680664 0.79124665260314941406 0.77769374847412109375 0.79779642820358276367 0.85947579145431518555 0.84069579839706420898 0.77601718902587890625 0.81205403804779052734 0.76165920495986938477 0.883380889892578125 0.94386452436447143555 0.90561395883560180664 0.89958482980728149414 0.92054617404937744141 0.92657750844955444336
0.82828384637832641602 0.78610467910766601562 0.83838427066802978516 0.84847486019134521484 0.85039043426513671875 0.85138374567031860352 0.84778243303298950195 0.8454024195671081543 0.84551793336868286133 0.83323258161544799805 0.83450895547866821289 0.84276115894317626953 0.83374899625778198242 0.84097808599472045898 0.78544414043426513672 0.88441962003707885742 0.83656537532806396484 0.83550268411636352539 0.85149842500686645508 0.83659857511520385742 0.78577834367752075195 0.78194159269332885742 0.77310973405838012695 0.76853430271148681641 0.71294283866882324219 0.83788359165191650391 0.80824989080429077148 0.79620498418807983398 0.80063605308532714844 0.76294064521789550781 0.72716158628463745117 0.80110692977905273438 0.87586748600006103516 0.84007418155670166016 0.78329926729202270508 0.7562618255615234375 0.73467803001403808594 0.77762764692306518555 0.90596222877502441406 0.90491837263107299805 0.91581171751022338867 0.92831498384475708008 0.92800247669219970703
0.82563793659210205078 0.8137900233268737793 0.82650905847549438477 0.81901037693023681641 0.82906776666641235352 0.8473326563835144043 0.8513686060905456543 0.85111880302429199219 0.85335671901702880859 0.84350836277008056641 0.843158721923828125 0.84625554084777832031 0.83074182271957397461 0.81901282072067260742 0.7683658599853515625 0.87362349033355712891 0.83236396312713623047 0.83099925518035888672 0.84815675020217895508 0.84848505258560180664 0.79124283790588378906 0.77767735719680786133 0.77750325202941894531 0.75170838832855224609 0.7244663238525390625 0.8106715083122253418 0.7929299473762512207 0.76337212324142456055 0.79313570261001586914 0.72020113468170166016 0.76146972179412841797 0.79541492462158203125 0.87374210357666015625 0.83160746097564697266 0.78969818353652954102 0.77210247516632080078 0.74494671821594238281 0.80098521709442138672 0.80703556537628173828 0.91649198532104492188 0.93960553407669067383 0.91933768987655639648 0.92553848028182983398
0.847873687744140625 0.81016892194747924805 0.84319221973419189453 0.83900028467178344727 0.84812283515930175781 0.85557323694229125977 0.85947525501251220703 0.85966968536376953125 0.8544438481330871582 0.85192877054214477539 0.85597234964370727539 0.84877616167068481445 0.84334921836853027344 0.83018904924392700195 0.77551293373107910156 0.84085553884506225586 0.85690909624099731445 0.84113806486129760742 0.82965129613876342773 0.78944176435470581055 0.80831587314605712891 0.78554236888885498047 0.78035807609558105469 0.78734791278839111328 0.77793335914611816406 0.76140224933624267578 0.77151548862457275391 0.75670725107192993164 0.73825186491012573242 0.74897783994674682617 0.76735246181488037109 0.81191462278366088867 0.84035444259643554688 0.813625335693359375 0.7841014862060546875 0.78874319791793823242 0.75087940692901611328 0.78000807762145996094 0.75553673505783081055 0.85918694734573364258 0.94964528083801269531 0.9375336766242980957 0.93407100439071655273
