OMS_GEOET11/data/Meledrio/1/skyview_1.asc
ncols        310
nrows        397
xllcorner    624202.000000000000
yllcorner    5134798.000000000000
cellsize     30.000000000000
NODATA_value  -9999
[rows 228 to 246 of 397, columns 129 to 171 of 310]
0.8179111480712890625 0.81432187557220458984 0.81065863370895385742 0.79853409528732299805 0.81578117609024047852 0.83489531278610229492 0.83997273445129394531 0.83953493833541870117 0.8356043696403503418 0.83734941482543945312 0.82694071531295776367 0.82811295986175537109 0.82523125410079956055 0.82198023796081542969 0.8262684941291809082 0.81840544939041137695 0.82467365264892578125 0.82577568292617797852 0.8310101628303527832 0.83911818265914916992 0.81718289852142333984 0.80390518903732299805 0.82331866025924682617 0.79725587368011474609 0.81203603744506835938 0.81444197893142700195 0.78898221254348754883 0.81287294626235961914 0.81970828771591186523 0.82404536008834838867 0.82567983865737915039 0.82705491781234741211 0.8276570439338684082 0.83578723669052124023 0.8283926844596862793 0.84466320276260375977 0.85114771127700805664 0.8304373621940612793 0.82629120349884033203 0.82790416479110717773 0.82484894990921020508 0.83122885227203369141 0.81592094898223876953
0.82081979513168334961 0.8177102208137512207 0.79178762435913085938 0.80338436365127563477 0.80092644691467285156 0.81804376840591430664 0.83070862293243408203 0.83554106950759887695 0.83588683605194091797 0.83447247743606567383 0.82546520233154296875 0.82301288843154907227 0.82969403266906738281 0.82127779722213745117 0.82566881179809570312 0.82020419836044311523 0.82560580968856811523 0.83576071262359619141 0.81887871026992797852 0.79512947797775268555 0.79532611370086669922 0.79930716753005981445 0.80563890933990478516 0.80159831047058105469 0.81451952457427978516 0.81873995065689086914 0.80052572488784790039 0.81083017587661743164 0.82086527347564697266 0.81939929723739624023 0.82982641458511352539 0.82777899503707885742 0.82744562625885009766 0.83599126338958740234 0.83237367868423461914 0.84532988071441650391 0.84692263603210449219 0.84189051389694213867 0.81793391704559326172 0.82233178615570068359 0.82520502805709838867 0.82563078403472900391 0.82065916061401367188
0.80564928054809570312 0.81808274984359741211 0.7996762394905090332 0.80272096395492553711 0.81267476081848144531 0.83275526762008666992 0.82627904415130615234 0.80851024389266967773 0.82153487205505371094 0.83298283815383911133 0.83643603324890136719 0.8320878148078918457 0.80494427680969238281 0.80744266510009765625 0.8240248560905456543 0.81788599491119384766 0.82247257232666015625 0.82745915651321411133 0.80563533306121826172 0.80093801021575927734 0.78167235851287841797 0.81821238994598388672 0.81802707910537719727 0.81491732597351074219 0.81661224365234375 0.82402908802032470703 0.80888855457305908203 0.82141530513763427734 0.82532155513763427734 0.82461142539978027344 0.83425009250640869141 0.83228397369384765625 0.83407759666442871094 0.84053045511245727539 0.83626550436019897461 0.84562003612518310547 0.84658867120742797852 0.84427219629287719727 0.85088545083999633789 0.81857538223266601562 0.82002294063568115234 0.83379232883453369141 0.81995224952697753906
0.79523831605911254883 0.80037939548492431641 0.83084779977798461914 0.83342075347900390625 0.82950264215469360352 0.83533436059951782227 0.84606331586837768555 0.81534206867218017578 0.81899011135101318359 0.83509343862533569336 0.83801698684692382812 0.83329993486404418945 0.82246899604797363281 0.81446564197540283203 0.81488704681396484375 0.80668169260025024414 0.82716041803359985352 0.82461363077163696289 0.8073781132698059082 0.79589533805847167969 0.76990729570388793945 0.78337919712066650391 0.81340825557708740234 0.81250524520874023438 0.81960350275039672852 0.82660841941833496094 0.81433725357055664062 0.82485044002532958984 0.82852637767791748047 0.82273262739181518555 0.83493059873580932617 0.83438134193420410156 0.83617216348648071289 0.84252822399139404297 0.84147232770919799805 0.84484845399856567383 0.84591823816299438477 0.84337007999420166016 0.85767227411270141602 0.84967797994613647461 0.81266230344772338867 0.83532953262329101562 0.83313614130020141602
0.79512041807174682617 0.81646645069122314453 0.81135469675064086914 0.82037717103958129883 0.82063478231430053711 0.83777320384979248047 0.8467197418212890625 0.82007104158401489258 0.80923199653625488281 0.81720650196075439453 0.82471233606338500977 0.83275866508483886719 0.82035696506500244141 0.82333850860595703125 0.82044672966003417969 0.81268328428268432617 0.81808179616928100586 0.82200288772583007812 0.81714731454849243164 0.82120215892791748047 0.80018228292465209961 0.81303483247756958008 0.81857270002365112305 0.82214975357055664062 0.82352930307388305664 0.82094496488571166992 0.81036406755447387695 0.82284057140350341797 0.8235301971435546875 0.82265830039978027344 0.8323771357536315918 0.83066725730895996094 0.82935255765914916992 0.83652228116989135742 0.84930276870727539062 0.85125207901000976562 0.84687334299087524414 0.84834283590316772461 0.84464013576507568359 0.8604895472526550293 0.84191620349884033203 0.80133962631225585938 0.82090842723846435547
0.8230717778205871582 0.79417252540588378906 0.80568045377731323242 0.8042233586311340332 0.81651967763900756836 0.83715027570724487305 0.83232021331787109375 0.78381294012069702148 0.78938651084899902344 0.81521588563919067383 0.82263547182083129883 0.82199358940124511719 0.81249600648880004883 0.81171071529388427734 0.78781425952911376953 0.77518922090530395508 0.80621451139450073242 0.80880820751190185547 0.81174516677856445312 0.81770646572113037109 0.82111066579818725586 0.82524824142456054688 0.82669568061828613281 0.82316225767135620117 0.82148921489715576172 0.81738942861557006836 0.82017618417739868164 0.82471865415573120117 0.82586759328842163086 0.83315014839172363281 0.83841872215270996094 0.83574044704437255859 0.83571571111679077148 0.83128577470779418945 0.84255117177963256836 0.85509902238845825195 0.85677850246429443359 0.85712248086929321289 0.85726070404052734375 0.86183363199234008789 0.856597900390625 0.81746840476989746094 0.79429715871810913086
0.81468039751052856445 0.79200208187103271484 0.80330336093902587891 0.82123529911041259766 0.82682478427886962891 0.82419455051422119141 0.79460066556930541992 0.79473525285720825195 0.79398083686828613281 0.79083615541458129883 0.8110129237174987793 0.82152181863784790039 0.82277756929397583008 0.80058366060256958008 0.79579758644104003906 0.78344696760177612305 0.78436130285263061523 0.78269273042678833008 0.79480391740798950195 0.81745159626007080078 0.82538831233978271484 0.8321240544319152832 0.83457469940185546875 0.83589726686477661133 0.83563417196273803711 0.83318102359771728516 0.82958304882049560547 0.83208179473876953125 0.83126777410507202148 0.83268833160400390625 0.83813244104385375977 0.83700448274612426758 0.84032666683197021484 0.84555065631866455078 0.83096468448638916016 0.83915090560913085938 0.85529428720474243164 0.86351835727691650391 0.86377918720245361328 0.86529976129531860352 0.86095017194747924805 0.84117978811264038086 0.8249492645263671875
0.81187087297439575195 0.79335969686508178711 0.7962653040885925293 0.81364858150482177734 0.81612426042556762695 0.82411301136016845703 0.8008708953857421875 0.78643906116485595703 0.77814573049545288086 0.78615266084671020508 0.80460518598556518555 0.81574153900146484375 0.81379097700119018555 0.78436517715454101562 0.8008950352668762207 0.77057945728302001953 0.7831668853759765625 0.74593645334243774414 0.73478406667709350586 0.76989388465881347656 0.80488753318786621094 0.82860922813415527344 0.83325338363647460938 0.83358043432235717773 0.83576911687850952148 0.83187341690063476562 0.82772940397262573242 0.8332061767578125 0.83647811412811279297 0.83865135908126831055 0.84007227420806884766 0.84481376409530639648 0.8461176753044128418 0.84615385532379150391 0.84304410219192504883 0.84329938888549804688 0.83481878042221069336 0.85048431158065795898 0.86625492572784423828 0.86828815937042236328 0.86869180202484130859 0.8436997532844543457 0.80832856893539428711
0.83265131711959838867 0.82418984174728393555 0.82306045293807983398 0.83207243680953979492 0.8495801091194152832 0.84959471225738525391 0.84316027164459228516 0.82197207212448120117 0.81880438327789306641 0.81143844127655029297 0.79452431201934814453 0.81366598606109619141 0.8111464381217956543 0.81167656183242797852 0.80303668975830078125 0.78396701812744140625 0.81085568666458129883 0.79941797256469726562 0.7781124114990234375 0.78196424245834350586 0.77466768026351928711 0.81315243244171142578 0.82860988378524780273 0.82627290487289428711 0.81380879878997802734 0.83372259140014648438 0.83588838577270507812 0.83773350715637207031 0.8389492034912109375 0.84234613180160522461 0.84496676921844482422 0.84339350461959838867 0.84097075462341308594 0.84782987833023071289 0.84834939241409301758 0.83985412120819091797 0.83184933662414550781 0.82895189523696899414 0.8406454920768737793 0.85451680421829223633 0.87014788389205932617 0.86427551507949829102 0.83361655473709106445
0.81728672981262207031 0.83874559402465820312 0.83672034740447998047 0.85280817747116088867 0.84642422199249267578 0.85060888528823852539 0.84312087297439575195 0.84218639135360717773 0.83318257331848144531 0.82604610919952392578 0.81997352838516235352 0.80714315176010131836 0.80003184080123901367 0.81373542547225952148 0.82892334461212158203 0.83241003751754760742 0.8562901616096496582 0.83174693584442138672 0.81969535350799560547 0.81088578701019287109 0.78442376852035522461 0.81233364343643188477 0.81602025032043457031 0.83342391252517700195 0.79262548685073852539 0.82837635278701782227 0.83674347400665283203 0.83959537744522094727 0.84203952550888061523 0.84514421224594116211 0.84609079360961914062 0.84391266107559204102 0.84423249959945678711 0.84057855606079101562 0.83310806751251220703 0.84529012441635131836 0.83382272720336914062 0.82407373189926147461 0.82222747802734375 0.82369160652160644531 0.83426868915557861328 0.85453784465789794922 0.8372885584831237793
0.79926389455795288086 0.81428492069244384766 0.82410109043121337891 0.82327443361282348633 0.83322095870971679688 0.84070056676864624023 0.84965884685516357422 0.8384532928466796875 0.83002591133117675781 0.82927030324935913086 0.82966852188110351562 0.82001018524169921875 0.81295245885848999023 0.81975317001342773438 0.85981833934783935547 0.86204409599304199219 0.8575649261474609375 0.8344637751579284668 0.80877685546875 0.81289952993392944336 0.79495042562484741211 0.8010705113410949707 0.81022274494171142578 0.81975150108337402344 0.80479133129119873047 0.81006866693496704102 0.82534116506576538086 0.84065186977386474609 0.84258419275283813477 0.84731507301330566406 0.85030531883239746094 0.8460362553596496582 0.84046953916549682617 0.83272343873977661133 0.82423245906829833984 0.84387183189392089844 0.84237039089202880859 0.81927847862243652344 0.82608300447463989258 0.82886373996734619141 0.83118939399719238281 0.83868432044982910156 0.85196906328201293945
0.83340412378311157227 0.79827725887298583984 0.81418567895889282227 0.80924791097640991211 0.8171240687370300293 0.82787281274795532227 0.81585431098937988281 0.81992930173873901367 0.80806154012680053711 0.80439805984497070312 0.8448664546012878418 0.86363506317138671875 0.85592830181121826172 0.84952360391616821289 0.86696797609329223633 0.86128866672515869141 0.8634891510009765625 0.84582006931304931641 0.83402591943740844727 0.85082352161407470703 0.85109144449234008789 0.84060788154602050781 0.84012109041213989258 0.83490705490112304688 0.83957970142364501953 0.8415877223014831543 0.83450073003768920898 0.83218610286712646484 0.83613359928131103516 0.84546262025833129883 0.85085046291351318359 0.85516691207885742188 0.8560110926628112793 0.85286659002304077148 0.81307590007781982422 0.83874583244323730469 0.8478991389274597168 0.84689980745315551758 0.84202075004577636719 0.83237421512603759766 0.83194166421890258789 0.82363164424896240234 0.84654825925827026367
0.8958212733268737793 0.85618013143539428711 0.81679672002792358398 0.80925565958023071289 0.80285459756851196289 0.82608664035797119141 0.85239946842193603516 0.86436384916305541992 0.86828279495239257812 0.87104439735412597656 0.87967848777770996094 0.86606615781784057617 0.82113099098205566406 0.80369341373443603516 0.83730143308639526367 0.86996138095855712891 0.86180657148361206055 0.86035329103469848633 0.85702764987945556641 0.85507959127426147461 0.84798479080200195312 0.8385639190673828125 0.85157608985900878906 0.82970547676086425781 0.83295351266860961914 0.83026909828186035156 0.80503773689270019531 0.81824910640716552734 0.82254922389984130859 0.83573859930038452148 0.84677404165267944336 0.85598492622375488281 0.8612340092658996582 0.86416321992874145508 0.82940131425857543945 0.82087004184722900391 0.82178819179534912109 0.84603065252304077148 0.84992426633834838867 0.84025746583938598633 0.79508155584335327148 0.81235265731811523438 0.83470374345779418945
0.89493888616561889648 0.92315006256103515625 0.87464982271194458008 0.82733362913131713867 0.80469930171966552734 0.83629214763641357422 0.8545786738395690918 0.85334372520446777344 0.85658234357833862305 0.86021584272384643555 0.85277521610260009766 0.79026979207992553711 0.81065762042999267578 0.83686470985412597656 0.84564888477325439453 0.86360925436019897461 0.86483854055404663086 0.83544218540191650391 0.84982311725616455078 0.84828472137451171875 0.84627884626388549805 0.84498429298400878906 0.85707128047943115234 0.85346066951751708984 0.84492284059524536133 0.82808452844619750977 0.80902826786041259766 0.80901801586151123047 0.82143002748489379883 0.83133745193481445312 0.84396445751190185547 0.83711540699005126953 0.85244166851043701172 0.86553275585174560547 0.85042786598205566406 0.82415348291397094727 0.81172549724578857422 0.82545423507690429688 0.83696168661117553711 0.83826369047164916992 0.84994393587112426758 0.83090037107467651367 0.82142031192779541016
0.87202459573745727539 0.892818450927734375 0.91670280694961547852 0.88086265325546264648 0.8445612788200378418 0.82574331760406494141 0.82647585868835449219 0.84212160110473632812 0.84953600168228149414 0.85419327020645141602 0.83507609367370605469 0.82198351621627807617 0.84183079004287719727 0.84938710927963256836 0.85247671604156494141 0.87596791982650756836 0.87310636043548583984 0.83926284313201904297 0.86392444372177124023 0.86359238624572753906 0.84939438104629516602 0.83051538467407226562 0.83752340078353881836 0.84793525934219360352 0.84827810525894165039 0.84310668706893920898 0.82445091009140014648 0.82737648487091064453 0.83302611112594604492 0.83371973037719726562 0.84610348939895629883 0.86123478412628173828 0.85969424247741699219 0.86299479007720947266 0.85505384206771850586 0.83503746986389160156 0.80556488037109375 0.79724562168121337891 0.83014827966690063477 0.83605378866195678711 0.84850859642028808594 0.84280657768249511719 0.77987581491470336914
0.89138489961624145508 0.89374178647994995117 0.92469328641891479492 0.91556775569915771484 0.85660022497177124023 0.84635913372039794922 0.83264821767807006836 0.85209822654724121094 0.85119479894638061523 0.85188400745391845703 0.81266319751739501953 0.83667856454849243164 0.83063262701034545898 0.84280866384506225586 0.8806902766227722168 0.88658785820007324219 0.85258305072784423828 0.85694432258605957031 0.85722380876541137695 0.86976581811904907227 0.8520724177360534668 0.84025079011917114258 0.85154300928115844727 0.85119402408599853516 0.84743821620941162109 0.84815186262130737305 0.83070099353790283203 0.84164720773696899414 0.83772420883178710938 0.85249102115631103516 0.86082303524017333984 0.86050206422805786133 0.86000663042068481445 0.85159564018249511719 0.84686523675918579102 0.84202736616134643555 0.82593667507171630859 0.80062681436538696289 0.82069474458694458008 0.83995676040649414062 0.84576439857482910156 0.84532582759857177734 0.83517789840698242188
0.89268797636032104492 0.88407784700393676758 0.91052532196044921875 0.92784392833709716797 0.87558877468109130859 0.86366790533065795898 0.8483060002326965332 0.85300862789154052734 0.83861553668975830078 0.8351452946662902832 0.84280765056610107422 0.87048584222793579102 0.87229120731353759766 0.86623543500900268555 0.87280178070068359375 0.84221297502517700195 0.85197943449020385742 0.8670126795768737793 0.86714547872543334961 0.85791534185409545898 0.84681564569473266602 0.84254294633865356445 0.84274107217788696289 0.82067495584487915039 0.83800619840621948242 0.84599995613098144531 0.83767056465148925781 0.84191131591796875 0.84489434957504272461 0.84841805696487426758 0.85786485671997070312 0.85906362533569335938 0.85653734207153320312 0.85158252716064453125 0.85685008764266967773 0.85095900297164916992 0.83334481716156005859 0.82894927263259887695 0.82328891754150390625 0.82887738943099975586 0.82817482948303222656 0.83464342355728149414 0.84445691108703613281
0.84971612691879272461 0.86314356327056884766 0.87760400772094726562 0.90813469886779785156 0.89237242937088012695 0.86451041698455810547 0.84123498201370239258 0.83916062116622924805 0.84183388948440551758 0.85610127449035644531 0.8493779301643371582 0.8502349853515625 0.89435935020446777344 0.89017200469970703125 0.86827677488327026367 0.84380328655242919922 0.87343794107437133789 0.87630540132522583008 0.85736155509948730469 0.85971558094024658203 0.86044222116470336914 0.8619772791862487793 0.84129083156585693359 0.81275826692581176758 0.81016004085540771484 0.82013177871704101562 0.81784164905548095703 0.83475345373153686523 0.83644062280654907227 0.84355241060256958008 0.85492038726806640625 0.85634779930114746094 0.85301816463470458984 0.84340399503707885742 0.83893638849258422852 0.85941594839096069336 0.82507646083831787109 0.82813525199890136719 0.82816427946090698242 0.81980860233306884766 0.82518684864044189453 0.84153896570205688477 0.85037064552307128906
0.79385507106781005859 0.81209295988082885742 0.81758713722229003906 0.85842800140380859375 0.8785673975944519043 0.85287863016128540039 0.84071654081344604492 0.82732003927230834961 0.84133815765380859375 0.86986941099166870117 0.88439440727233886719 0.87551724910736083984 0.87815499305725097656 0.8510074615478515625 0.86576503515243530273 0.87707883119583129883 0.86714875698089599609 0.87842863798141479492 0.86946606636047363281 0.87629264593124389648 0.87587797641754150391 0.87860816717147827148 0.86025393009185791016 0.83989894390106201172 0.83155304193496704102 0.83118689060211181641 0.83640474081039428711 0.81323045492172241211 0.83496767282485961914 0.84635841846466064453 0.85517090559005737305 0.84939670562744140625 0.83649021387100219727 0.84496891498565673828 0.84536927938461303711 0.85678046941757202148 0.85117900371551513672 0.82985645532608032227 0.81046849489212036133 0.81742405891418457031 0.84121352434158325195 0.848064422607421875 0.8523896336555480957
