OMS_GEOET11/data/Meledrio/1/skyview_1.asc
ncols        310
nrows        397
xllcorner    624202.000000000000
yllcorner    5134798.000000000000
cellsize     30.000000000000
NODATA_value  -9999
[rows 247 to 265 of 397, columns 129 to 171 of 310]
0.7776877284049987793 0.80639082193374633789 0.79092204570770263672 0.82597506046295166016 0.85727590322494506836 0.81494247913360595703 0.81059736013412475586 0.78989881277084350586 0.82528513669967651367 0.86350417137145996094 0.89519393444061279297 0.88880938291549682617 0.83468014001846313477 0.83369237184524536133 0.84767800569534301758 0.86403393745422363281 0.85653507709503173828 0.87014788389205932617 0.87779980897903442383 0.87459319829940795898 0.89500015974044799805 0.89741045236587524414 0.89867860078811645508 0.89878100156784057617 0.89506244659423828125 0.87822258472442626953 0.84270495176315307617 0.81663990020751953125 0.84233200550079345703 0.85821944475173950195 0.82579910755157470703 0.79935407638549804688 0.81405347585678100586 0.83165121078491210938 0.82449609041213989258 0.82528614997863769531 0.84789305925369262695 0.84165942668914794922 0.82414233684539794922 0.83220654726028442383 0.83423888683319091797 0.84621083736419677734 0.85446131229400634766
0.79410278797149658203 0.79261320829391479492 0.78795289993286132812 0.81579744815826416016 0.82366013526916503906 0.81142753362655639648 0.75982916355133056641 0.81597435474395751953 0.84586727619171142578 0.85483056306838989258 0.89316523075103759766 0.90723490715026855469 0.85453093051910400391 0.85986995697021484375 0.85421842336654663086 0.85741639137268066406 0.8636404871940612793 0.8815587162971496582 0.89299720525741577148 0.88938641548156738281 0.89966547489166259766 0.9027760624885559082 0.90418165922164916992 0.90596526861190795898 0.89803618192672729492 0.88299834728240966797 0.8527234196662902832 0.85300874710083007812 0.86274188756942749023 0.85774767398834228516 0.826015472412109375 0.83866226673126220703 0.85078322887420654297 0.84692090749740600586 0.83349889516830444336 0.84268534183502197266 0.85900127887725830078 0.86086440086364746094 0.85651689767837524414 0.85387575626373291016 0.84973835945129394531 0.85758668184280395508 0.8609167933464050293
0.79427605867385864258 0.76913243532180786133 0.75378930568695068359 0.79298496246337890625 0.78343808650970458984 0.78537338972091674805 0.82720804214477539062 0.85942190885543823242 0.86515468358993530273 0.86713868379592895508 0.88333016633987426758 0.89149796962738037109 0.84959566593170166016 0.86857926845550537109 0.85822904109954833984 0.87086278200149536133 0.86503374576568603516 0.86854261159896850586 0.89060515165328979492 0.89354813098907470703 0.89455270767211914062 0.89418548345565795898 0.90075415372848510742 0.90173304080963134766 0.88807243108749389648 0.88807135820388793945 0.85394942760467529297 0.86938089132308959961 0.86931592226028442383 0.84517025947570800781 0.83291864395141601562 0.85674238204956054688 0.85861319303512573242 0.8401190638542175293 0.82722485065460205078 0.83810216188430786133 0.85831087827682495117 0.85741466283798217773 0.85529816150665283203 0.8615525364875793457 0.85716480016708374023 0.86065566539764404297 0.86061429977416992188
0.82433879375457763672 0.81486374139785766602 0.80807131528854370117 0.77879595756530761719 0.78353428840637207031 0.824459075927734375 0.83742445707321166992 0.855678558349609375 0.87031388282775878906 0.87134259939193725586 0.87108623981475830078 0.88284361362457275391 0.85502982139587402344 0.87343096733093261719 0.87368786334991455078 0.88402485847473144531 0.87729382514953613281 0.87261146306991577148 0.89205777645111083984 0.89275449514389038086 0.8931420445442199707 0.8993682861328125 0.89679294824600219727 0.88813120126724243164 0.88333505392074584961 0.88489031791687011719 0.86203533411026000977 0.86239868402481079102 0.84213554859161376953 0.81861764192581176758 0.8417065739631652832 0.8561573028564453125 0.85755485296249389648 0.8434327244758605957 0.84649121761322021484 0.85307335853576660156 0.85585927963256835938 0.84417825937271118164 0.86078697443008422852 0.86583673954010009766 0.86453711986541748047 0.86192744970321655273 0.85558944940567016602
0.84473919868469238281 0.84289282560348510742 0.83804982900619506836 0.8181292414665222168 0.83652412891387939453 0.84623521566390991211 0.84833657741546630859 0.85691344738006591797 0.87616169452667236328 0.86618882417678833008 0.86113566160202026367 0.8780625462532043457 0.87735539674758911133 0.87783986330032348633 0.87491399049758911133 0.88679558038711547852 0.89239549636840820312 0.88585609197616577148 0.89848649501800537109 0.89938712120056152344 0.89397245645523071289 0.89871621131896972656 0.90023398399353027344 0.89898926019668579102 0.89448940753936767578 0.89195692539215087891 0.87562531232833862305 0.8528308868408203125 0.83849853277206420898 0.83510452508926391602 0.857395172119140625 0.86172342300415039062 0.85160118341445922852 0.85985684394836425781 0.85900211334228515625 0.86191946268081665039 0.84637796878814697266 0.85437250137329101562 0.85883575677871704102 0.86645531654357910156 0.86879843473434448242 0.86513543128967285156 0.8624756932258605957
0.84245628118515014648 0.85205674171447753906 0.8582585453987121582 0.85290092229843139648 0.84137338399887084961 0.85291975736618041992 0.86089742183685302734 0.87060463428497314453 0.87755423784255981445 0.87124484777450561523 0.88117194175720214844 0.88489431142807006836 0.87780559062957763672 0.86197292804718017578 0.87741947174072265625 0.88307625055313110352 0.88966697454452514648 0.89585959911346435547 0.89822214841842651367 0.89173650741577148438 0.89797639846801757812 0.87518715858459472656 0.90044766664505004883 0.89967334270477294922 0.87243539094924926758 0.8891696929931640625 0.85547429323196411133 0.82536560297012329102 0.82606279850006103516 0.8411769866943359375 0.84828841686248779297 0.8456757664680480957 0.84882056713104248047 0.84920364618301391602 0.85131883621215820312 0.84585714340209960938 0.84960836172103881836 0.85752046108245849609 0.8532155156135559082 0.84326153993606567383 0.85344147682189941406 0.85520476102828979492 0.86018335819244384766
0.84138393402099609375 0.85718631744384765625 0.87108784914016723633 0.8694610595703125 0.86566996574401855469 0.8677158355712890625 0.8754431605339050293 0.87936073541641235352 0.87733107805252075195 0.87444311380386352539 0.88362675905227661133 0.88369101285934448242 0.87162202596664428711 0.87606596946716308594 0.88667619228363037109 0.88343638181686401367 0.89314758777618408203 0.8900725245475769043 0.88374382257461547852 0.88480526208877563477 0.89766681194305419922 0.88308119773864746094 0.89601057767868041992 0.89058297872543334961 0.87570196390151977539 0.86331373453140258789 0.82085967063903808594 0.81237697601318359375 0.81987822055816650391 0.83111673593521118164 0.84834903478622436523 0.86094862222671508789 0.86570286750793457031 0.86931759119033813477 0.87447619438171386719 0.86982494592666625977 0.86870366334915161133 0.87127739191055297852 0.86261421442031860352 0.85267686843872070312 0.85368055105209350586 0.85350942611694335938 0.85689771175384521484
0.83985513448715209961 0.84092044830322265625 0.86706191301345825195 0.86928784847259521484 0.86298984289169311523 0.87591904401779174805 0.88237035274505615234 0.8803920745849609375 0.88288933038711547852 0.88516390323638916016 0.88533234596252441406 0.87467586994171142578 0.85672891139984130859 0.84648865461349487305 0.87020218372344970703 0.87148886919021606445 0.89392012357711791992 0.88336068391799926758 0.8758748173713684082 0.86241281032562255859 0.86129963397979736328 0.88554692268371582031 0.87432110309600830078 0.84654480218887329102 0.86466425657272338867 0.82925486564636230469 0.82090550661087036133 0.8202978968620300293 0.83166396617889404297 0.85592955350875854492 0.85625678300857543945 0.86737620830535888672 0.85989391803741455078 0.87291169166564941406 0.87854796648025512695 0.87786680459976196289 0.86746275424957275391 0.86355561017990112305 0.851192474365234375 0.84088438749313354492 0.84904092550277709961 0.85036355257034301758 0.85834294557571411133
0.85755318403244018555 0.86150914430618286133 0.85814630985260009766 0.86165344715118408203 0.87597042322158813477 0.87996494770050048828 0.87406909465789794922 0.87773948907852172852 0.86519181728363037109 0.84990304708480834961 0.86139410734176635742 0.84259235858917236328 0.84499722719192504883 0.83838033676147460938 0.84025013446807861328 0.84973758459091186523 0.88279289007186889648 0.89186918735504150391 0.86619335412979125977 0.86251777410507202148 0.85077106952667236328 0.87508219480514526367 0.88028657436370849609 0.83936583995819091797 0.8613300323486328125 0.85418874025344848633 0.82749968767166137695 0.8292140960693359375 0.84122318029403686523 0.85040628910064697266 0.86538451910018920898 0.87372088432312011719 0.85914289951324462891 0.86641448736190795898 0.8775513768196105957 0.88188689947128295898 0.86584693193435668945 0.84615385532379150391 0.85380345582962036133 0.84540688991546630859 0.84000062942504882812 0.83630234003067016602 0.85743349790573120117
0.86464536190032958984 0.86965668201446533203 0.87107390165328979492 0.87748646736145019531 0.87849038839340209961 0.85421204566955566406 0.8646323084831237793 0.87844079732894897461 0.88208013772964477539 0.85635340213775634766 0.86545407772064208984 0.85901641845703125 0.85400831699371337891 0.85063183307647705078 0.86351549625396728516 0.84028583765029907227 0.86166185140609741211 0.87490564584732055664 0.89415061473846435547 0.87718528509140014648 0.86047148704528808594 0.86139476299285888672 0.89005029201507568359 0.88314974308013916016 0.87348407506942749023 0.86670553684234619141 0.84247857332229614258 0.84692353010177612305 0.85486990213394165039 0.86693948507308959961 0.86764860153198242188 0.87541711330413818359 0.86106663942337036133 0.87051671743392944336 0.87343585491180419922 0.86475044488906860352 0.8459485173225402832 0.83182990550994873047 0.86482971906661987305 0.85885983705520629883 0.84358781576156616211 0.85858643054962158203 0.85992985963821411133
0.86562764644622802734 0.87196689844131469727 0.87520372867584228516 0.87838828563690185547 0.8752377629280090332 0.87381309270858764648 0.87902528047561645508 0.88399213552474975586 0.88576936721801757812 0.87569350004196166992 0.8838093876838684082 0.87552607059478759766 0.86551481485366821289 0.86375164985656738281 0.86290538311004638672 0.85306775569915771484 0.87753355503082275391 0.88709020614624023438 0.8874346613883972168 0.8953647613525390625 0.89546799659729003906 0.85706841945648193359 0.86841672658920288086 0.88099628686904907227 0.87201464176177978516 0.85497987270355224609 0.82815665006637573242 0.83929026126861572266 0.84172832965850830078 0.84069430828094482422 0.86141598224639892578 0.86127209663391113281 0.83559775352478027344 0.85299474000930786133 0.84399068355560302734 0.84851121902465820312 0.83686590194702148438 0.84474444389343261719 0.8656330108642578125 0.86543583869934082031 0.86055207252502441406 0.86174798011779785156 0.86598318815231323242
0.86648082733154296875 0.87315768003463745117 0.87741398811340332031 0.87995779514312744141 0.87712651491165161133 0.87684923410415649414 0.8830776214599609375 0.88804423809051513672 0.88764023780822753906 0.87017333507537841797 0.86002707481384277344 0.8495616912841796875 0.8573131561279296875 0.86953759193420410156 0.87330043315887451172 0.88013452291488647461 0.880733489990234375 0.89137482643127441406 0.88122922182083129883 0.87969076633453369141 0.87737953662872314453 0.88430583477020263672 0.85226076841354370117 0.83655345439910888672 0.83242344856262207031 0.81461328268051147461 0.81157988309860229492 0.81375664472579956055 0.80869078636169433594 0.83973050117492675781 0.86003363132476806641 0.8629620671272277832 0.84266608953475952148 0.84939801692962646484 0.84652304649353027344 0.85811281204223632812 0.85056918859481811523 0.86055266857147216797 0.87350982427597045898 0.87125790119171142578 0.8728427886962890625 0.87124955654144287109 0.87228906154632568359
0.86731576919555664062 0.87497591972351074219 0.87774103879928588867 0.88051724433898925781 0.88219338655471801758 0.88329088687896728516 0.88595998287200927734 0.88996046781539916992 0.88917338848114013672 0.87444132566452026367 0.84826046228408813477 0.85504686832427978516 0.87081611156463623047 0.87416815757751464844 0.87661713361740112305 0.88320189714431762695 0.88730067014694213867 0.8917567133903503418 0.89197957515716552734 0.88964861631393432617 0.89435487985610961914 0.89558696746826171875 0.85966694355010986328 0.8361333012580871582 0.79764425754547119141 0.79204571247100830078 0.79891264438629150391 0.80506271123886108398 0.82578957080841064453 0.85032349824905395508 0.85592895746231079102 0.85933506488800048828 0.84723794460296630859 0.85633361339569091797 0.86383968591690063477 0.86438775062561035156 0.85896074771881103516 0.86878782510757446289 0.87533330917358398438 0.87710726261138916016 0.87855660915374755859 0.87891161441802978516 0.87694245576858520508
0.86685949563980102539 0.87517321109771728516 0.88035488128662109375 0.88244116306304931641 0.88325303792953491211 0.8836994171142578125 0.88355195522308349609 0.88757532835006713867 0.88956207036972045898 0.86272996664047241211 0.84799677133560180664 0.85064017772674560547 0.86734539270401000977 0.87669891119003295898 0.88199257850646972656 0.88614869117736816406 0.89045876264572143555 0.89293408393859863281 0.88619029521942138672 0.88601344823837280273 0.89043462276458740234 0.89700543880462646484 0.85097426176071166992 0.84432977437973022461 0.83855199813842773438 0.82783591747283935547 0.81476998329162597656 0.81844186782836914062 0.8190644383430480957 0.83952653408050537109 0.8373915553092956543 0.83404719829559326172 0.83161360025405883789 0.85839551687240600586 0.86754500865936279297 0.86854320764541625977 0.87237024307250976562 0.87275272607803344727 0.87606269121170043945 0.87356030941009521484 0.87340909242630004883 0.87555974721908569336 0.87677913904190063477
0.86110591888427734375 0.8715928196907043457 0.87871247529983520508 0.88203614950180053711 0.88446336984634399414 0.88768190145492553711 0.88995712995529174805 0.89130842685699462891 0.88980597257614135742 0.85579657554626464844 0.84210377931594848633 0.85444509983062744141 0.87199205160140991211 0.88063752651214599609 0.88641273975372314453 0.88732415437698364258 0.89027863740921020508 0.89670532941818237305 0.89870762825012207031 0.89284038543701171875 0.89134240150451660156 0.89509665966033935547 0.83226025104522705078 0.81559747457504272461 0.81642180681228637695 0.80757462978363037109 0.79066431522369384766 0.81477361917495727539 0.82431638240814208984 0.84272187948226928711 0.83785271644592285156 0.83431506156921386719 0.84141099452972412109 0.8597806096076965332 0.86398971080780029297 0.86619663238525390625 0.87175512313842773438 0.87292611598968505859 0.86315125226974487305 0.83697354793548583984 0.84439188241958618164 0.85135930776596069336 0.856021881103515625
0.86318695545196533203 0.87341284751892089844 0.8820387721061706543 0.88532149791717529297 0.88420480489730834961 0.88806074857711791992 0.89066660404205322266 0.89209282398223876953 0.89042121171951293945 0.87460666894912719727 0.83548271656036376953 0.86530297994613647461 0.86889529228210449219 0.88241899013519287109 0.8863423466682434082 0.88742995262145996094 0.86078292131423950195 0.86063909530639648438 0.86975967884063720703 0.87149208784103393555 0.87238919734954833984 0.87708842754364013672 0.87009519338607788086 0.86585325002670288086 0.85728222131729125977 0.84398823976516723633 0.82464009523391723633 0.79737198352813720703 0.82977086305618286133 0.84249401092529296875 0.844577789306640625 0.8476365208625793457 0.85636615753173828125 0.85754072666168212891 0.85561430454254150391 0.86191719770431518555 0.86013245582580566406 0.85610431432723999023 0.86245924234390258789 0.84983044862747192383 0.85372507572174072266 0.8470624089241027832 0.84648334980010986328
0.86584508419036865234 0.87858593463897705078 0.88491678237915039062 0.88806289434432983398 0.88916695117950439453 0.89094108343124389648 0.87312114238739013672 0.87207055091857910156 0.87023216485977172852 0.86684250831604003906 0.83062666654586791992 0.84964251518249511719 0.86416554450988769531 0.86891478300094604492 0.87501251697540283203 0.87057465314865112305 0.85780036449432373047 0.84876734018325805664 0.84223067760467529297 0.86052000522613525391 0.82472169399261474609 0.82870876789093017578 0.84411317110061645508 0.83697926998138427734 0.85003221035003662109 0.85529971122741699219 0.84465986490249633789 0.80816209316253662109 0.79854637384414672852 0.82761472463607788086 0.8274638056755065918 0.84663808345794677734 0.85588300228118896484 0.85040813684463500977 0.84282267093658447266 0.8376598358154296875 0.84044277667999267578 0.83765953779220581055 0.85147589445114135742 0.8588848114013671875 0.85821807384490966797 0.84852993488311767578 0.83902269601821899414
0.86951196193695068359 0.86772143840789794922 0.87606561183929443359 0.88256305456161499023 0.88305246829986572266 0.88199084997177124023 0.83410179615020751953 0.84552437067031860352 0.85790729522705078125 0.85524123907089233398 0.84277135133743286133 0.84185081720352172852 0.853862762451171875 0.85077041387557983398 0.84232801198959350586 0.80481243133544921875 0.83425742387771606445 0.8612753748893737793 0.85105609893798828125 0.85677045583724975586 0.83596599102020263672 0.84230935573577880859 0.8482666015625 0.84183406829833984375 0.850742340087890625 0.85592901706695556641 0.8471514582633972168 0.83214688301086425781 0.81236517429351806641 0.80864691734313964844 0.83855283260345458984 0.84070378541946411133 0.8427740931510925293 0.8388296961784362793 0.83491760492324829102 0.83069717884063720703 0.84116691350936889648 0.82713437080383300781 0.84250229597091674805 0.84002792835235595703 0.85559201240539550781 0.86608523130416870117 0.85994303226470947266
0.86790478229522705078 0.88180691003799438477 0.88517725467681884766 0.88875800371170043945 0.8832848668098449707 0.88206475973129272461 0.86992663145065307617 0.87879610061645507812 0.87809705734252929688 0.85376965999603271484 0.86209475994110107422 0.85878592729568481445 0.8584677577018737793 0.8635222315788269043 0.85783010721206665039 0.83942508697509765625 0.84179353713989257812 0.85929858684539794922 0.85905605554580688477 0.86313891410827636719 0.85286390781402587891 0.86705237627029418945 0.86108571290969848633 0.87267976999282836914 0.84817916154861450195 0.86542707681655883789 0.87280493974685668945 0.84716451168060302734 0.82549571990966796875 0.83080321550369262695 0.8355305790901184082 0.82999658584594726562 0.83974766731262207031 0.84721398353576660156 0.8422934412956237793 0.85253167152404785156 0.85677504539489746094 0.84668701887130737305 0.84402513504028320312 0.84392124414443969727 0.84869462251663208008 0.85002475976943969727 0.86078155040740966797
